0.003627852530332012666314245308
0.008327435337195269321464152767
0.013054771709540195431809017634
0.017788378781243750770268974293
0.022524364460172155433248519785
0.027261501134299623988477279113
0.031999281030846357665176071805
0.036737456490629920302648514507
0.041475892431826401340888565983
0.046214508945772600490009551777
0.050953255750507235599666699954
0.055692099629755194289959518983
0.060431017760765724788907249376
0.065169993944468970759054116115
0.069909016365014467475624826420
0.074648076200845583927367954402
0.079387166732294053850260695526
0.084126282750295947043817079702
0.088865420154015301035244078776
0.093604575670534012621359920558
0.098343746655487077057422595772
0.103082930948626735889739336471
0.107822126767434495198116906067
0.112561332627578017384628594755
0.117300547282628717105090743189
0.122039769677806761438709770573
0.126778998914086893368136088611
0.131518234220051932759076862567
0.136257474929608796143654103616
0.140996720464187846877379683974
0.145735970318404295387182401100
0.150475224048419065070447686594
0.155214481262420878060481754801
0.159953741612788746806472772732
0.164693004789596197934287147291
0.169432270515193217352845067580
0.174171538539659664923675563841
0.178910808636966733864426259970
0.183650080601718390660437307815
0.188389354246368018186430504102
0.193128629398827939001037634625
0.197867905900403429075851136076
0.202607183603996071630248820838
0.207346462372532180928885736648
0.212085742077577049657932661830
0.216825022598105349169728128800
0.221564303819400093553682040692
0.226303585632058767984631231229
0.231042867931087025912262333804
0.235782150615063301746232582445
0.240521433585360461249180730192
0.245260716745410223271761651631
0.250000000000000000000000000000
0.254739283254589776728238348369
0.259478566414639566506394885437
0.264217849384936753764918648812
0.268957132068913029598888897453
0.273696414367941232015368768771
0.278435696180599934201893574937
0.283174977401894678585847486829
0.287914257922422978097642953799
0.292653537627467874582265494610
0.297392816396003956125326794790
0.302132094099596570924148863924
0.306871370601172088754537981004
0.311610645753632009569145111527
0.316349919398281664850713923443
0.321089191363033266135573740030
0.325828461460340390587475667417
0.330567729484806782647154932420
0.335306995210403802065712852709
0.340046258387211364215829689783
0.344785518737579177450669476457
0.349524775951580934929552313406
0.354264029681595760123968830158
0.359003279535812180878195931655
0.363742525070391231611921512012
0.368481765779948067240923137433
0.373221001085913106631863911389
0.377960230322193280194653652870
0.382699452717371324528272680254
0.387438667372421996493159213060
0.392177873232565532557458709562
0.396917069051373305743624086972
0.401656253344512992331516443301
0.406395424329466015134215695070
0.411134579845984726720331536853
0.415873717249704122345121959370
0.420612833267705932271951496659
0.425351923799154429950419853412
0.430090983634985601913314212652
0.434830006055531070874309307328
0.439568982239234296027774462345
0.444307900370244868160085616182
0.449046744249492757461439396138
0.453785491054227441143353871666
0.458524107568173633353580953553
0.463262543509370128269608812843
0.468000718969153683968187351638
0.472738498865700407236545288470
0.477475635539827858444539288030
0.482211621218756270046412737429
0.486945228290459830589043122018
0.491672564662804734147982799186
0.496372147469668012487176156355
0.000000000000000000000000000000
0.004761904761904762334312479766
0.009523809523809524668624959531
0.014285714285714285268213963320
0.019047619047619049337249919063
0.023809523809523811671562398828
0.028571428571428570536427926640
0.033333333333333339809634310313
0.038095238095238098674499838125
0.042857142857142857539365365938
0.047619047619047623343124797657
0.052380952380952382207990325469
0.057142857142857141072855853281
0.061904761904761899937721381093
0.066666666666666679619268620627
0.071428571428571438484134148439
0.076190476190476197348999676251
0.080952380952380956213865204063
0.085714285714285715078730731875
0.090476190476190487821384067502
0.095238095238095246686249595314
0.100000000000000005551115123126
0.104761904761904764415980650938
0.109523809523809523280846178750
0.114285714285714282145711706562
0.119047619047619054888365042189
0.123809523809523799875442762186
0.128571428571428586495883905627
0.133333333333333359238537241254
0.138095238095238104225614961251
0.142857142857142876968268296878
0.147619047619047621955346016875
0.152380952380952394697999352502
0.157142857142857139685077072500
0.161904761904761912427730408126
0.166666666666666657414808128124
0.171428571428571430157461463750
0.176190476190476175144539183748
0.180952380952380975642768135003
0.185714285714285748385421470630
0.190476190476190493372499190627
0.195238095238095266115152526254
0.200000000000000011102230246252
0.204761904761904783844883581878
0.209523809523809528831961301876
0.214285714285714301574614637502
0.219047619047619046561692357500
0.223809523809523819304345693126
0.228571428571428564291423413124
0.233333333333333364789652364379
0.238095238095238109776730084377
0.242857142857142854763807804375
0.247619047619047599750885524372
0.252380952380952372493538859999
0.257142857142857172991767811254
0.261904761904761917978845531252
0.266666666666666718477074482507
0.271428571428571463464152202505
0.276190476190476208451229922503
0.280952380952381008949458873758
0.285714285714285753936536593756
0.290476190476190498923614313753
0.295238095238095243910692033751
0.300000000000000044408920985006
0.304761904761904789395998705004
0.309523809523809534383076425001
0.314285714285714279370154144999
0.319047619047619079868383096255
0.323809523809523824855460816252
0.328571428571428569842538536250
0.333333333333333314829616256247
0.338095238095238115327845207503
0.342857142857142860314922927500
0.347619047619047605302000647498
0.352380952380952350289078367496
0.357142857142857206298458550009
0.361904761904761951285536270007
0.366666666666666696272613990004
0.371428571428571496770842941260
0.376190476190476241757920661257
0.380952380952380986744998381255
0.385714285714285731732076101252
0.390476190476190532230305052508
0.395238095238095277217382772506
0.400000000000000022204460492503
0.404761904761904767191538212501
0.409523809523809567689767163756
0.414285714285714312676844883754
0.419047619047619057663922603751
0.423809523809523802651000323749
0.428571428571428603149229275004
0.433333333333333348136306995002
0.438095238095238093123384715000
0.442857142857142838110462434997
0.447619047619047638608691386253
0.452380952380952383595769106250
0.457142857142857128582846826248
0.461904761904761984592227008761
0.466666666666666729579304728759
0.471428571428571474566382448756
0.476190476190476219553460168754
0.480952380952380964540537888752
0.485714285714285709527615608749
0.490476190476190454514693328747
0.495238095238095199501771048745
0.500000000000000000000000000000
0.504761904761904744987077719998
0.509523809523809600996457902511
0.514285714285714345983535622508
0.519047619047619090970613342506
0.523809523809523835957691062504
0.528571428571428691967071245017
0.533333333333333436954148965015
0.538095238095238181941226685012
0.542857142857142926928304405010
0.547619047619047671915382125007
0.552380952380952416902459845005
0.557142857142857161889537565003
0.561904761904762017898917747516
0.566666666666666762885995467514
0.571428571428571507873073187511
0.576190476190476252860150907509
0.580952380952380997847228627506
0.585714285714285742834306347504
0.590476190476190487821384067502
0.595238095238095232808461787499
0.600000000000000088817841970013
0.604761904761904833804919690010
0.609523809523809578791997410008
0.614285714285714323779075130005
0.619047619047619068766152850003
0.623809523809523813753230570001
0.628571428571428558740308289998
0.633333333333333414749688472511
0.638095238095238159736766192509
0.642857142857142904723843912507
0.647619047619047649710921632504
0.652380952380952394697999352502
0.657142857142857139685077072500
0.661904761904761884672154792497
0.666666666666666629659232512495
0.671428571428571485668612695008
0.676190476190476230655690415006
0.680952380952380975642768135003
0.685714285714285720629845855001
0.690476190476190465616923574999
0.695238095238095210604001294996
0.699999999999999955591079014994
0.704761904761904700578156734991
0.709523809523809556587536917505
0.714285714285714412596917100018
0.719047619047619157583994820016
0.723809523809523902571072540013
0.728571428571428647558150260011
0.733333333333333392545227980008
0.738095238095238137532305700006
0.742857142857142993541685882519
0.747619047619047738528763602517
0.752380952380952483515841322514
0.757142857142857228502919042512
0.761904761904761973489996762510
0.766666666666666718477074482507
0.771428571428571463464152202505
0.776190476190476208451229922503
0.780952380952381064460610105016
0.785714285714285809447687825013
0.790476190476190554434765545011
0.795238095238095299421843265009
0.800000000000000044408920985006
0.804761904761904789395998705004
0.809523809523809534383076425001
0.814285714285714390392456607515
0.819047619047619135379534327512
0.823809523809523880366612047510
0.828571428571428625353689767508
0.833333333333333370340767487505
0.838095238095238115327845207503
0.842857142857142860314922927500
0.847619047619047605302000647498
0.852380952380952461311380830011
0.857142857142857206298458550009
0.861904761904761951285536270007
0.866666666666666696272613990004
0.871428571428571441259691710002
0.876190476190476186246769429999
0.880952380952380931233847149997
0.885714285714285676220924869995
0.890476190476190532230305052508
0.895238095238095277217382772506
0.900000000000000022204460492503
0.904761904761904767191538212501
0.909523809523809512178615932498
0.914285714285714257165693652496
0.919047619047619113175073835009
0.923809523809523969184454017523
0.928571428571428714171531737520
0.933333333333333459158609457518
0.938095238095238204145687177515
0.942857142857142949132764897513
0.947619047619047694119842617511
0.952380952380952439106920337508
0.957142857142857184093998057506
0.961904761904761929081075777503
0.966666666666666785090455960017
0.971428571428571419055231217499
0.976190476190476275064611400012
0.980952380952380909029386657494
0.985714285714285765038766840007
0.990476190476190399003542097489
0.995238095238095255012922280002
0.000666657371329508669811902966
0.001551277812028279464579005875
0.002435833834531494351827163314
0.003318343984432688218572105043
0.004197934734046312836575065575
0.005073810152360459096998468453
0.005945189375921254223977818754
0.006811298332164139428257509934
0.007671368485093076408642964736
0.008524636970333265492683061382
0.009370347086916442150283934609
0.010207748896834607441053144328
0.011036099859350841090321893034
0.011854665475101475863306532688
0.012662719930224412487329566090
0.013459546736151154974758803462
0.014244439362808425028616987618
0.015016701863873306577179533861
0.015775649493126913530671728836
0.016520609311153535564420380410
0.017250920781734041531407797265
0.017965936357340301504637025687
0.018665022053174017135912521326
0.019347558009220451602505619348
0.020012939039802300766890397199
0.020660575170140863671131015167
0.021289892159440198388109521943
0.021900332010030020002400164003
0.022491353462110227207082502332
0.023062432473659889853312421337
0.023613062685081200736680884233
0.024142755868168275235063902073
0.024651042358999616238568464155
0.025137471474372671126351619364
0.025601611911407994026657064524
0.026043052129971488994897299563
0.026461400717573461960352432243
0.026856286736420886124276918849
0.027227360052316847832676316443
0.027574291645113623017149251382
0.027896773900444073179816228958
0.028194520882474382456051031909
0.028467268587434806093039441066
0.028714775177703710795640290598
0.028936821196237624831404389170
0.029133209761157363021366606404
0.029303766740317628569645336256
0.029448340905704476627713361836
0.029566804067524890542451032616
0.029659051187868774868139354339
0.029725000473843219556124850556
0.029764593450095640225772086751
0.029777795010662366087528241110
0.029764593450095640225772086751
0.029725000473843219556124850556
0.029659051187868774868139354339
0.029566804067524890542451032616
0.029448340905704476627713361836
0.029303766740317628569645336256
0.029133209761157363021366606404
0.028936821196237624831404389170
0.028714775177703710795640290598
0.028467268587434806093039441066
0.028194520882474382456051031909
0.027896773900444073179816228958
0.027574291645113623017149251382
0.027227360052316847832676316443
0.026856286736420886124276918849
0.026461400717573461960352432243
0.026043052129971488994897299563
0.025601611911407994026657064524
0.025137471474372671126351619364
0.024651042358999616238568464155
0.024142755868168275235063902073
0.023613062685081200736680884233
0.023062432473659889853312421337
0.022491353462110227207082502332
0.021900332010030020002400164003
0.021289892159440198388109521943
0.020660575170140863671131015167
0.020012939039802300766890397199
0.019347558009220451602505619348
0.018665022053174017135912521326
0.017965936357340301504637025687
0.017250920781734041531407797265
0.016520609311153535564420380410
0.015775649493126913530671728836
0.015016701863873306577179533861
0.014244439362808425028616987618
0.013459546736151154974758803462
0.012662719930224412487329566090
0.011854665475101475863306532688
0.011036099859350841090321893034
0.010207748896834607441053144328
0.009370347086916442150283934609
0.008524636970333265492683061382
0.007671368485093076408642964736
0.006811298332164139428257509934
0.005945189375921254223977818754
0.005073810152360459096998468453
0.004197934734046312836575065575
0.003318343984432688218572105043
0.002435833834531494351827163314
0.001551277812028279464579005875
0.000666657371329508669811902966
