0.003372146579906340740223624763
0.007740483484617662231219714641
0.012134617772093708731873107354
0.016534580778366721881544876283
0.020936754743447329868422102095
0.025339998583964483402919398713
0.029743840318581408338483029752
0.034148049745705497115544346798
0.038552501306212051679356278555
0.042957120725334453636978793156
0.047361861266828890471014545938
0.051766692057314968311576564020
0.056171591884400011440714450828
0.060576545692553239452760038830
0.064981542500567007758505155834
0.069386574110533200121508912162
0.073791634278343759545393254484
0.078196718164087908320425412967
0.082601821958043775140367870335
0.087006942620131713650444282848
0.091412077694608337430359767950
0.095817225175818768190261209838
0.100222383409315066171707542253
0.104627551017927894472236971524
0.109032726845742472532307942856
0.113437909915113363523708756020
0.117843099393310821176861225013
0.122248294566369722358167848597
0.126653494818388362430638949263
0.131058699614995971538533581224
0.135463908490039336429688887620
0.139869121034779747558829399168
0.144274336889063020672452353210
0.148679555734053364668412200444
0.153084777286216000558027872103
0.157490001292303061219968185469
0.161895227525152229919314095241
0.166300455780145822748394834889
0.170705685872211299081158131230
0.175110917633266888193688259889
0.179516150910035199306236108896
0.183921385562162559290655394761
0.188326621460593229828717198870
0.192731858486156620857698840155
0.197137096528333305434088629227
0.201542335484171802884034718772
0.205947575257331622067269449872
0.210352815757233913007695491615
0.214758056898301658010907999596
0.219163298599276079592357291403
0.223568540782597025007305546751
0.227973783373836280663482511954
0.232379026301174962387818823117
0.236784269494917543052991959485
0.241189512887033913335343981998
0.245594756410724229800379703192
0.250000000000000000000000000000
0.254405243589275797955195912436
0.258810487112966114420231633630
0.263215730505082456947008040515
0.267620973698825093123332408140
0.272026216626163774847668719303
0.276431459217402974992694453249
0.280836701400723920407642708597
0.285241943101698369744667616033
0.289647184242766086992304508385
0.294052424742668405688306165757
0.298457664515828224871540896856
0.302862903471666666810335755144
0.307268141513843406897876775474
0.311673378539406797926858416758
0.316078614437837523976071452125
0.320483849089964800693763891104
0.324889082366733139561887355740
0.329294314127788700918841868770
0.333699544219854149496029549482
0.338104772474847825591837136017
0.342509998707696938780031814531
0.346915222713783999441972127897
0.351320444265946607576012183927
0.355725663110937007083123262419
0.360130878965220280196746216461
0.364536091509960691325886728009
0.368941300385004056217042034405
0.373346505181611720836087897624
0.377751705433630291519619959217
0.382156900606689220456502198431
0.386562090084886678109654667423
0.390967273154257555223267672773
0.395372448982072133283338644105
0.399777616590685003217231496819
0.404182774824181245687526597976
0.408587922305391704203003655493
0.412993057379868300227343524966
0.417398178041956224859632129665
0.421803281835912147190725818291
0.426208365721656323721333592403
0.430613425889466827634066703467
0.435018457499433019997070459794
0.439423454307446836875072904149
0.443828408115600037131542876523
0.448233307942685066382892955517
0.452638138733171102590091550155
0.457042879274665581057490726380
0.461447498693787983015113240981
0.465851950254294489006667845388
0.470256159681418650642115153460
0.474660001416035537413762313008
0.479063245256552694417706561580
0.483465419221633330160159403022
0.487865382227906319023702508275
0.492259516515382355983376783115
0.496627853420093690051118073825
0.000000000000000000000000000000
0.004424778761061946841248726514
0.008849557522123893682497453028
0.013274336283185840523746179542
0.017699115044247787364994906056
0.022123893805309737675690584524
0.026548672566371681047492359085
0.030973451327433631358188037552
0.035398230088495574729989812113
0.039823008849557521571238538627
0.044247787610619475351381169048
0.048672566371681422192629895562
0.053097345132743362094984718169
0.057522123893805308936233444683
0.061946902654867262716376075105
0.066371681415929209557624801619
0.070796460176991149459979624226
0.075221238938053103240122254647
0.079646017699115043142477077254
0.084070796460176996922619707675
0.088495575221238950702762338096
0.092920353982300890605117160703
0.097345132743362844385259791125
0.101769911504424784287614613731
0.106194690265486724189969436338
0.110619469026548677970112066760
0.115044247787610617872466889366
0.119469026548672585530397327602
0.123893805309734525432752150209
0.128318584070796465335106972816
0.132743362831858419115249603237
0.137168141592920372895392233659
0.141592920353982298919959248451
0.146017699115044252700101878872
0.150442477876106206480244509294
0.154867256637168132504811524086
0.159292035398230086284954154507
0.163716814159292040065096784929
0.168141592920353993845239415350
0.172566371681415947625382045771
0.176991150442477901405524676193
0.181415929203539827430091690985
0.185840707964601781210234321406
0.190265486725663734990376951828
0.194690265486725688770519582249
0.199115044247787614795086597042
0.203539823008849568575229227463
0.207964601769911522355371857884
0.212389380530973448379938872677
0.216814159292035429915657118727
0.221238938053097355940224133519
0.225663716814159281964791148312
0.230088495575221235744933778733
0.234513274336283189525076409154
0.238938053097345171060794655205
0.243362831858407124840937285626
0.247787610619469050865504300418
0.252212389380531032401222546468
0.256637168141592930670213945632
0.261061946902654884450356576053
0.265486725663716838230499206475
0.269911504424778792010641836896
0.274336283185840745790784467317
0.278761061946902699570927097739
0.283185840707964597839918496902
0.287610619469026551620061127323
0.292035398230088505400203757745
0.296460176991150459180346388166
0.300884955752212412960489018587
0.305309734513274366740631649009
0.309734513274336265009623048172
0.314159292035398218789765678594
0.318584070796460172569908309015
0.323008849557522126350050939436
0.327433628318584080130193569858
0.331858407079646089421487431537
0.336283185840707987690478830700
0.340707964601769941470621461121
0.345132743362831895250764091543
0.349557522123893849030906721964
0.353982300884955802811049352385
0.358407079646017756591191982807
0.362831858407079654860183381970
0.367256637168141608640326012392
0.371681415929203562420468642813
0.376106194690265516200611273234
0.380530973451327469980753903656
0.384955752212389423760896534077
0.389380530973451377541039164498
0.393805309734513275810030563662
0.398230088495575229590173194083
0.402654867256637183370315824504
0.407079646017699137150458454926
0.411504424778761090930601085347
0.415929203539823044710743715768
0.420353982300884942979735114932
0.424778761061946896759877745353
0.429203539823008906051171607032
0.433628318584070859831314237454
0.438053097345132813611456867875
0.442477876106194711880448267038
0.446902654867256610149439666202
0.451327433628318563929582296623
0.455752212389380517709724927045
0.460176991150442471489867557466
0.464601769911504425270010187887
0.469026548672566379050152818309
0.473451327433628388341446679988
0.477876106194690342121589310409
0.482300884955752295901731940830
0.486725663716814249681874571252
0.491150442477876203462017201673
0.495575221238938101731008600837
0.500000000000000111022302462516
0.504424778761062064802445092937
0.508849557522123907560285260843
0.513274336283185861340427891264
0.517699115044247815120570521685
0.522123893805309768900713152107
0.526548672566371722680855782528
0.530973451327433676460998412949
0.535398230088495630241141043371
0.539823008849557584021283673792
0.544247787610619537801426304213
0.548672566371681491581568934635
0.553097345132743445361711565056
0.557522123893805399141854195477
0.561946902654867352921996825899
0.566371681415929195679836993804
0.570796460176991149459979624226
0.575221238938053103240122254647
0.579646017699115057020264885068
0.584070796460177010800407515489
0.588495575221238964580550145911
0.592920353982300918360692776332
0.597345132743362872140835406753
0.601769911504424825920978037175
0.606194690265486779701120667596
0.610619469026548733481263298017
0.615044247787610687261405928439
0.619469026548672530019246096344
0.623893805309734483799388726766
0.628318584070796437579531357187
0.632743362831858391359673987608
0.637168141592920345139816618030
0.641592920353982298919959248451
0.646017699115044252700101878872
0.650442477876106206480244509294
0.654867256637168160260387139715
0.659292035398230114040529770136
0.663716814159292178842974863073
0.668141592920354021600815030979
0.672566371681415975380957661400
0.676991150442477929161100291822
0.681415929203539882941242922243
0.685840707964601836721385552664
0.690265486725663790501528183086
0.694690265486725744281670813507
0.699115044247787698061813443928
0.703539823008849651841956074350
0.707964601769911605622098704771
0.712389380530973559402241335192
0.716814159292035513182383965614
0.721238938053097466962526596035
0.725663716814159309720366763941
0.730088495575221263500509394362
0.734513274336283217280652024783
0.738938053097345171060794655205
0.743362831858407124840937285626
0.747787610619469078621079916047
0.752212389380531032401222546468
0.756637168141592986181365176890
0.761061946902654939961507807311
0.765486725663716893741650437732
0.769911504424778847521793068154
0.774336283185840801301935698575
0.778761061946902755082078328996
0.783185840707964597839918496902
0.787610619469026551620061127323
0.792035398230088505400203757745
0.796460176991150459180346388166
0.800884955752212412960489018587
0.805309734513274366740631649009
0.809734513274336320520774279430
0.814159292035398274300916909851
0.818584070796460228081059540273
0.823008849557522181861202170694
0.827433628318584135641344801115
0.831858407079646089421487431537
0.836283185840707932179327599442
0.840707964601769885959470229864
0.845132743362831839739612860285
0.849557522123893793519755490706
0.853982300884955858322200583643
0.858407079646017812102343214065
0.862831858407079765882485844486
0.867256637168141719662628474907
0.871681415929203673442771105329
0.876106194690265627222913735750
0.880530973451327581003056366171
0.884955752212389423760896534077
0.889380530973451377541039164498
0.893805309734513220298879332404
0.898230088495575285101324425341
0.902654867256637127859164593247
0.907079646017699192661609686184
0.911504424778761035419449854089
0.915929203539823100221894947026
0.920353982300884942979735114932
0.924778761061947007782180207869
0.929203539823008850540020375774
0.933628318584070915342465468711
0.938053097345132758100305636617
0.942477876106194711880448267038
0.946902654867256776682893359975
0.951327433628318619440733527881
0.955752212389380684243178620818
0.960176991150442527001018788724
0.964601769911504591803463881661
0.969026548672566434561304049566
0.973451327433628499363749142503
0.977876106194690342121589310409
0.982300884955752406924034403346
0.986725663716814249681874571252
0.991150442477876203462017201673
0.995575221238938046219857369579
0.000575998614804050100730858919
0.001340386897468146291598212194
0.002104881048889363330534063579
0.002867861083279094319004043356
0.003628663841697396530427965899
0.004386692637550216808395298074
0.005141363080698780479993459380
0.005892095776388101349696491127
0.006638315092538077562267506693
0.007379449128714456358768547517
0.008114929994769986762448432671
0.008844194184231221958492064061
0.009566682979532340619366337364
0.010281842867703469210360900377
0.010989125958253296785893660115
0.011687990399649610812060629428
0.012377900792624190948187923311
0.013058328599296630673221031316
0.013728752547459036753574324052
0.014388659029533235056419471221
0.015037542495796403160812637623
0.015674905841519513188808687687
0.016300260787688165137199192145
0.016913128254997543409299254336
0.017513038730821058053255256937
0.018099532628864160171966446455
0.018672160641224844201957466794
0.019230484082586235539125141258
0.019774075226276142253079015632
0.020302517631935003417087415301
0.020815406464539387698664540949
0.021312348804536990903857329727
0.021792963948854628813966982648
0.022256883702548052594849536945
0.022703752660869921942143889737
0.023133228481540677595740262973
0.023544982147011849632489699502
0.023938698216522263234606882065
0.024314075067753185971364260354
0.024670825127898324269359875416
0.025008675093968962127588540056
0.025327366142169297630326596504
0.025626654126178111808842530195
0.025906309764186778721306581019
0.026166118814549735316354883707
0.026405882239912675107929018736
0.026625416359693378220985238158
0.026824552990797133344980096581
0.027003139576460253451495319155
0.027161039303122601340501063305
0.027298131205238957558423251726
0.027414310257949183607939502849
0.027509487457537291910103505188
0.027583589889616129398053345767
0.027636560784986153455067281470
0.027668359563126253969356227458
0.027678961863281514171886144027
0.027668359563126253969356227458
0.027636560784986153455067281470
0.027583589889616129398053345767
0.027509487457537291910103505188
0.027414310257949183607939502849
0.027298131205238957558423251726
0.027161039303122601340501063305
0.027003139576460253451495319155
0.026824552990797133344980096581
0.026625416359693378220985238158
0.026405882239912675107929018736
0.026166118814549735316354883707
0.025906309764186778721306581019
0.025626654126178111808842530195
0.025327366142169297630326596504
0.025008675093968962127588540056
0.024670825127898324269359875416
0.024314075067753185971364260354
0.023938698216522263234606882065
0.023544982147011849632489699502
0.023133228481540677595740262973
0.022703752660869921942143889737
0.022256883702548052594849536945
0.021792963948854628813966982648
0.021312348804536990903857329727
0.020815406464539387698664540949
0.020302517631935003417087415301
0.019774075226276142253079015632
0.019230484082586235539125141258
0.018672160641224844201957466794
0.018099532628864160171966446455
0.017513038730821058053255256937
0.016913128254997543409299254336
0.016300260787688165137199192145
0.015674905841519513188808687687
0.015037542495796403160812637623
0.014388659029533235056419471221
0.013728752547459036753574324052
0.013058328599296630673221031316
0.012377900792624190948187923311
0.011687990399649610812060629428
0.010989125958253296785893660115
0.010281842867703469210360900377
0.009566682979532340619366337364
0.008844194184231221958492064061
0.008114929994769986762448432671
0.007379449128714456358768547517
0.006638315092538077562267506693
0.005892095776388101349696491127
0.005141363080698780479993459380
0.004386692637550216808395298074
0.003628663841697396530427965899
0.002867861083279094319004043356
0.002104881048889363330534063579
0.001340386897468146291598212194
0.000575998614804050100730858919
