0.002955512925333636953945104509
0.006784135401261106972092829182
0.010635367958234616392321214562
0.014491709091576121873345961433
0.018349988022432924678062349244
0.022209204651554716181127702157
0.026068945313202501745664108057
0.029929008249157576515564471720
0.033789283414959597751092701401
0.037649705714274186996171067676
0.041510234186891994956347673451
0.045370841775619355495940965284
0.049231509890656000028030803151
0.053092225338413942536952561113
0.056952978496282467835154506020
0.060813762181117399230334541471
0.064674570922231444658478949350
0.068535400479700123166360015148
0.072396247516568187907459730468
0.076257109370497941358557625335
0.080117983891364472071039415368
0.083978869323599616980580151449
0.087839764219533031375242160266
0.091700667374605374093654575063
0.095561577778271677985344467743
0.099422494576335021521096280139
0.103283417041721545248655900195
0.107144344551568529433360765779
0.111005276569089664229217362390
0.114866212629094993635803234611
0.118727152326332685561283142306
0.122588095306031347186959123974
0.126449041256173511094118566689
0.130309989901139566814691761465
0.134170940996447940474212146000
0.138031894324375431493123755899
0.141892849690291006359288417116
0.145753806919569933731040123348
0.149614765854984149706652374334
0.153475726354483782420956572423
0.157336688289303805454721896240
0.161197651542339975838658006069
0.165058616006750702442928968594
0.168919581584747818814307152024
0.172780548186547339151175606276
0.176641515729454690042388165239
0.180502484137064295177665940173
0.184363453338557109484341367533
0.188224423268081086924041755992
0.192085393864202647051797612221
0.195946365069419731197442047232
0.199807336829726761573411408790
0.203668309094225397082311701524
0.207529281814773952641317578127
0.211390254945670014175007622725
0.215251228443362668807381510305
0.219112202266188715871209069519
0.222973176374130999111145001734
0.226834150728593975099300905640
0.230695125292195629684854907282
0.234556100028571246074449163643
0.238417074902188802498770314742
0.242278049878172280218180389966
0.246139024922132076955705315413
0.250000000000000000000000000000
0.253860975077867978555445915845
0.257721950121827747537395225663
0.261582925097811225256805300887
0.265443899971428809436702067615
0.269304874707804398070720708347
0.273165849271406024900699094360
0.277026823625869000888854998266
0.280887797733811339639942161739
0.284748771556637358948194105324
0.288609745054330013580567992904
0.292470718185226075114258037502
0.296331690905774602917688298476
0.300192663170273266182164206839
0.304053634930580352069284799654
0.307914606135797408459353619037
0.311775576731918913075958244008
0.315636546661442918271234248095
0.319497515862935788089060906714
0.323358484270545365468763066019
0.327219451813452688604400009353
0.331080418415252208941268463605
0.334941383993249297557071031406
0.338802348457659996405766378302
0.342663311710696194545278103760
0.346524273645516300845770274464
0.350385234145015933560074472553
0.354246193080430094024535492281
0.358107150309709021396287198513
0.361968105675624651773603090987
0.365829059003552115036939085257
0.369690010098860488696459469793
0.373550958743826544417032664569
0.377411904693968736079767722913
0.381272847673667369949868088952
0.385133787370905034119772381018
0.388994723430910349648570445424
0.392855655448431539955578273293
0.396716582958278496384707523248
0.400577505423664992356691527675
0.404438422221728322014655532257
0.408299332625394639784133232752
0.412160235780467065769272494435
0.416021130676400396897207656366
0.419882016108635514051172776817
0.423742890629502100274805798108
0.427603752483431853725903692975
0.431464599520299918467003408296
0.435325429077768555341521050650
0.439186237818882607708559362436
0.443047021503717608492678436960
0.446907774661586099096410862330
0.450768490109344055483120428107
0.454629158224380658381846842531
0.458489765813108018921440134363
0.462350294285725882392767971396
0.466210716585040430004482914228
0.470070991750842437362223336095
0.473931054686797526009911507572
0.477790795348445318513341817379
0.481650011977567127363641930060
0.485508290908423900678059226266
0.489364632041765390546572689345
0.493215864598738895629992384784
0.497044487074666418990886995743
0.000000000000000000000000000000
0.003875968992248061961714000745
0.007751937984496123923428001490
0.011627906976744185885142002235
0.015503875968992247846856002980
0.019379844961240309808570003725
0.023255813953488371770284004469
0.027131782945736437201444957168
0.031007751937984495693712005959
0.034883720930232557655426006704
0.038759689922480619617140007449
0.042635658914728681578854008194
0.046511627906976743540568008939
0.050387596899224798563388105777
0.054263565891472874402889914336
0.058139534883720929425710011174
0.062015503875968991387424011918
0.065891472868217046410244108756
0.069767441860465115310852013408
0.073643410852713184211459918060
0.077519379844961239234280014898
0.081395348837209308134887919550
0.085271317829457363157708016388
0.089147286821705418180528113226
0.093023255813953487081136017878
0.096899224806201555981743922530
0.100775193798449597126776211553
0.104651162790697679905171924020
0.108527131782945748805779828672
0.112403100775193803828599925509
0.116279069767441858851420022347
0.120155038759689927752027926999
0.124031007751937982774848023837
0.127906976744186051675455928489
0.131782945736434092820488217512
0.135658914728682161721096122164
0.139534883720930230621704026817
0.143410852713178271766736315840
0.147286821705426368422919836121
0.151162790697674437323527740773
0.155038759689922478468560029796
0.158914728682170547369167934448
0.162790697674418616269775839100
0.166666666666666657414808128124
0.170542635658914726315416032776
0.174418604651162795216023937428
0.178294573643410836361056226451
0.182170542635658905261664131103
0.186046511627906974162272035755
0.189922480620155043062879940408
0.193798449612403111963487845060
0.197674418604651153108520134083
0.201550387596899194253552423106
0.205426356589147263154160327758
0.209302325581395359810343848039
0.213178294573643428710951752691
0.217054263565891497611559657344
0.220930232558139538756591946367
0.224806201550387607657199851019
0.228682170542635676557807755671
0.232558139534883717702840044694
0.236434108527131786603447949346
0.240310077519379855504055853999
0.244186046511627896649088143022
0.248062015503875965549696047674
0.251937984496124034450303952326
0.255813953488372103350911856978
0.259689922480620172251519761630
0.263565891472868185640976435025
0.267441860465116254541584339677
0.271317829457364323442192244329
0.275193798449612392342800148981
0.279069767441860461243408053633
0.282945736434108530144015958285
0.286821705426356543533472631680
0.290697674418604667945231767590
0.294573643410852736845839672242
0.298449612403100805746447576894
0.302325581395348874647055481546
0.306201550387596888036512154940
0.310077519379844956937120059592
0.313953488372093025837727964245
0.317829457364341094738335868897
0.321705426356589163638943773549
0.325581395348837232539551678201
0.329457364341085245929008351595
0.333333333333333314829616256247
0.337209302325581383730224160900
0.341085271317829452630832065552
0.344961240310077521531439970204
0.348837209302325590432047874856
0.352713178294573603821504548250
0.356589147286821672722112452902
0.360465116279069741622720357554
0.364341085271317810523328262207
0.368217054263565879423936166859
0.372093023255813948324544071511
0.375968992248062017225151976163
0.379844961240310086125759880815
0.383720930232558155026367785467
0.387596899224806223926975690119
0.391472868217054237316432363514
0.395348837209302306217040268166
0.399224806201550319606496941560
0.403100775193798388507104846212
0.406976744186046457407712750864
0.410852713178294526308320655517
0.414728682170542650720079791427
0.418604651162790719620687696079
0.422480620155038788521295600731
0.426356589147286857421903505383
0.430232558139534926322511410035
0.434108527131782995223119314687
0.437984496124031008612575988082
0.441860465116279077513183892734
0.445736434108527146413791797386
0.449612403100775215314399702038
0.453488372093023284215007606690
0.457364341085271353115615511342
0.461240310077519366505072184736
0.465116279069767435405680089389
0.468992248062015504306287994041
0.472868217054263573206895898693
0.476744186046511642107503803345
0.480620155038759711008111707997
0.484496124031007724397568381391
0.488372093023255793298176286044
0.492248062015503862198784190696
0.496124031007751931099392095348
0.500000000000000000000000000000
0.503875968992248068900607904652
0.507751937984496137801215809304
0.511627906976744206701823713956
0.515503875968992275602431618609
0.519379844961240344503039523261
0.523255813953488302381344965397
0.527131782945736371281952870049
0.531007751937984440182560774701
0.534883720930232509083168679354
0.538759689922480577983776584006
0.542635658914728646884384488658
0.546511627906976715784992393310
0.550387596899224784685600297962
0.554263565891472853586208202614
0.558139534883720922486816107266
0.562015503875968991387424011918
0.565891472868217060288031916571
0.569767441860465018166337358707
0.573643410852713087066945263359
0.577519379844961155967553168011
0.581395348837209335890463535179
0.585271317829457404791071439831
0.589147286821705473691679344483
0.593023255813953542592287249136
0.596899224806201611492895153788
0.600775193798449680393503058440
0.604651162790697749294110963092
0.608527131782945707172416405228
0.612403100775193776073024309881
0.616279069767441844973632214533
0.620155038759689913874240119185
0.624031007751937982774848023837
0.627906976744186051675455928489
0.631782945736434120576063833141
0.635658914728682189476671737793
0.639534883720930258377279642446
0.643410852713178327277887547098
0.647286821705426396178495451750
0.651162790697674465079103356402
0.655038759689922422957408798538
0.658914728682170491858016703191
0.662790697674418560758624607843
0.666666666666666629659232512495
0.670542635658914698559840417147
0.674418604651162767460448321799
0.678294573643410836361056226451
0.682170542635658905261664131103
0.686046511627906974162272035755
0.689922480620155043062879940408
0.693798449612403111963487845060
0.697674418604651180864095749712
0.701550387596899138742401191848
0.705426356589147207643009096500
0.709302325581395276543617001153
0.713178294573643345444224905805
0.717054263565891414344832810457
0.720930232558139483245440715109
0.724806201550387552146048619761
0.728682170542635621046656524413
0.732558139534883689947264429065
0.736434108527131758847872333718
0.740310077519379827748480238370
0.744186046511627896649088143022
0.748062015503875965549696047674
0.751937984496124034450303952326
0.755813953488372103350911856978
0.759689922480620172251519761630
0.763565891472868241152127666282
0.767441860465116310052735570935
0.771317829457364378953343475587
0.775193798449612447853951380239
0.779069767441860516754559284891
0.782945736434108474632864727027
0.786821705426356543533472631680
0.790697674418604612434080536332
0.794573643410852681334688440984
0.798449612403100639212993883120
0.802325581395348819135904250288
0.806201550387596777014209692425
0.810077519379844956937120059592
0.813953488372092914815425501729
0.817829457364341094738335868897
0.821705426356589052616641311033
0.825581395348837232539551678201
0.829457364341085301440159582853
0.833333333333333370340767487505
0.837209302325581439241375392157
0.841085271317829397119680834294
0.844961240310077577042591201462
0.848837209302325534920896643598
0.852713178294573714843807010766
0.856589147286821672722112452902
0.860465116279069852645022820070
0.864341085271317810523328262207
0.868217054263565990446238629374
0.872093023255813948324544071511
0.875968992248062017225151976163
0.879844961240310086125759880815
0.883720930232558155026367785467
0.887596899224806112904673227604
0.891472868217054292827583594772
0.895348837209302250705889036908
0.899224806201550430628799404076
0.903100775193798388507104846212
0.906976744186046568430015213380
0.910852713178294526308320655517
0.914728682170542706231231022684
0.918604651162790664109536464821
0.922480620155038733010144369473
0.926356589147286801910752274125
0.930232558139534870811360178777
0.934108527131782828689665620914
0.937984496124031008612575988082
0.941860465116278966490881430218
0.945736434108527146413791797386
0.949612403100775104292097239522
0.953488372093023284215007606690
0.957364341085271242093313048827
0.961240310077519422016223415994
0.965116279069767379894528858131
0.968992248062015448795136762783
0.972868217054263517695744667435
0.976744186046511586596352572087
0.980620155038759544474658014224
0.984496124031007724397568381391
0.988372093023255682275873823528
0.992248062015503862198784190696
0.996124031007752042121694557864
0.000442467941829504459068378441
0.001029728446196234194209839785
0.001617253055678492985880456700
0.002203901518096618855624413413
0.002789268187779727660446926762
0.003372997950624584666962091362
0.003954744468211333040252863924
0.004534164429852580863178346249
0.005110916466924538166527458571
0.005684660991246898165130119196
0.006255060272446126209966443810
0.006821778589351945414065436779
0.007384482407245416581142993806
0.007942840564666828542805809832
0.008496524463572317775739151102
0.009045208260213747145095375402
0.009588569055510403477127212568
0.010126287084273353361618674739
0.010658045902905496568613408215
0.011183532575330482408682009066
0.011702437856964764337219797596
0.012214456376582973409772314710
0.012719286815944566906844137577
0.013216632087061658956672616227
0.013706199506993983761038435887
0.014187700970062874783472750551
0.014660853117380079346787624672
0.015125377503587019920039402621
0.015581000760707546665129186181
0.016027454759014184842991213031
0.016464476764814654774493618561
0.016891809595063221605126813074
0.017309201768707239976752276789
0.017716407654678845845497292544
0.018113187616443947314248674729
0.018499308153025011830505874855
0.018874542036411992573796680972
0.019238668445283314129001794868
0.019591473094955992595433968972
0.019932748363489554560556982210
0.020262293413868450592252301590
0.020579914312192689601621609086
0.020885424141805362246993027497
0.021178643113290866739628626192
0.021459398670279249826675638246
0.021727525590993151255458926130
0.021982866085479339096631079542
0.022225269888466556156281228596
0.022454594347794201020240834055
0.022670704508362345130922932412
0.022873473191551158684164946067
0.023062781070063879257370231812
0.023238516738149927326473331846
0.023400576777165848357808997093
0.023548865816436240216980024798
0.023683296589378316499008292340
0.023803789984857316036626073696
0.023910275093742522356521362781
0.024002689250636782825054638124
0.024080978070754096437289248911
0.024145095481924810920659751901
0.024195003751708490241645321817
0.024230673509598916331997386919
0.024252083764308610125404186419
0.024259221916121558038081928999
0.024252083764308610125404186419
0.024230673509598916331997386919
0.024195003751708490241645321817
0.024145095481924810920659751901
0.024080978070754096437289248911
0.024002689250636782825054638124
0.023910275093742522356521362781
0.023803789984857316036626073696
0.023683296589378316499008292340
0.023548865816436240216980024798
0.023400576777165848357808997093
0.023238516738149927326473331846
0.023062781070063879257370231812
0.022873473191551158684164946067
0.022670704508362345130922932412
0.022454594347794201020240834055
0.022225269888466556156281228596
0.021982866085479339096631079542
0.021727525590993151255458926130
0.021459398670279249826675638246
0.021178643113290866739628626192
0.020885424141805362246993027497
0.020579914312192689601621609086
0.020262293413868450592252301590
0.019932748363489554560556982210
0.019591473094955992595433968972
0.019238668445283314129001794868
0.018874542036411992573796680972
0.018499308153025011830505874855
0.018113187616443947314248674729
0.017716407654678845845497292544
0.017309201768707239976752276789
0.016891809595063221605126813074
0.016464476764814654774493618561
0.016027454759014184842991213031
0.015581000760707546665129186181
0.015125377503587019920039402621
0.014660853117380079346787624672
0.014187700970062874783472750551
0.013706199506993983761038435887
0.013216632087061658956672616227
0.012719286815944566906844137577
0.012214456376582973409772314710
0.011702437856964764337219797596
0.011183532575330482408682009066
0.010658045902905496568613408215
0.010126287084273353361618674739
0.009588569055510403477127212568
0.009045208260213747145095375402
0.008496524463572317775739151102
0.007942840564666828542805809832
0.007384482407245416581142993806
0.006821778589351945414065436779
0.006255060272446126209966443810
0.005684660991246898165130119196
0.005110916466924538166527458571
0.004534164429852580863178346249
0.003954744468211333040252863924
0.003372997950624584666962091362
0.002789268187779727660446926762
0.002203901518096618855624413413
0.001617253055678492985880456700
0.001029728446196234194209839785
0.000442467941829504459068378441
