0.003150113534800520233292164818
0.007230824999861926172251003209
0.011335635266217237646091398062
0.015445890472339999024975476516
0.019558211064252841587807196788
0.023671531092197214268812999194
0.027785409652617058112733516850
0.031899631702149454370864845032
0.036014079949915372980129291136
0.040128685012681880595053485195
0.044243403232531695878915201092
0.048358205769969374310246479354
0.052473072810399791487956377978
0.056587990290727425979344644702
0.060702947953942376635438904486
0.064817938143103354109442193476
0.068932955026459005742900387759
0.073047994084035519635200728317
0.077163051758257300560828184643
0.081278125210559146185396173223
0.085393212148284936002795575405
0.089508310699282903066809069514
0.093623419319539005756247718182
0.097738536724120791965297883053
0.101853661834846148659394771130
0.105968793740133862546493048740
0.110083931663851386506536300658
0.114199074940890876739274517604
0.118314222997837711903734714269
0.122429375337532495016112932262
0.126544531526641856888915071977
0.130659691185573911820227976932
0.134774853980238168427163714114
0.138890019615266646635376446284
0.143005187828402102745428692288
0.147120358385824767655236655628
0.151235531078238893964993394547
0.155350705717576836883964119806
0.159465882134211145437774348466
0.163581060174582265664966485019
0.167696239699172466863785757596
0.171811420580766149868168213288
0.175926602702950074519350209812
0.180041785958814259949178904208
0.184156970249822415919283002950
0.188272155484824676996424841491
0.192387341579191378793112221501
0.196502528454049835149319847005
0.200617716035608018021463294644
0.204732904254552872114203410092
0.208848093045512273047137341564
0.212963282346570775827032662164
0.217078472098831909420368901920
0.221193662246019467909619038437
0.225308852734112219362572204773
0.229424043511006342521696410586
0.233539234526201594510652626013
0.237654425730506213554349415062
0.241769617075757614621522861853
0.245884808514554853431377523520
0.250000000000000000000000000000
0.254115191485445146568622476480
0.258230382924242440889628369405
0.262345574269493786445650584938
0.266460765473798433244922989616
0.270575956488993685233879205043
0.274691147265887836148579026485
0.278806337753980559845956577192
0.282921527901168090579631098080
0.287036717653429251928542953465
0.291151906954487782464013889694
0.295267095745447183396947821166
0.299382283964392037489687936613
0.303497471545950192606255768624
0.307612658420808648962463394128
0.311727844515175378514726389767
0.315843029750177584080716997050
0.319958214041185795561972327050
0.324073397297049925480649790188
0.328188579419233850131831786712
0.332303760300827588647365473662
0.336418939825417762090609130610
0.340534117865788854562225651534
0.344649294282423190871611495822
0.348764468921761106035006605453
0.352879641614175232344763344372
0.356994812171597897254571307712
0.361109980384733353364623553716
0.365225146019761859328411901515
0.369340308814426199202074485584
0.373455468473358143111084928023
0.377570624662467491106099259923
0.381685777002162274218477477916
0.385800925059109178771876713654
0.389916068336148669004614930600
0.394031206259866151331294759075
0.398146338165153823585029613241
0.402261463275879249668065540391
0.406376580680461008121540089633
0.410491689300717166322129969558
0.414606787851715063997204424595
0.418721874789440839936816018962
0.422836948241742727194747430985
0.426952005915964494242587079498
0.431067044973540980379311804427
0.435182061856896673646133422153
0.439297052046057678875712326771
0.443412009709272636470700490463
0.447526927189600243206513141558
0.451641794230030702017586463626
0.455756596767468380448917741887
0.459871314987318147160522130434
0.463985920050084710286597555751
0.468100368297850566445816866690
0.472214590347382945356713435103
0.476328468907802782261740048853
0.480441788935747182698321466887
0.484554109527660037404217518997
0.488664364733782774496972933775
0.492769175000138115461112420235
0.496849886465199508389645188799
0.000000000000000000000000000000
0.004132231404958677800642874445
0.008264462809917355601285748889
0.012396694214876033401928623334
0.016528925619834711202571497779
0.020661157024793389003214372224
0.024793388429752066803857246668
0.028925619834710748073947073067
0.033057851239669422405142995558
0.037190082644628100205785870003
0.041322314049586778006428744447
0.045454545454545455807071618892
0.049586776859504133607714493337
0.053719008264462804469463463874
0.057851239669421496147894146134
0.061983471074380173948537020578
0.066115702479338844810285991116
0.070247933884297522610928865561
0.074380165289256200411571740005
0.078512396694214892090002422265
0.082644628099173556012857488895
0.086776859504132233813500363340
0.090909090909090911614143237784
0.095041322314049589414786112229
0.099173553719008267215428986674
0.103305785123966945016071861119
0.107438016528925608938926927749
0.111570247933884314495145417823
0.115702479338842992295788292267
0.119834710743801670096431166712
0.123966942148760347897074041157
0.128099173553719025697716915602
0.132231404958677689620571982232
0.136363636363636381299002664491
0.140495867768595045221857731121
0.144628099173553709144712797752
0.148760330578512400823143480011
0.152892561983471064745998546641
0.157024793388429784180004844529
0.161157024793388448102859911160
0.165289256198347112025714977790
0.169421487603305803704145660049
0.173553719008264467627000726679
0.177685950413223159305431408939
0.181818181818181823228286475569
0.185950413223140487151141542199
0.190082644628099178829572224458
0.194214876033057842752427291089
0.198347107438016534430857973348
0.202479338842975226109288655607
0.206611570247933890032143722237
0.210743801652892553954998788868
0.214876033057851217877853855498
0.219008264462809909556284537757
0.223140495867768628990290835645
0.227272727272727292913145902276
0.231404958677685984591576584535
0.235537190082644648514431651165
0.239669421487603340192862333424
0.243801652892562004115717400055
0.247933884297520695794148082314
0.252066115702479331961427533315
0.256198347107438051395433831203
0.260330578512396715318288897834
0.264462809917355379241143964464
0.268595041322314043163999031094
0.272727272727272762598005328982
0.276859504132231426520860395613
0.280991735537190090443715462243
0.285123966942148754366570528873
0.289256198347107418289425595503
0.293388429752066137723431893392
0.297520661157024801646286960022
0.301652892561983465569142026652
0.305785123966942129491997093282
0.309917355371900848926003391171
0.314049586776859568360009689059
0.318181818181818232282864755689
0.322314049586776896205719822319
0.326446280991735560128574888950
0.330578512396694224051429955580
0.334710743801652943485436253468
0.338842975206611607408291320098
0.342975206611570271331146386729
0.347107438016528935254001453359
0.351239669421487599176856519989
0.355371900826446318610862817877
0.359504132231404982533717884507
0.363636363636363646456572951138
0.367768595041322310379428017768
0.371900826446280974302283084398
0.376033057851239693736289382286
0.380165289256198357659144448917
0.384297520661157021581999515547
0.388429752066115685504854582177
0.392561983471074404938860880065
0.396694214876033068861715946696
0.400826446280991788295722244584
0.404958677685950452218577311214
0.409090909090909116141432377844
0.413223140495867780064287444475
0.417355371900826443987142511105
0.421487603305785107909997577735
0.425619834710743771832852644366
0.429752066115702435755707710996
0.433884297520661155189714008884
0.438016528925619819112569075514
0.442148760330578594057726604660
0.446280991735537257980581671291
0.450413223140495921903436737921
0.454545454545454585826291804551
0.458677685950413305260298102439
0.462809917355371969183153169070
0.466942148760330633106008235700
0.471074380165289297028863302330
0.475206611570247960951718368960
0.479338842975206680385724666849
0.483471074380165344308579733479
0.487603305785124008231434800109
0.491735537190082672154289866739
0.495867768595041391588296164628
0.500000000000000000000000000000
0.504132231404958663922855066630
0.508264462809917438868012595776
0.512396694214876102790867662407
0.516528925619834766713722729037
0.520661157024793430636577795667
0.524793388429752094559432862297
0.528925619834710758482287928928
0.533057851239669422405142995558
0.537190082644628086327998062188
0.541322314049586750250853128819
0.545454545454545525196010657965
0.549586776859504189118865724595
0.553719008264462853041720791225
0.557851239669421516964575857855
0.561983471074380180887430924486
0.566115702479338844810285991116
0.570247933884297508733141057746
0.574380165289256172655996124377
0.578512396694214836578851191007
0.582644628099173611524008720153
0.586776859504132275446863786783
0.590909090909090939369718853413
0.595041322314049603292573920044
0.599173553719008267215428986674
0.603305785123966931138284053304
0.607438016528925595061139119935
0.611570247933884258983994186565
0.615702479338842922906849253195
0.619834710743801697852006782341
0.623966942148760361774861848971
0.628099173553719136720019378117
0.632231404958677800642874444748
0.636363636363636464565729511378
0.640495867768595128488584578008
0.644628099173553792411439644638
0.648760330578512456334294711269
0.652892561983471120257149777899
0.657024793388429784180004844529
0.661157024793388448102859911160
0.665289256198347112025714977790
0.669421487603305886970872506936
0.673553719008264550893727573566
0.677685950413223214816582640196
0.681818181818181878739437706827
0.685950413223140542662292773457
0.690082644628099206585147840087
0.694214876033057870508002906718
0.698347107438016534430857973348
0.702479338842975198353713039978
0.706611570247933973298870569124
0.710743801652892637221725635754
0.714876033057851301144580702385
0.719008264462809965067435769015
0.723140495867768628990290835645
0.727272727272727292913145902276
0.731404958677685956836000968906
0.735537190082644620758856035536
0.739669421487603284681711102166
0.743801652892561948604566168797
0.747933884297520723549723697943
0.752066115702479387472578764573
0.756198347107438051395433831203
0.760330578512396715318288897834
0.764462809917355379241143964464
0.768595041322314043163999031094
0.772727272727272707086854097724
0.776859504132231371009709164355
0.780991735537190034932564230985
0.785123966942148809877721760131
0.789256198347107473800576826761
0.793388429752066137723431893392
0.797520661157024912668589422537
0.801652892561983576591444489168
0.805785123966942240514299555798
0.809917355371900904437154622428
0.814049586776859568360009689059
0.818181818181818232282864755689
0.822314049586776896205719822319
0.826446280991735560128574888950
0.830578512396694335073732418095
0.834710743801652887974285022210
0.838842975206611662919442551356
0.842975206611570215819995155471
0.847107438016528990765152684617
0.851239669421487543665705288731
0.855371900826446318610862817877
0.859504132231404871511415421992
0.863636363636363646456572951138
0.867768595041322310379428017768
0.871900826446281085324585546914
0.876033057851239638225138151029
0.880165289256198413170295680175
0.884297520661157188115453209321
0.888429752066115741016005813435
0.892561983471074515961163342581
0.896694214876033068861715946696
0.900826446280991843806873475842
0.904958677685950396707426079956
0.909090909090909171652583609102
0.913223140495867835575438675733
0.917355371900826610520596204879
0.921487603305785163421148808993
0.925619834710743938366306338139
0.929752066115702491266858942254
0.933884297520661266212016471400
0.938016528925619819112569075514
0.942148760330578594057726604660
0.946280991735537257980581671291
0.950413223140495921903436737921
0.954545454545454585826291804551
0.958677685950413360771449333697
0.962809917355371913672001937812
0.966942148760330688617159466958
0.971074380165289241517712071072
0.975206611570248016462869600218
0.979338842975206569363422204333
0.983471074380165344308579733479
0.987603305785124008231434800109
0.991735537190082783176592329255
0.995867768595041336077144933370
0.000502649323393899419461228195
0.001169745831043541737723212570
0.001837048780102288302040758339
0.002503209476498683989237337144
0.003167713941363849237259353586
0.003830105852648834664775367997
0.004489939176093828837599275516
0.005146771701801184512037323771
0.005800163876916284919071920001
0.006449678687624658089683205020
0.007094881812152904754231741435
0.007735341857323302372506645952
0.008370630623866431169188828676
0.009000323381920664542188426083
0.009623999149605717839950358439
0.010241240971625464525884829925
0.010851636196443517276555290607
0.011454776751247380123244212768
0.012050259414214605988013850890
0.012637686083744579385035322616
0.013216664044389744847585177467
0.013786806229260388859114705440
0.014347731478699065482684815720
0.014899064795036172370590321634
0.015440437593245044667344956224
0.015971487947322893230506224427
0.016491860832228533162435724080
0.017001208361212764852421486239
0.017499190018380805095032926033
0.017985472886330025610313043671
0.018459731868709677166107141488
0.018921649907554086156302730615
0.019370918195242343984308064364
0.019807236380943914200170041795
0.020230312771410883382339207515
0.020639864525982806742199215932
0.021035617845673655612603880627
0.021417308156214669156991448062
0.021784680284929715948782913415
0.022137488631326595472925689023
0.022475497331288118996184266507
0.022798480414754917350306229196
0.023106221956793276256503233412
0.023398516221948072180136790621
0.023675167801783580934227302350
0.023935991745519823170607054408
0.024180813683678404474308720751
0.024409469944654565987107730507
0.024621807664136290128009676437
0.024817684887299473056598841936
0.024996970663709098398053143342
0.025159545134864281373809902220
0.025305299614327075169439851265
0.025434136660383448863553823571
0.025545970141185682378281995852
0.025640725292335041218816371611
0.025718338766863569483378526570
0.025778758677583817754408457290
0.025821944631777608847311711315
0.025847867758199145893360793025
0.025856510726376805142656678527
0.025847867758199145893360793025
0.025821944631777608847311711315
0.025778758677583817754408457290
0.025718338766863569483378526570
0.025640725292335041218816371611
0.025545970141185682378281995852
0.025434136660383448863553823571
0.025305299614327075169439851265
0.025159545134864281373809902220
0.024996970663709098398053143342
0.024817684887299473056598841936
0.024621807664136290128009676437
0.024409469944654565987107730507
0.024180813683678404474308720751
0.023935991745519823170607054408
0.023675167801783580934227302350
0.023398516221948072180136790621
0.023106221956793276256503233412
0.022798480414754917350306229196
0.022475497331288118996184266507
0.022137488631326595472925689023
0.021784680284929715948782913415
0.021417308156214669156991448062
0.021035617845673655612603880627
0.020639864525982806742199215932
0.020230312771410883382339207515
0.019807236380943914200170041795
0.019370918195242343984308064364
0.018921649907554086156302730615
0.018459731868709677166107141488
0.017985472886330025610313043671
0.017499190018380805095032926033
0.017001208361212764852421486239
0.016491860832228533162435724080
0.015971487947322893230506224427
0.015440437593245044667344956224
0.014899064795036172370590321634
0.014347731478699065482684815720
0.013786806229260388859114705440
0.013216664044389744847585177467
0.012637686083744579385035322616
0.012050259414214605988013850890
0.011454776751247380123244212768
0.010851636196443517276555290607
0.010241240971625464525884829925
0.009623999149605717839950358439
0.009000323381920664542188426083
0.008370630623866431169188828676
0.007735341857323302372506645952
0.007094881812152904754231741435
0.006449678687624658089683205020
0.005800163876916284919071920001
0.005146771701801184512037323771
0.004489939176093828837599275516
0.003830105852648834664775367997
0.003167713941363849237259353586
0.002503209476498683989237337144
0.001837048780102288302040758339
0.001169745831043541737723212570
0.000502649323393899419461228195
