0.002783556591045213170210192999
0.006389423862721324912095077764
0.010016585726589222540838797215
0.013648558943164102244538504749
0.017282357214891377189536214587
0.020917038630307745877834335602
0.024552213591854086388588385148
0.028187692080385729626046398266
0.031823370454473275115159225379
0.035459187405665559822409704793
0.039095104357368071212874838238
0.042731095827108170337460535393
0.046367144307170336803292087779
0.050003237372099253177371025458
0.053639365959662677063590763282
0.057275523305173492438768789725
0.060911704256779858335235644518
0.064547904821798396390875041106
0.068184121857992260884451241054
0.071820352858507338633664573990
0.075456595798916975548209506996
0.079092849026412517798867440888
0.082729111178188485808959740098
0.086365381120425285810249249607
0.090001657902051279691590934817
0.093637940719269299738591882942
0.097274228888033387185885203507
0.100910521822471718755842573501
0.104546819017808906293609538807
0.108183120036729960022903185290
0.111819424498402431034094206552
0.115455732069571534448293448349
0.119092042457284649770166140570
0.122728355402908315130439120821
0.126364670677176049728984708054
0.130000988076067330867502391811
0.133637307417356604455349611271
0.137273628537710856711839824129
0.140909951290234619625252321384
0.144546275542384750067981258326
0.148182601174190492487880987937
0.151818928076728559828367792761
0.155455256150810600113132409206
0.159091585305849297915514739543
0.162727915458875133092320197647
0.166364246533680620876438638334
0.170000578460072743203213008201
0.173636911173217556303427500097
0.177273244613063901686800249990
0.180909578723834674196524474610
0.184545913453576237994724351665
0.188182248753758218917653266544
0.191818584578916373484247515080
0.195454920886333149976366030387
0.199091257635750834564802858040
0.202727594789112841588973878970
0.206363932310329456498720901436
0.210000270165065255900671559175
0.213636608320544651995476215234
0.217272946745373757293506855603
0.220909285409376265896241875453
0.224545624283440825585955735733
0.228181963339379401123352408831
0.231818302549793964217883512902
0.235454641887950705259058281626
0.239090981327660295763237741085
0.242727320843163396624220240483
0.246363660409019691321930167760
0.250000000000000000000000000000
0.253636339590980364189221063498
0.257272679156836603375779759517
0.260909018672339731992337874544
0.264545358112049322496517334002
0.268181697450206035782116487098
0.271818036660620654387798822427
0.275454375716559229925195495525
0.279090714590623789614909355805
0.282727053254626270462068760025
0.286363391679455403515675016024
0.289999729834934771854904056454
0.293636067689670599012430329822
0.297272405210887158411026121030
0.300908742364249193190772757589
0.304545079113666905534785200871
0.308181415421083682026903716178
0.311817751246241836593497964714
0.315454086546423817516426879592
0.319090421276165381314626756648
0.322726755386936070557624134381
0.326363088826782443696572499903
0.329999421539927229041211376170
0.333635753466319406879136977295
0.337272084541124839152104186724
0.340908414694150729840060876086
0.344544743849189427642443206423
0.348181071923271467927207822868
0.351817398825809535267694627692
0.355453724457615305443169972932
0.359090048709765408130323294245
0.362726371462289198799311407129
0.366362692582643478811377235616
0.369999011923932696888073223818
0.373635329322823950271015291946
0.377271644597091782014075533880
0.380907957542715336352046051616
0.384544267930428507185069975094
0.388180575501597624477057024706
0.391816879963270137121611469411
0.395453180982191121461966076822
0.399089478177528322877520849943
0.402725771111966668325266027750
0.406362059280730714139195924872
0.409998342097948775819560296441
0.413634618879574700311962942578
0.417270888821811514191040259902
0.420907150973587551590071598184
0.424543404201083052207366108632
0.428179647141492702999698849453
0.431815878142007780748912182389
0.435452095178201659120276190151
0.439088295743220169420339971111
0.442724476694826507561231210275
0.446360634040337322936409236718
0.449996762627900726005947262820
0.453632855692829684013389623942
0.457268904172891843540327272422
0.460904895642631984298276393019
0.464540812594334495688741526465
0.468176629545526801212673717600
0.471812307919614315476763977131
0.475447786408145944836434182434
0.479082961369692306163869943703
0.482717642785108647096592449088
0.486351441056835975818017914207
0.489983414273410800010566390483
0.493610576137278711517097917749
0.497216443408954822391621064526
0.000000000000000000000000000000
0.003649635036496350678353328689
0.007299270072992701356706657378
0.010948905109489051601379117074
0.014598540145985402713413314757
0.018248175182481753825447512440
0.021897810218978103202758234147
0.025547445255474456049515907807
0.029197080291970805426826629514
0.032846715328467154804137351221
0.036496350364963507650895024881
0.040145985401459853558758794634
0.043795620437956206405516468294
0.047445255474452552313380238047
0.051094890510948912099031815615
0.054744525547445258006895585368
0.058394160583941610853653259028
0.062043795620437956761517028781
0.065693430656934309608274702441
0.069343065693430669393926280009
0.072992700729927015301790049762
0.076642335766423361209653819515
0.080291970802919707117517589268
0.083941605839416053025381359021
0.087591240875912412811032936588
0.091240875912408772596684514156
0.094890510948905104626760476094
0.098540145985401478290199861476
0.102189781021897824198063631229
0.105839416058394170105927400982
0.109489051094890516013791170735
0.113138686131386861921654940488
0.116788321167883221707306518056
0.120437956204379567615170287809
0.124087591240875913523034057562
0.127737226277372273308685635129
0.131386861313868619216549404882
0.135036496350364965124413174635
0.138686131386861338787852560017
0.142335766423357684695716329770
0.145985401459854030603580099523
0.149635036496350376511443869276
0.153284671532846722419307639029
0.156934306569343068327171408782
0.160583941605839414235035178535
0.164233576642335760142898948288
0.167883211678832106050762718041
0.171532846715328479714202103423
0.175182481751824825622065873176
0.178832116788321171529929642929
0.182481751824817545193369028311
0.186131386861313863345657182435
0.189781021897810209253520952188
0.193430656934306555161384721941
0.197080291970802956580399722952
0.200729927007299302488263492705
0.204379562043795648396127262458
0.208029197080291994303991032211
0.211678832116788340211854801964
0.215328467153284686119718571717
0.218978102189781032027582341470
0.222627737226277377935446111223
0.226277372262773723843309880976
0.229927007299270097506749266358
0.233576642335766443414613036111
0.237226277372262789322476805864
0.240875912408759135230340575617
0.244525547445255481138204345370
0.248175182481751827046068115123
0.251824817518248200709507500505
0.255474452554744546617371270258
0.259124087591240892525235040011
0.262773722627737238433098809764
0.266423357664233584340962579518
0.270072992700729930248826349271
0.273722627737226331667841350281
0.277372262773722677575705120034
0.281021897810219023483568889787
0.284671532846715369391432659540
0.288321167883211715299296429293
0.291970802919708061207160199046
0.295620437956204407115023968800
0.299270072992700753022887738553
0.302919708029197098930751508306
0.306569343065693444838615278059
0.310218978102189790746479047812
0.313868613138686136654342817565
0.317518248175182482562206587318
0.321167883211678828470070357071
0.324817518248175174377934126824
0.328467153284671520285797896577
0.332116788321167866193661666330
0.335766423357664212101525436083
0.339416058394160558009389205836
0.343065693430656959428404206847
0.346715328467153305336267976600
0.350364963503649651244131746353
0.354014598540145997151995516106
0.357664233576642343059859285859
0.361313868613138744478874286870
0.364963503649635090386738056623
0.368613138686131380783450595118
0.372262773722627726691314364871
0.375912408759124072599178134624
0.379562043795620418507041904377
0.383211678832116764414905674130
0.386861313868613110322769443883
0.390510948905109567252935676152
0.394160583941605913160799445905
0.397810218978102259068663215658
0.401459854014598604976526985411
0.405109489051094950884390755164
0.408759124087591296792254524917
0.412408759124087642700118294670
0.416058394160583988607982064423
0.419708029197080334515845834176
0.423357664233576680423709603929
0.427007299270073026331573373682
0.430656934306569372239437143435
0.434306569343065718147300913188
0.437956204379562064055164682941
0.441605839416058409963028452694
0.445255474452554755870892222447
0.448905109489051101778755992200
0.452554744525547447686619761953
0.456204379562043849105634762964
0.459854014598540195013498532717
0.463503649635036540921362302470
0.467153284671532886829226072223
0.470802919708029232737089841976
0.474452554744525578644953611729
0.478102189781021924552817381482
0.481751824817518270460681151235
0.485401459854014616368544920988
0.489051094890510962276408690741
0.492700729927007308184272460494
0.496350364963503654092136230247
0.500000000000000000000000000000
0.503649635036496401419015001011
0.507299270072992691815727539506
0.510948905109489093234742540517
0.514598540145985383631455079012
0.518248175182481785050470080023
0.521897810218978075447182618518
0.525547445255474476866197619529
0.529197080291970767262910158024
0.532846715328467168681925159035
0.536496350364963459078637697530
0.540145985401459860497652698541
0.543795620437956150894365237036
0.547445255474452663335682700563
0.551094890510948953732395239058
0.554744525547445355151410240069
0.558394160583941645548122778564
0.562043795620438046967137779575
0.565693430656934337363850318070
0.569343065693430738782865319081
0.572992700729927029179577857576
0.576642335766423430598592858587
0.580291970802919720995305397082
0.583941605839416122414320398093
0.587591240875912412811032936588
0.591240875912408814230047937599
0.594890510948905104626760476094
0.598540145985401506045775477105
0.602189781021897796442488015600
0.605839416058394197861503016611
0.609489051094890599280518017622
0.613138686131386889677230556117
0.616788321167883291096245557128
0.620437956204379581492958095623
0.624087591240875982911973096634
0.627737226277372273308685635129
0.631386861313868674727700636140
0.635036496350364965124413174635
0.638686131386861366543428175646
0.642335766423357656940140714141
0.645985401459854058359155715152
0.649635036496350348755868253647
0.653284671532846750174883254658
0.656934306569343040571595793153
0.660583941605839441990610794164
0.664233576642335732387323332659
0.667883211678832133806338333670
0.671532846715328424203050872165
0.675182481751824825622065873176
0.678832116788321116018778411672
0.682481751824817517437793412682
0.686131386861313918856808413693
0.689781021897810209253520952188
0.693430656934306610672535953199
0.697080291970802901069248491694
0.700729927007299302488263492705
0.704379562043795703907278493716
0.708029197080291994303991032211
0.711678832116788395723006033222
0.715328467153284686119718571717
0.718978102189781087538733572728
0.722627737226277488957748573739
0.726277372262773779354461112234
0.729927007299270180773476113245
0.733576642335766471170188651740
0.737226277372262761566901190236
0.740875912408759162985916191246
0.744525547445255453382628729742
0.748175182481751854801643730752
0.751824817518248145198356269248
0.755474452554744546617371270258
0.759124087591240837014083808754
0.762773722627737238433098809764
0.766423357664233528829811348260
0.770072992700729930248826349271
0.773722627737226220645538887766
0.777372262773722622064553888777
0.781021897810219134505871352303
0.784671532846715313880281428283
0.788321167883211826321598891809
0.791970802919708005696008967789
0.795620437956204518137326431315
0.799270072992700808534038969810
0.802919708029197209953053970821
0.806569343065693500349766509316
0.810218978102189901768781510327
0.813868613138686192165494048822
0.817518248175182593584509049833
0.821167883211678883981221588328
0.824817518248175285400236589339
0.828467153284671575796949127835
0.832116788321167977215964128845
0.835766423357664267612676667341
0.839416058394160669031691668351
0.843065693430656959428404206847
0.846715328467153360847419207857
0.850364963503649651244131746353
0.854014598540146052663146747363
0.857664233576642343059859285859
0.861313868613138744478874286870
0.864963503649635034875586825365
0.868613138686131436294601826376
0.872262773722627726691314364871
0.875912408759124128110329365882
0.879562043795620418507041904377
0.883211678832116819926056905388
0.886861313868613110322769443883
0.890510948905109511741784444894
0.894160583941605802138496983389
0.897810218978102203557511984400
0.901459854014598493954224522895
0.905109489051094895373239523906
0.908759124087591185769952062401
0.912408759124087698211269525927
0.916058394160583877585679601907
0.919708029197080390026997065434
0.923357664233576569401407141413
0.927007299270073081842724604940
0.930656934306569261217134680919
0.934306569343065773658452144446
0.937956204379562175077467145456
0.941605839416058465474179683952
0.945255474452554866893194684963
0.948905109489051157289907223458
0.952554744525547558708922224469
0.956204379562043849105634762964
0.959854014598540250524649763975
0.963503649635036540921362302470
0.967153284671532942340377303481
0.970802919708029232737089841976
0.974452554744525634156104842987
0.978102189781021924552817381482
0.981751824817518325971832382493
0.985401459854014616368544920988
0.989051094890511017787559921999
0.992700729927007308184272460494
0.996350364963503709603287461505
0.000392481340893923791920266941
0.000913423025177678639570377772
0.001434659676630894997728660201
0.001955214474528971929645493333
0.002474762103497648527833385756
0.002993021926427114499241755041
0.003509720907916109942231708274
0.004024588477630288568809291405
0.004537355529379330162931260872
0.005047754240058871001706197745
0.005555518100824740658494338419
0.006060382014211781499801734441
0.006562082414494915284797205146
0.007060357396869981067011323717
0.007554946849976591598252451121
0.008045592589463202923272255873
0.008532038491534407395611161462
0.009014030625940069874069138223
0.009491317388105213748161759213
0.009963649630207011345661705093
0.010430780791065134144313120146
0.010892467024740372372182406480
0.011348467327751599401097770681
0.011798543664831951521820840867
0.012242461093151389001087991915
0.012679987884934277100890120948
0.013110895648405705010697275270
0.013534959447001289334355789151
0.013951957916776405732584009911
0.014361673381952705721986696119
0.014763891968541347290977405748
0.015158403715982815551654994124
0.015545002686744470790647376646
0.015923487073819107134875494580
0.016293659306067666270312344068
0.016655326151351075580908656093
0.017008298817397796837136425552
0.017352393050353288189713296674
0.017687429230961337900396301848
0.018013232468325490048810522126
0.018329632691202857319723307228
0.018636464736782026169192860721
0.018933568436898633169374051022
0.019220788701643832380172582930
0.019497975600321990757857193444
0.019764984439715332920073365131
0.020021675839614592323778552441
0.020267915805575596743803856725
0.020503575798865903562218093725
0.020728532803562120523377387826
0.020942669390765236703266793938
0.021145873779898904931684455732
0.021338039897059485339170237239
0.021519067430387572165129128621
0.021688861882430909844288180466
0.021847334619472903033399191486
0.021994402917799717872560094634
0.022129990006882638980956201635
0.022254025109452822001054883572
0.022366443478447038673007085663
0.022467186430806515562430547561
0.022556201378109624888779194407
0.022633441854023172296050958607
0.022698867538558153977845677218
0.022752444279117520903321647552
0.022794144108323113190328612632
0.022823945258615641051846978371
0.022841832173616977846863917989
0.022847795516250917619016647109
0.022841832173616977846863917989
0.022823945258615641051846978371
0.022794144108323113190328612632
0.022752444279117520903321647552
0.022698867538558153977845677218
0.022633441854023172296050958607
0.022556201378109624888779194407
0.022467186430806515562430547561
0.022366443478447038673007085663
0.022254025109452822001054883572
0.022129990006882638980956201635
0.021994402917799717872560094634
0.021847334619472903033399191486
0.021688861882430909844288180466
0.021519067430387572165129128621
0.021338039897059485339170237239
0.021145873779898904931684455732
0.020942669390765236703266793938
0.020728532803562120523377387826
0.020503575798865903562218093725
0.020267915805575596743803856725
0.020021675839614592323778552441
0.019764984439715332920073365131
0.019497975600321990757857193444
0.019220788701643832380172582930
0.018933568436898633169374051022
0.018636464736782026169192860721
0.018329632691202857319723307228
0.018013232468325490048810522126
0.017687429230961337900396301848
0.017352393050353288189713296674
0.017008298817397796837136425552
0.016655326151351075580908656093
0.016293659306067666270312344068
0.015923487073819107134875494580
0.015545002686744470790647376646
0.015158403715982815551654994124
0.014763891968541347290977405748
0.014361673381952705721986696119
0.013951957916776405732584009911
0.013534959447001289334355789151
0.013110895648405705010697275270
0.012679987884934277100890120948
0.012242461093151389001087991915
0.011798543664831951521820840867
0.011348467327751599401097770681
0.010892467024740372372182406480
0.010430780791065134144313120146
0.009963649630207011345661705093
0.009491317388105213748161759213
0.009014030625940069874069138223
0.008532038491534407395611161462
0.008045592589463202923272255873
0.007554946849976591598252451121
0.007060357396869981067011323717
0.006562082414494915284797205146
0.006060382014211781499801734441
0.005555518100824740658494338419
0.005047754240058871001706197745
0.004537355529379330162931260872
0.004024588477630288568809291405
0.003509720907916109942231708274
0.002993021926427114499241755041
0.002474762103497648527833385756
0.001955214474528971929645493333
0.001434659676630894997728660201
0.000913423025177678639570377772
0.000392481340893923791920266941
