0.002630509425957445589910888017
0.006038116757550520199981924918
0.009465847849955282694578428959
0.012898125755290583416279304174
0.016332128370714293907894898439
0.019766965573824034352323764097
0.023202269188472061933747880857
0.026637859643588834845928658979
0.030073638996551455698780230819
0.033509549310142910938381533015
0.036945554129149307809321101104
0.040381629372535476907302154359
0.043817758495554873232613601886
0.047253929756291619679320348268
0.050690134591139898723177736883
0.054126366607721097812255806048
0.057562620937821433464431919447
0.060998893808669199523286863496
0.064435182251188230506677712128
0.067871483896759524090391835216
0.071307796832676226261860108480
0.074744119497427818910040286937
0.078180450603573259371614767588
0.081616789080079257812094795099
0.085053134028625687612645833724
0.088489484690083330953314089129
0.091925840418504781159647620825
0.095362200660734655621730837538
0.098798564940272073919835804645
0.102234932844385201233805560150
0.105671304013738462379556892756
0.109107678133977842316326700711
0.112544054928857620301307917998
0.115980434154586448114443442137
0.119416815595150382911526776297
0.122853199058418516287360944261
0.126289584372884317042817770016
0.129725971384924226859070017781
0.133162359956479264821993524492
0.136598749963086601999506797256
0.140035141292199766249737535873
0.143471533841749404603049811158
0.146907927518905606634191940429
0.150344322239008648667279999245
0.153780717924642901239806747071
0.157217114504830723920036916752
0.160653511914329194532058409095
0.164089910093014407221900796685
0.167526308985340016688425635039
0.170962708539860952505762270448
0.174399108708811367840496586723
0.177835509447731104915035871272
0.181271910715133210967309196349
0.184708312472207231147436345964
0.188144714682553892970418019104
0.191581117311946602654870730476
0.195017520328117144323698539665
0.198453923700561696286115420662
0.201890327400365054977271483949
0.205326731400041068154038725879
0.208763135673386224233638586156
0.212199540195346314508384466535
0.215635944941893004100919029042
0.219072349889910145126492579948
0.222508755017088000194291907974
0.225945160301824515824975492251
0.229381565723132646583692917375
0.232817971260553008283622489216
0.236254376894070555747973116922
0.239690782604035423908328539255
0.243127188371086183638070110646
0.246563594176076011921239228286
0.250000000000000000000000000000
0.253436405823924015834336387343
0.256872811628913844117505504983
0.260309217395964631602822692003
0.263745623105929472007602498707
0.267182028739447019471953126413
0.270618434276867381171882698254
0.274054839698175511930600123378
0.277491244982912055316859323284
0.280927650110089910384658651310
0.284364055058107023654656586586
0.287800459804653741002766764723
0.291236864326613775766361413844
0.294673268599958959601536889750
0.298109672599634945022728516051
0.301546076299438359225035810596
0.304982479671882911187452691593
0.308418882688053452856280500782
0.311855285317446162540733212154
0.315291687527792796608139269665
0.318728089284866789032690803651
0.322164490552268922840539744357
0.325600891291188687670654644535
0.329037291460139103005388960810
0.332473691014660011067149980590
0.335910089906985620533674818944
0.339346488085670860979092822163
0.342782885495169387102265545764
0.346219282075357182026920099815
0.349655677760991323577144385126
0.353092072481094421121383675199
0.356528466158250623152525804471
0.359964858707800261505838079756
0.363401250036913425756068818373
0.366837640043520762933582091136
0.370274028615075800896505597848
0.373710415627115710712757845613
0.377146800941581483712639055739
0.380583184404849672599624454961
0.384019565845413579641132173492
0.387455945071142393576479889816
0.390892321866022185439248914918
0.394328695986261579253806530687
0.397765067155614826521770055479
0.401201435059727939957952003169
0.404637799339265358256056970276
0.408074159581495288229291418247
0.411510515309916724557837142129
0.414946865971374312387354166276
0.418383210919920756065693012715
0.421819549396426740628385232412
0.425255880502572181089959713063
0.428692203167323815371503314964
0.432128516103240489787395972598
0.435564817748811783371110095686
0.439001106191330814354500944319
0.442437379062178615107825407904
0.445873633392278923004425905674
0.449309865408860142910185686560
0.452746070243708442770724786897
0.456182241504445140645174205929
0.459618370627464523092697845641
0.463054445870850761579617937969
0.466490450689857116817194082614
0.469926361003448533892878913321
0.473362140356411165154071341021
0.476797730811527986638509446493
0.480233034426175986464357947625
0.483667871629285761603256332819
0.487101874244709409644826791919
0.490534152150044699958186811273
0.493961883242449495412529358873
0.497369490574042616426453378153
0.000000000000000000000000000000
0.003448275862068965903067807588
0.006896551724137931806135615176
0.010344827586206896408160815781
0.013793103448275863612271230352
0.017241379310344830816381644922
0.020689655172413792816321631562
0.024137931034482761755155522110
0.027586206896551727224542460704
0.031034482758620689224482447344
0.034482758620689661632763289845
0.037931034482758627102150228438
0.041379310344827585632643263125
0.044827586206896551102030201719
0.048275862068965523510311044220
0.051724137931034488979697982813
0.055172413793103454449084921407
0.058620689655172419918471860001
0.062068965517241378448964894687
0.065517241379310350857245737188
0.068965517241379323265526579689
0.072413793103448281796019614376
0.075862068965517254204300456877
0.079310344827586212734793491563
0.082758620689655171265286526250
0.086206896551724143673567368751
0.089655172413793102204060403437
0.093103448275862088490129053753
0.096551724137931047020622088439
0.100000000000000019428902930940
0.103448275862068977959395965627
0.106896551724137936489889000313
0.110344827586206908898169842814
0.113793103448275867428662877501
0.117241379310344839836943720002
0.120689655172413798367436754688
0.124137931034482756897929789375
0.127586206896551729306210631876
0.131034482758620701714491474377
0.134482758620689674122772316878
0.137931034482758646531053159379
0.141379310344827591183758386251
0.144827586206896563592039228752
0.148275862068965536000320071253
0.151724137931034508408600913754
0.155172413793103453061306140626
0.158620689655172425469586983127
0.162068965517241397877867825628
0.165517241379310342530573052500
0.168965517241379342694429510630
0.172413793103448287347134737502
0.175862068965517231999839964374
0.179310344827586204408120806875
0.182758620689655176816401649376
0.186206896551724176980258107506
0.189655172413793149388538950006
0.193103448275862094041244176879
0.196551724137931066449525019380
0.200000000000000038857805861880
0.203448275862068983510511088753
0.206896551724137955918791931254
0.210344827586206928327072773754
0.213793103448275872979778000627
0.217241379310344845388058843128
0.220689655172413817796339685628
0.224137931034482790204620528129
0.227586206896551734857325755002
0.231034482758620707265606597502
0.234482758620689679673887440003
0.237931034482758624326592666876
0.241379310344827596734873509376
0.244827586206896569143154351877
0.248275862068965513795859578750
0.251724137931034486204140421250
0.255172413793103458612421263751
0.258620689655172431020702106252
0.262068965517241403428982948753
0.265517241379310375837263791254
0.268965517241379348245544633755
0.272413793103448320653825476256
0.275862068965517293062106318757
0.279310344827586265470387161258
0.282758620689655182367516772501
0.286206896551724154775797615002
0.289655172413793127184078457503
0.293103448275862099592359300004
0.296551724137931072000640142505
0.300000000000000044408920985006
0.303448275862069016817201827507
0.306896551724137933714331438750
0.310344827586206906122612281251
0.313793103448275878530893123752
0.317241379310344850939173966253
0.320689655172413823347454808754
0.324137931034482795755735651255
0.327586206896551712652865262498
0.331034482758620685061146104999
0.334482758620689712980578178758
0.337931034482758685388859021259
0.341379310344827657797139863760
0.344827586206896574694269475003
0.348275862068965547102550317504
0.351724137931034463999679928747
0.355172413793103436407960771248
0.358620689655172408816241613749
0.362068965517241381224522456250
0.365517241379310353632803298751
0.368965517241379381552235372510
0.372413793103448353960516215011
0.375862068965517326368797057512
0.379310344827586298777077900013
0.382758620689655215674207511256
0.386206896551724188082488353757
0.389655172413793160490769196258
0.393103448275862132899050038759
0.396551724137931105307330881260
0.400000000000000077715611723761
0.403448275862069050123892566262
0.406896551724137967021022177505
0.410344827586206939429303020006
0.413793103448275911837583862507
0.417241379310344884245864705008
0.420689655172413856654145547509
0.424137931034482829062426390010
0.427586206896551745959556001253
0.431034482758620718367836843754
0.434482758620689690776117686255
0.437931034482758663184398528756
0.441379310344827635592679371257
0.444827586206896608000960213758
0.448275862068965580409241056259
0.451724137931034497306370667502
0.455172413793103469714651510003
0.458620689655172442122932352504
0.462068965517241414531213195005
0.465517241379310386939494037506
0.468965517241379359347774880007
0.472413793103448331756055722508
0.475862068965517248653185333751
0.479310344827586221061466176252
0.482758620689655193469747018753
0.486206896551724165878027861254
0.489655172413793138286308703755
0.493103448275862110694589546256
0.496551724137931027591719157499
0.500000000000000000000000000000
0.503448275862068972408280842501
0.506896551724137944816561685002
0.510344827586206917224842527503
0.513793103448275889633123370004
0.517241379310344862041404212505
0.520689655172413834449685055006
0.524137931034482806857965897507
0.527586206896551779266246740008
0.531034482758620751674527582509
0.534482758620689724082808425010
0.537931034482758696491089267511
0.541379310344827668899370110012
0.544827586206896641307650952513
0.548275862068965613715931795014
0.551724137931034586124212637515
0.555172413793103558532493480016
0.558620689655172530940774322517
0.562068965517241392326752702502
0.565517241379310364735033545003
0.568965517241379337143314387504
0.572413793103448309551595230005
0.575862068965517281959876072506
0.579310344827586254368156915007
0.582758620689655226776437757508
0.586206896551724199184718600009
0.589655172413793171592999442510
0.593103448275862144001280285011
0.596551724137931116409561127512
0.600000000000000088817841970013
0.603448275862069061226122812513
0.606896551724138033634403655014
0.610344827586206895020382035000
0.613793103448275867428662877501
0.617241379310344839836943720002
0.620689655172413812245224562503
0.624137931034482784653505405004
0.627586206896551757061786247505
0.631034482758620729470067090006
0.634482758620689701878347932507
0.637931034482758674286628775008
0.641379310344827646694909617509
0.644827586206896619103190460010
0.648275862068965591511471302510
0.651724137931034563919752145011
0.655172413793103425305730524997
0.658620689655172397714011367498
0.662068965517241370122292209999
0.665517241379310453552875515015
0.668965517241379425961156357516
0.672413793103448398369437200017
0.675862068965517370777718042518
0.679310344827586343185998885019
0.682758620689655315594279727520
0.686206896551724176980258107506
0.689655172413793149388538950006
0.693103448275862121796819792507
0.696551724137931094205100635008
0.700000000000000066613381477509
0.703448275862068927999359857495
0.706896551724138011429943162511
0.710344827586206872815921542497
0.713793103448275956246504847513
0.717241379310344817632483227499
0.720689655172413901063066532515
0.724137931034482762449044912501
0.727586206896551845879628217517
0.731034482758620707265606597502
0.734482758620689679673887440003
0.737931034482758763104470745020
0.741379310344827624490449125005
0.744827586206896707921032430022
0.748275862068965569307010810007
0.751724137931034652737594115024
0.755172413793103514123572495009
0.758620689655172597554155800026
0.762068965517241458940134180011
0.765517241379310431348415022512
0.768965517241379403756695865013
0.772413793103448376164976707514
0.775862068965517348573257550015
0.779310344827586320981538392516
0.782758620689655182367516772501
0.786206896551724265798100077518
0.789655172413793127184078457503
0.793103448275862210614661762520
0.796551724137931072000640142505
0.800000000000000155431223447522
0.803448275862069016817201827507
0.806896551724138100247785132524
0.810344827586206961633763512509
0.813793103448275934042044355010
0.817241379310344906450325197511
0.820689655172413878858606040012
0.824137931034482740244584419997
0.827586206896551823675167725014
0.831034482758620685061146104999
0.834482758620689768491729410016
0.837931034482758629877707790001
0.841379310344827713308291095018
0.844827586206896574694269475003
0.848275862068965658124852780020
0.851724137931034519510831160005
0.855172413793103491919112002506
0.858620689655172464327392845007
0.862068965517241436735673687508
0.865517241379310409143954530009
0.868965517241379381552235372510
0.872413793103448242938213752495
0.875862068965517326368797057512
0.879310344827586187754775437497
0.882758620689655271185358742514
0.886206896551724243593639585015
0.889655172413793216001920427516
0.893103448275862188410201270017
0.896551724137931160818482112518
0.900000000000000133226762955019
0.903448275862068994612741335004
0.906896551724138078043324640021
0.910344827586206939429303020006
0.913793103448276022859886325023
0.917241379310344884245864705008
0.920689655172413967676448010025
0.924137931034482829062426390010
0.927586206896551912493009695027
0.931034482758620773878988075012
0.934482758620689746287268917513
0.937931034482758718695549760014
0.941379310344827691103830602515
0.944827586206896663512111445016
0.948275862068965635920392287517
0.951724137931034497306370667502
0.955172413793103580736953972519
0.958620689655172442122932352504
0.962068965517241525553515657521
0.965517241379310386939494037506
0.968965517241379470370077342523
0.972413793103448331756055722508
0.975862068965517415186639027525
0.979310344827586276572617407510
0.982758620689655248980898250011
0.986206896551724221389179092512
0.989655172413793193797459935013
0.993103448275862055183438314998
0.996551724137931138614021620015
0.000350510471346588390901405363
0.000815763080653532737275546172
0.001281324631404599312736736216
0.001746348725069113037508539144
0.002210570723786267708504960083
0.002673765793624869203243266114
0.003135715767590607251646961373
0.003596204532864146884846290320
0.004055017111577604964345322713
0.004511939473903788140607407087
0.004966758540826857193373200516
0.005419262245972017270900789043
0.005869239618375426438545705565
0.006316480873332655510132838117
0.006760777506453343604908567954
0.007201922388884833547972874612
0.007639709862777410882828110772
0.008073935836525769627058934930
0.008504397879534664195233517603
0.008930895316355538446351225446
0.009353229320089213177924492015
0.009771203004979505529759009619
0.010184621518133797624106051671
0.010593292130316780616516858515
0.010997024325767318711499775929
0.011395629890992976449015650076
0.011788923002496547870476817366
0.012176720313393193592665930680
0.012558841038875711085265329814
0.012935107040487423685215517821
0.013305342909163358697255397090
0.013669376046999045723473464875
0.014027036747710655215093389359
0.014378158275747407804368016571
0.014722576944018904085420551553
0.015060132190202708130088993244
0.015390666651594461442065231438
0.015714026238467314333657753878
0.016030060205905138914772578573
0.016338621224077212734648867354
0.016639565446920117491869106630
0.016932752579196304332231903800
0.017218045941897245493246160208
0.017495312535960656774580712636
0.017764423104272123593583287970
0.018025252191922632588605424075
0.018277678204693562774574289165
0.018521583465741432716900050082
0.018756854270457212069400654286
0.018983380939473288445684673320
0.019201057869794101867766400460
0.019409783584026417402323971828
0.019609460777686504168171310880
0.019799996364561877476573314993
0.019981301520106253127861961616
0.020153291722848291900316297642
0.020315886793794039194560596684
0.020469010933805011770436621532
0.020612592758934390052560914341
0.020746565333705169198452722412
0.020870866202314354576063948343
0.020985437417748737526368429940
0.021090225568798762201261354221
0.021185181804958284901285736623
0.021270261859197250181585658879
0.021345426068598825214417402663
0.021410639392849348944247722670
0.021465871430573661010621222545
0.021511096433507369274362730494
0.021546293318500726876596473858
0.021571445677346944014285412550
0.021586541784431537843724768777
0.021591574602198567583988264573
0.021586541784431537843724768777
0.021571445677346944014285412550
0.021546293318500726876596473858
0.021511096433507369274362730494
0.021465871430573661010621222545
0.021410639392849348944247722670
0.021345426068598825214417402663
0.021270261859197250181585658879
0.021185181804958284901285736623
0.021090225568798762201261354221
0.020985437417748737526368429940
0.020870866202314354576063948343
0.020746565333705169198452722412
0.020612592758934390052560914341
0.020469010933805011770436621532
0.020315886793794039194560596684
0.020153291722848291900316297642
0.019981301520106253127861961616
0.019799996364561877476573314993
0.019609460777686504168171310880
0.019409783584026417402323971828
0.019201057869794101867766400460
0.018983380939473288445684673320
0.018756854270457212069400654286
0.018521583465741432716900050082
0.018277678204693562774574289165
0.018025252191922632588605424075
0.017764423104272123593583287970
0.017495312535960656774580712636
0.017218045941897245493246160208
0.016932752579196304332231903800
0.016639565446920117491869106630
0.016338621224077212734648867354
0.016030060205905138914772578573
0.015714026238467314333657753878
0.015390666651594461442065231438
0.015060132190202708130088993244
0.014722576944018904085420551553
0.014378158275747407804368016571
0.014027036747710655215093389359
0.013669376046999045723473464875
0.013305342909163358697255397090
0.012935107040487423685215517821
0.012558841038875711085265329814
0.012176720313393193592665930680
0.011788923002496547870476817366
0.011395629890992976449015650076
0.010997024325767318711499775929
0.010593292130316780616516858515
0.010184621518133797624106051671
0.009771203004979505529759009619
0.009353229320089213177924492015
0.008930895316355538446351225446
0.008504397879534664195233517603
0.008073935836525769627058934930
0.007639709862777410882828110772
0.007201922388884833547972874612
0.006760777506453343604908567954
0.006316480873332655510132838117
0.005869239618375426438545705565
0.005419262245972017270900789043
0.004966758540826857193373200516
0.004511939473903788140607407087
0.004055017111577604964345322713
0.003596204532864146884846290320
0.003135715767590607251646961373
0.002673765793624869203243266114
0.002210570723786267708504960083
0.001746348725069113037508539144
0.001281324631404599312736736216
0.000815763080653532737275546172
0.000350510471346588390901405363
