0.002493414970368834551045500447
0.005723427777139940622608271781
0.008972515553586527664586824926
0.012225913177010860541371606303
0.015480945624544863170601871616
0.018736769164596912828901764669
0.021993034809516691374664532077
0.025249572347189018495239309914
0.028506288939713197300163116665
0.031763129669630171814098673622
0.035020059981908539803452384831
0.038277057050792616388346090162
0.041534105194048792641936529435
0.044791193281968545714111229472
0.048048313197513195516030748422
0.051305458881717391772525616034
0.054562625720350442504180676906
0.057819810137537827610110241494
0.061077009319219430216740818196
0.064334221020504081534063800518
0.067591443428658845582468472912
0.070848675063849939070870220803
0.074105914706036765671193222715
0.077363161340315733660588648490
0.080620414115503427621156617988
0.083877672312361664652691217725
0.087134935318944867210788629563
0.090392202611272981505052825923
0.093649473738036240200166560044
0.096906748308381557288626595437
0.100164025982080739929358514928
0.103421306461555922995287915001
0.106678589485364044842086173048
0.109935874822839577125144217007
0.113193162269661223851002773699
0.116450451644161914743769159486
0.119707742784240775413273638605
0.122965035544765399766475866272
0.126222329795375731720241674338
0.129479625418619015420063078636
0.132736922308358595845589888995
0.135994220368411522503748756208
0.139251519511375931870134081692
0.142508819657619772991452578026
0.145766120734403703540493779656
0.149023422675119088243178566699
0.152280725418622947531233080554
0.155538028908656256188436373122
0.158795333093332602381053675344
0.162052637924688713866316902568
0.165309943358286831616155154734
0.168567249352863018918569082416
0.171824555870014439307169595850
0.175081862873920940382177491301
0.178339170331096585897512341035
0.181596478210166833999750224393
0.184853786481668641572539968365
0.188111095117870302795282100305
0.191368404092609023514626187534
0.194625713381143594649103079064
0.197883022960020776848111268009
0.201140332806953231470359355626
0.204397642900708442770252304399
0.207654953221006660646352770527
0.210912263748426836995619737536
0.214169574464320056073063369695
0.217426885350729043322459688170
0.220684196390313475122368913617
0.223941507566280006980008465689
0.227198818862316354039165844370
0.230456130262529562680029471267
0.233713441751386835631976168770
0.236970753313659576733130052162
0.240228064934369184291185206348
0.243485376598735120401428844161
0.246742688292123979465486627305
0.250000000000000000000000000000
0.253257311707876076045664603953
0.256514623401264907354146771468
0.259771935065630843464390409281
0.263029246686340423266869947838
0.266286558248613192123599446859
0.269543869737470465075546144362
0.272801181137683645960834155630
0.276058492433719993019991534311
0.279315803609686552633206702012
0.282573114649270984433115927459
0.285830425535679999438087861563
0.289087736251573190759955878093
0.292345046778993367109222845102
0.295602357099291557229747695601
0.298859667193046796285216260003
0.302116977039979250907464347620
0.305374286618856405350896920936
0.308631595907391031996525043724
0.311888904882129780471444746581
0.315146213518331386183035647264
0.318403521789833221511401006865
0.321660829668903469613638890223
0.324918137126079087373398124328
0.328175444129985560692830404150
0.331432750647137008837006533213
0.334690056641713140628269229637
0.337947362075311286133683097432
0.341204666906667397618946324656
0.344461971091343743811563626878
0.347719274581377080224342535075
0.350976577324880967267972664558
0.354233879265596351970657451602
0.357491180342380310275274268861
0.360748480488624068129865918308
0.364005779631588477496251243792
0.367263077691641459665561342263
0.370520374581381040091088152622
0.373777670204624323790909556919
0.377034964455234655744675364986
0.380292257215759266220089784838
0.383549548355838099134018648328
0.386806837730338803904572841930
0.390064125177160436752643590808
0.393321410514635982913489442581
0.396578693538444104760287700628
0.399835974017919260070641485072
0.403093251691618470466949020192
0.406350526261963773677621247771
0.409607797388727046250522789705
0.412865064681055160544786986065
0.416122327687638349225096590089
0.419379585884496586256631189826
0.422636838659684321850562582767
0.425894085293963275962170200728
0.429151324936150102562493202640
0.432408556571341140539743719273
0.435665778979495932343724007296
0.438922990680780555905471373990
0.442180189862462214023253181949
0.445437374279649578312501034816
0.448694541118282608227474383966
0.451951686802486818361757059392
0.455208806718031488980358290064
0.458465894805951235113639086194
0.461722942949207404428335621560
0.464979940018091508768804942520
0.468236870330369814308113518564
0.471493711060286868619328970453
0.474750427652811002321442401808
0.478006965190483357197592795274
0.481263230835403121865567754867
0.484519054375455171523867647920
0.487774086822989172418374437257
0.491027484446413531316011358285
0.494276572222860088867690819825
0.497506585029631187566678818257
0.000000000000000000000000000000
0.003267973856209149992324558553
0.006535947712418299984649117107
0.009803921568627449109611937672
0.013071895424836599969298234214
0.016339869281045752563708006733
0.019607843137254898219223875344
0.022875816993464054283080599816
0.026143790849673199938596468428
0.029411764705882349063559288993
0.032679738562091505127416013465
0.035947712418300650782931882077
0.039215686274509796438447750688
0.042483660130718949032857523207
0.045751633986928108566161199633
0.049019607843137254221677068244
0.052287581699346399877192936856
0.055555555555555552471602709375
0.058823529411764698127118577986
0.062091503267973857660422254412
0.065359477124183010254832026931
0.068627450980392148971453991635
0.071895424836601301565863764154
0.075163398692810454160273536672
0.078431372549019592876895501377
0.081699346405228759349093081710
0.084967320261437898065715046414
0.088235294117647064537912626747
0.091503267973856217132322399266
0.094771241830065355848944363970
0.098039215686274508443354136489
0.101307189542483661037763909007
0.104575163398692799754385873712
0.107843137254901952348795646230
0.111111111111111104943205418749
0.114379084967320257537615191268
0.117647058823529396254237155972
0.120915032679738548848646928491
0.124183006535947715320844508824
0.127450980392156854037466473528
0.130718954248366020509664053861
0.133986928104575159226286018566
0.137254901960784297942907983270
0.140522875816993464415105563603
0.143790849673202603131727528307
0.147058823529411741848349493011
0.150326797385620908320547073345
0.153594771241830047037169038049
0.156862745098039185753791002753
0.160130718954248379981564198715
0.163398692810457518698186163419
0.166666666666666657414808128124
0.169934640522875796131430092828
0.173202614379084934848052057532
0.176470588235294129075825253494
0.179738562091503267792447218199
0.183006535947712434264644798532
0.186274509803921572981266763236
0.189542483660130711697888727940
0.192810457516339878170086308273
0.196078431372549016886708272978
0.199346405228758155603330237682
0.202614379084967322075527818015
0.205882352941176460792149782719
0.209150326797385599508771747423
0.212418300653594765980969327757
0.215686274509803904697591292461
0.218954248366013043414213257165
0.222222222222222209886410837498
0.225490196078431348603032802203
0.228758169934640515075230382536
0.232026143790849653791852347240
0.235294117647058792508474311944
0.238562091503267958980671892277
0.241830065359477097697293856982
0.245098039215686291925067052944
0.248366013071895430641689017648
0.251633986928104569358310982352
0.254901960784313708074932947056
0.258169934640522902302706143018
0.261437908496732041019328107723
0.264705882352941179735950072427
0.267973856209150318452572037131
0.271241830065359457169194001835
0.274509803921568595885815966540
0.277777777777777790113589162502
0.281045751633986928830211127206
0.284313725490196067546833091910
0.287581699346405206263455056614
0.290849673202614344980077021319
0.294117647058823483696698986023
0.297385620915032677924472181985
0.300653594771241816641094146689
0.303921568627450955357716111394
0.307189542483660094074338076098
0.310457516339869232790960040802
0.313725490196078371507582005506
0.316993464052287565735355201468
0.320261437908496759963128397430
0.323529411764705898679750362135
0.326797385620915037396372326839
0.330065359477124120601843060285
0.333333333333333314829616256247
0.336601307189542453546238220952
0.339869281045751592262860185656
0.343137254901960730979482150360
0.346405228758169869696104115064
0.349673202614379119435028542284
0.352941176470588258151650506989
0.356209150326797396868272471693
0.359477124183006535584894436397
0.362745098039215674301516401101
0.366013071895424868529289597063
0.369281045751634007245911561768
0.372549019607843145962533526472
0.375816993464052284679155491176
0.379084967320261423395777455880
0.382352941176470617623550651842
0.385620915032679756340172616547
0.388888888888888895056794581251
0.392156862745098033773416545955
0.395424836601307172490038510659
0.398692810457516311206660475364
0.401960784313725505434433671326
0.405228758169934644151055636030
0.408496732026143782867677600734
0.411764705882352921584299565438
0.415032679738562060300921530143
0.418300653594771199017543494847
0.421568627450980393245316690809
0.424836601307189531961938655513
0.428104575163398670678560620217
0.431372549019607809395182584922
0.434640522875816948111804549626
0.437908496732026086828426514330
0.441176470588235281056199710292
0.444444444444444419772821674997
0.447712418300653558489443639701
0.450980392156862697206065604405
0.454248366013071835922687569109
0.457516339869281030150460765071
0.460784313725490168867082729776
0.464052287581699307583704694480
0.467320261437908446300326659184
0.470588235294117585016948623888
0.473856209150326723733570588593
0.477124183006535917961343784555
0.480392156862745056677965749259
0.483660130718954195394587713963
0.486928104575163334111209678667
0.490196078431372583850134105887
0.493464052287581722566756070592
0.496732026143790861283378035296
0.500000000000000000000000000000
0.503267973856209138716621964704
0.506535947712418277433243929408
0.509803921568627416149865894113
0.513071895424836554866487858817
0.516339869281045804605412286037
0.519607843137254943322034250741
0.522875816993464082038656215445
0.526143790849673220755278180150
0.529411764705882359471900144854
0.532679738562091498188522109558
0.535947712418300636905144074262
0.539215686274509775621766038967
0.542483660130718914338388003671
0.545751633986928053055009968375
0.549019607843137191771631933079
0.552287581699346330488253897784
0.555555555555555580227178325003
0.558823529411764718943800289708
0.562091503267973857660422254412
0.565359477124182996377044219116
0.568627450980392135093666183820
0.571895424836601273810288148525
0.575163398692810412526910113229
0.578431372549019551243532077933
0.581699346405228689960154042637
0.584967320261437828676776007342
0.588235294117646967393397972046
0.591503267973856217132322399266
0.594771241830065355848944363970
0.598039215686274494565566328674
0.601307189542483633282188293379
0.604575163398692771998810258083
0.607843137254901910715432222787
0.611111111111111049432054187491
0.614379084967320188148676152196
0.617647058823529326865298116900
0.620915032679738465581920081604
0.624183006535947604298542046308
0.627450980392156743015164011013
0.630718954248365992754088438232
0.633986928104575131470710402937
0.637254901960784270187332367641
0.640522875816993519926256794861
0.643790849673202658642878759565
0.647058823529411797359500724269
0.650326797385620936076122688974
0.653594771241830074792744653678
0.656862745098039213509366618382
0.660130718954248241203686120571
0.663398692810457490942610547791
0.666666666666666629659232512495
0.669934640522875768375854477199
0.673202614379084907092476441903
0.676470588235294045809098406608
0.679738562091503184525720371312
0.683006535947712434264644798532
0.686274509803921461958964300720
0.689542483660130711697888727940
0.692810457516339739392208230129
0.696078431372548989131132657349
0.699346405228758238870057084569
0.702614379084967266564376586757
0.705882352941176516303301013977
0.709150326797385543997620516166
0.712418300653594793736544943386
0.715686274509803932453166908090
0.718954248366013071169788872794
0.722222222222222209886410837498
0.725490196078431348603032802203
0.728758169934640487319654766907
0.732026143790849737058579194127
0.735294117647058764752898696315
0.738562091503268014491823123535
0.741830065359477042186142625724
0.745098039215686291925067052944
0.748366013071895319619386555132
0.751633986928104569358310982352
0.754901960784313708074932947056
0.758169934640522846791554911761
0.761437908496731985508176876465
0.764705882352941235247101303685
0.767973856209150262941420805873
0.771241830065359512680345233093
0.774509803921568540374664735282
0.777777777777777790113589162502
0.781045751633986817807908664690
0.784313725490196067546833091910
0.787581699346405095241152594099
0.790849673202614344980077021319
0.794117647058823483696698986023
0.797385620915032622413320950727
0.800653594771241761129942915431
0.803921568627451010868867342651
0.807189542483660038563186844840
0.810457516339869288302111272060
0.813725490196078315996430774248
0.816993464052287565735355201468
0.820261437908496593429674703657
0.823529411764705843168599130877
0.826797385620914981885221095581
0.830065359477124120601843060285
0.833333333333333259318465024990
0.836601307189542398035086989694
0.839869281045751647774011416914
0.843137254901960786490633381618
0.846405228758169925207255346322
0.849673202614379063923877311026
0.852941176470588313662801738246
0.856209150326797341357121240435
0.859477124183006591096045667655
0.862745098039215618790365169843
0.866013071895424868529289597063
0.869281045751633896223609099252
0.872549019607843145962533526472
0.875816993464052173656853028660
0.879084967320261423395777455880
0.882352941176470562112399420585
0.885620915032679700829021385289
0.888888888888888839545643349993
0.892156862745098089284567777213
0.895424836601307116978887279402
0.898692810457516366717811706621
0.901960784313725394412131208810
0.905228758169934644151055636030
0.908496732026143671845375138219
0.911764705882352921584299565438
0.915032679738562060300921530143
0.918300653594771199017543494847
0.921568627450980337734165459551
0.924836601307189476450787424255
0.928104575163398615167409388960
0.931372549019607864906333816180
0.934640522875816892600653318368
0.937908496732026142339577745588
0.941176470588235170033897247777
0.944444444444444419772821674997
0.947712418300653447467141177185
0.950980392156862697206065604405
0.954248366013071835922687569109
0.957516339869280974639309533814
0.960784313725490113355931498518
0.964052287581699363094855925738
0.967320261437908390789175427926
0.970588235294117640528099855146
0.973856209150326668222419357335
0.977124183006535917961343784555
0.980392156862745167700268211775
0.983660130718954195394587713963
0.986928104575163445133512141183
0.990196078431372472827831643372
0.993464052287581722566756070592
0.996732026143790750261075572780
0.000314928819161681429993071557
0.000732966328826202529432565225
0.001151316090458260991968852949
0.001569237408479457959731284689
0.001986512240107385536547202065
0.002402958239929734677448047719
0.002818398969520796281534869010
0.003232659735581598810238990183
0.003645566746720316046725951509
0.004056946928278200477369086485
0.004466627907671466557459893920
0.004874438052896884823739220849
0.005280206529964973777291348256
0.005683763367715007411296035400
0.006084939525645833430234077355
0.006483566962944112971323207262
0.006879478707885420055156977526
0.007272508927204063972071779176
0.007662492995213701293955033123
0.008049267562552571073086760123
0.008432670624470520182036636925
0.008812541588599530351100241887
0.009188721342161546012938799777
0.009561052318575161482194779694
0.009929378563426856374452000864
0.010293545799774759738620666383
0.010653401492755749241370111235
0.011008794913465548559461382183
0.011359577202086506425571243994
0.011705601430232963344746366374
0.012046722662489992711210007315
0.012382798017117375641293897104
0.012713686725895099322025671995
0.013039250193083376169744802553
0.013359352053473308799547147885
0.013673858229503611100286164515
0.013982636987419522558995232941
0.014285558992449693890836037724
0.014582497362979021660045475528
0.014873327723693376481439720749
0.015157928257675175667817946135
0.015436179757427238509737144057
0.015707965674803554129157490138
0.015973172169826358596234072706
0.016231688158368805241504873038
0.016483405358683617114579078589
0.016728218336757701145689480882
0.016966024550473687154683588574
0.017196724392561188454742193699
0.017420221232317473908368654634
0.017636421456082507913665224919
0.017845234506449734329658340926
0.018046572920196426309535908672
0.018240352364919162203582558845
0.018426491674356441918813942493
0.018604912882386276384849566057
0.018775541255682978020180584622
0.018938305325019590130697366703
0.019093136915203770542781569475
0.019239971173633321072093949056
0.019378746597460239781129942571
0.019509405059351916239540614129
0.019631891831838235717988538909
0.019746155610234430305416353235
0.019852148534130847207235248675
0.019949826207439420172606858728
0.020039147716989579028901147240
0.020120075649664996564336405527
0.020192576108074261620473066614
0.020256618724749417270736273622
0.020312176674865411313275487259
0.020359226687475851652608938025
0.020397749055260611800166614671
0.020427727642780026812152627258
0.020449149893233375951950847593
0.020462006833718827947254936817
0.020466293078991459192250701449
0.020462006833718827947254936817
0.020449149893233375951950847593
0.020427727642780026812152627258
0.020397749055260611800166614671
0.020359226687475851652608938025
0.020312176674865411313275487259
0.020256618724749417270736273622
0.020192576108074261620473066614
0.020120075649664996564336405527
0.020039147716989579028901147240
0.019949826207439420172606858728
0.019852148534130847207235248675
0.019746155610234430305416353235
0.019631891831838235717988538909
0.019509405059351916239540614129
0.019378746597460239781129942571
0.019239971173633321072093949056
0.019093136915203770542781569475
0.018938305325019590130697366703
0.018775541255682978020180584622
0.018604912882386276384849566057
0.018426491674356441918813942493
0.018240352364919162203582558845
0.018046572920196426309535908672
0.017845234506449734329658340926
0.017636421456082507913665224919
0.017420221232317473908368654634
0.017196724392561188454742193699
0.016966024550473687154683588574
0.016728218336757701145689480882
0.016483405358683617114579078589
0.016231688158368805241504873038
0.015973172169826358596234072706
0.015707965674803554129157490138
0.015436179757427238509737144057
0.015157928257675175667817946135
0.014873327723693376481439720749
0.014582497362979021660045475528
0.014285558992449693890836037724
0.013982636987419522558995232941
0.013673858229503611100286164515
0.013359352053473308799547147885
0.013039250193083376169744802553
0.012713686725895099322025671995
0.012382798017117375641293897104
0.012046722662489992711210007315
0.011705601430232963344746366374
0.011359577202086506425571243994
0.011008794913465548559461382183
0.010653401492755749241370111235
0.010293545799774759738620666383
0.009929378563426856374452000864
0.009561052318575161482194779694
0.009188721342161546012938799777
0.008812541588599530351100241887
0.008432670624470520182036636925
0.008049267562552571073086760123
0.007662492995213701293955033123
0.007272508927204063972071779176
0.006879478707885420055156977526
0.006483566962944112971323207262
0.006084939525645833430234077355
0.005683763367715007411296035400
0.005280206529964973777291348256
0.004874438052896884823739220849
0.004466627907671466557459893920
0.004056946928278200477369086485
0.003645566746720316046725951509
0.003232659735581598810238990183
0.002818398969520796281534869010
0.002402958239929734677448047719
0.001986512240107385536547202065
0.001569237408479457959731284689
0.001151316090458260991968852949
0.000732966328826202529432565225
0.000314928819161681429993071557
