0.002369902559417159416954579143
0.005439915256455730811768756183
0.008528058036424241913908694812
0.011620297173662664028115365511
0.014714090153912331646046673939
0.017808635040367531976457371456
0.020903600132806662847961831631
0.023998823650819969821590404990
0.027094217355445961159521317541
0.030189729049762241419596620062
0.033285325890613053079203353946
0.036380986183105562536965749132
0.039476695022013660874016238722
0.042572441829127213863692702489
0.045668218889675080141010710122
0.048764020445014343019263236556
0.051859842109674259003071483676
0.054955680485108258925830426733
0.058051532896850915888009581067
0.061147397211415752127372513769
0.064243271706070942395072620457
0.067339154974498410810568316265
0.070435045857308753447512117418
0.073530943390093236877724791611
0.076626846764058204053426948121
0.079722755295825425969624689060
0.082818668403999901039824749205
0.085914585590801784142911401432
0.089010506427528043871255647446
0.092106430542944470185595662315
0.095202357613942134584306131728
0.098298287357957078724801647240
0.101394219526779016948836442680
0.104490153901459381646787960563
0.107586090288098193412658076795
0.110682028514337491009733582814
0.113777968426426748238533548374
0.116873909886754376308282132868
0.119969852771761129051064642681
0.123065796970167895540981817248
0.126161742381464270224000756571
0.129257688914614227160271298089
0.132353636486942288774670828388
0.135449585023173335596169408745
0.138545534454599661433604751437
0.141641484718357857364168239656
0.144737435756797455654876216613
0.147833387516929093408180051483
0.150929339949939816944990411685
0.154025293010766867185523665285
0.157121246657720980977046565386
0.160217200852153657253396090709
0.163313155558161060554311916349
0.166409110742321258991083254841
0.169505066373459412076840635564
0.172601022422437661019145593855
0.175696978861967278984224094529
0.178792935666439362085711195505
0.181888892811772229229916320037
0.184984850275274087527677124854
0.188080808035518159959664785674
0.191176766072229498139023462500
0.194272724366182203414865625746
0.197368682899105141181905764824
0.200464641653596176151808094801
0.203560600613043263251711323392
0.206656559761551616993813240697
0.209752519083876792782561437889
0.212848478565362653203152376591
0.215944438191883525401948418221
0.219040397949790355269783503900
0.222136357825860358827796403602
0.225232317807249615704279221973
0.228328277881448188368906926371
0.231424238036237739368772281523
0.234520198259650924921260184419
0.237616158539932537108185783836
0.240712118865502172626591459448
0.243808079224917872984690347948
0.246904039606840680631805184930
0.250000000000000000000000000000
0.253095960393159347123770430699
0.256191920775082127015309652052
0.259287881134497855128984156181
0.262383841460067490647389831793
0.265479801740349130589891046839
0.268575761963762260631227718477
0.271671722118551839386668689258
0.274767682192750439806872009285
0.277863642174139668927779212027
0.280959602050209700241367727358
0.284055561808116530109202813037
0.287151521434637402307998854667
0.290247480916123234973014177740
0.293343440238448383006186759303
0.296439399386956792259439907866
0.299535358346403823848191905199
0.302631317100894914329245466433
0.305727275633817852096285605512
0.308823233927770501860976537500
0.311919191964481867795910829955
0.315015149724725940227898490775
0.318111107188227826281234911221
0.321207064333560721181015651382
0.324303021138032776526927136729
0.327398977577562366736430021774
0.330494933626540587923159364436
0.333590889257678824275643592046
0.336686844441838994956839314909
0.339782799147846426013330756177
0.342878753342279019022953434614
0.345974706989233160570051950344
0.349070660050060266321736435202
0.352166612483070962102971179775
0.355262564243202572100699399016
0.358358515281642198146982991602
0.361454465545400394077546479821
0.364550414976826719914981822512
0.367646363513057683469753555983
0.370742311085385800595304317540
0.373838257618535729775999243429
0.376934203029832104459018182752
0.380030147228238912582298780762
0.383126090113245665325081290575
0.386222031573573265639254259440
0.389317971485662550623629840629
0.392413909711901820465129731019
0.395509846098540673864363270695
0.398605780473221038562314788578
0.401701712642042907397410544945
0.404797642386057920926845099530
0.407893569457055571447767761128
0.410989493572471942250956544740
0.414085414409198215857088598568
0.417181331596000126715750866424
0.420277244704174601785950926569
0.423373153235941879213299898765
0.426469056609906804755638631832
0.429564954142691246552487882582
0.432660845025501672456158530622
0.435756728293929085360502995172
0.438852602788584233994839678417
0.441948467103149111867566034562
0.445044319514891761890851284988
0.448140157890325740996928516324
0.451235979554985677797418475166
0.454331781110324961492352713321
0.457427558170872772258519489696
0.460523304977986380759347184721
0.463619013816894465218609866497
0.466714674109386939981902742147
0.469810270950237807152660707288
0.472905782644554073534948201996
0.476001176349180044056197402824
0.479096399867193378785401591813
0.482191364959632495779118244172
0.485285909846087715191487177435
0.488379702826337414034441053445
0.491471941963575742473580021397
0.494560084743544292606998169504
0.497630097440582896961558390103
0.000000000000000000000000000000
0.003105590062111801465810634326
0.006211180124223602931621268652
0.009316770186335403963751033984
0.012422360248447205863242537305
0.015527950310559007762734040625
0.018633540372670807927502067969
0.021739130434782611561717047266
0.024844720496894411726485074610
0.027950310559006211891253101953
0.031055900621118015525468081250
0.034161490683229815690236108594
0.037267080745341615855004135938
0.040372670807453416019772163281
0.043478260869565223123434094532
0.046583850931677023288202121876
0.049689440993788823452970149219
0.052795031055900623617738176563
0.055900621118012423782506203906
0.059006211180124230886168135157
0.062111801242236031050936162501
0.065217391304347824276810285937
0.068322981366459631380472217188
0.071428571428571424606346340624
0.074534161490683231710008271875
0.077639751552795038813670203126
0.080745341614906832039544326562
0.083850931677018639143206257813
0.086956521739130446246868189064
0.090062111801242239472742312500
0.093167701863354046576404243751
0.096273291925465839802278367188
0.099378881987577646905940298439
0.102484472049689440131814421875
0.105590062111801247235476353126
0.108695652173913040461350476562
0.111801242236024847565012407813
0.114906832298136640790886531249
0.118012422360248461772336270315
0.121118012422360254998210393751
0.124223602484472062101872325002
0.127329192546583869205534256253
0.130434782608695648553620571874
0.133540372670807455657282503125
0.136645962732919262760944434376
0.139751552795031069864606365627
0.142857142857142849212692681249
0.145962732919254656316354612500
0.149068322981366463420016543751
0.152173913043478270523678475001
0.155279503105590077627340406252
0.158385093167701856975426721874
0.161490683229813664079088653125
0.164596273291925443427174968747
0.167701863354037278286412515627
0.170807453416149085390074446877
0.173913043478260892493736378128
0.177018633540372699597398309379
0.180124223602484478945484625001
0.183229813664596286049146556252
0.186335403726708093152808487503
0.189440993788819900256470418753
0.192546583850931679604556734375
0.195652173913043486708218665626
0.198757763975155293811880596877
0.201863354037267073159966912499
0.204968944099378880263628843750
0.208074534161490687367290775001
0.211180124223602494470952706251
0.214285714285714273819039021873
0.217391304347826080922700953124
0.220496894409937888026362884375
0.223602484472049695130024815626
0.226708074534161474478111131248
0.229813664596273281581773062499
0.232919254658385116441010609378
0.236024844720496923544672540629
0.239130434782608702892758856251
0.242236024844720509996420787502
0.245341614906832317100082718753
0.248447204968944124203744650004
0.251552795031055931307406581254
0.254658385093167738411068512505
0.257763975155279490003579212498
0.260869565217391297107241143749
0.263975155279503104210903075000
0.267080745341614911314565006251
0.270186335403726718418226937501
0.273291925465838525521888868752
0.276397515527950332625550800003
0.279503105590062139729212731254
0.282608695652173891321723431247
0.285714285714285698425385362498
0.288819875776397505529047293749
0.291925465838509312632709224999
0.295031055900621119736371156250
0.298136645962732926840033087501
0.301242236024844733943695018752
0.304347826086956541047356950003
0.307453416149068348151018881254
0.310559006211180155254680812504
0.313664596273291906847191512497
0.316770186335403713950853443748
0.319875776397515521054515374999
0.322981366459627328158177306250
0.326086956521739135261839237501
0.329192546583850886854349937494
0.332298136645962749469163100002
0.335403726708074556572825031253
0.338509316770186363676486962504
0.341614906832298170780148893755
0.344720496894409977883810825006
0.347826086956521784987472756256
0.350931677018633592091134687507
0.354037267080745399194796618758
0.357142857142857150787307318751
0.360248447204968957890969250002
0.363354037267080764994631181253
0.366459627329192572098293112504
0.369565217391304379201955043754
0.372670807453416186305616975005
0.375776397515527993409278906256
0.378881987577639800512940837507
0.381987577639751552105451537500
0.385093167701863359209113468751
0.388198757763975166312775400002
0.391304347826086973416437331252
0.394409937888198780520099262503
0.397515527950310587623761193754
0.400621118012422394727423125005
0.403726708074534146319933824998
0.406832298136645953423595756249
0.409937888198757760527257687500
0.413043478260869567630919618750
0.416149068322981374734581550001
0.419254658385093181838243481252
0.422360248447204988941905412503
0.425465838509316796045567343754
0.428571428571428547638078043747
0.431677018633540354741739974997
0.434782608695652161845401906248
0.437888198757763968949063837499
0.440993788819875776052725768750
0.444099378881987583156387700001
0.447204968944099390260049631252
0.450310559006211141852560331245
0.453416149068322948956222262495
0.456521739130434756059884193746
0.459627329192546563163546124997
0.462732919254658370267208056248
0.465838509316770232882021218757
0.468944099378882039985683150007
0.472049689440993847089345081258
0.475155279503105654193007012509
0.478260869565217405785517712502
0.481366459627329212889179643753
0.484472049689441019992841575004
0.487577639751552827096503506255
0.490683229813664634200165437505
0.493788819875776441303827368756
0.496894409937888248407489300007
0.500000000000000000000000000000
0.503105590062111862614813162509
0.506211180124223614207323862502
0.509316770186335476822137025010
0.512422360248447228414647725003
0.515527950310558980007158424996
0.518633540372670842621971587505
0.521739130434782594214482287498
0.524844720496894456829295450007
0.527950310559006208421806150000
0.531055900621118071036619312508
0.534161490683229822629130012501
0.537267080745341574221640712494
0.540372670807453436836453875003
0.543478260869565188428964574996
0.546583850931677051043777737505
0.549689440993788802636288437498
0.552795031055900665251101600006
0.555900621118012416843612299999
0.559006211180124279458425462508
0.562111801242236031050936162501
0.565217391304347782643446862494
0.568322981366459645258260025003
0.571428571428571396850770724996
0.574534161490683259465583887504
0.577639751552795011058094587497
0.580745341614906873672907750006
0.583850931677018625265418449999
0.586956521739130376857929149992
0.590062111801242239472742312500
0.593167701863353991065253012493
0.596273291925465853680066175002
0.599378881987577716294879337511
0.602484472049689467887390037504
0.605590062111801330502203200012
0.608695652173913082094713900005
0.611801242236024944709527062514
0.614906832298136696302037762507
0.618012422360248447894548462500
0.621118012422360310509361625009
0.624223602484472062101872325002
0.627329192546583813694383024995
0.630434782608695676309196187503
0.633540372670807427901706887496
0.636645962732919290516520050005
0.639751552795031042109030749998
0.642857142857142904723843912507
0.645962732919254656316354612500
0.649068322981366518931167775008
0.652173913043478270523678475001
0.655279503105590133138491637510
0.658385093167701773708699874987
0.661490683229813636323513037496
0.664596273291925498938326200005
0.667701863354037250530836899998
0.670807453416149113145650062506
0.673913043478260864738160762499
0.677018633540372727352973925008
0.680124223602484478945484625001
0.683229813664596341560297787510
0.686335403726708093152808487503
0.689440993788819955767621650011
0.692546583850931707360132350004
0.695652173913043569974945512513
0.698757763975155321567456212506
0.701863354037267184182269375015
0.704968944099378935774780075008
0.708074534161490798389593237516
0.711180124223602438959801474994
0.714285714285714301574614637502
0.717391304347826053167125337495
0.720496894409937915781938500004
0.723602484472049667374449199997
0.726708074534161529989262362506
0.729813664596273281581773062499
0.732919254658385144196586225007
0.736024844720496895789096925000
0.739130434782608758403910087509
0.742236024844720509996420787502
0.745341614906832372611233950011
0.748447204968944124203744650004
0.751552795031055986818557812512
0.754658385093167627388766049989
0.757763975155279601025881675014
0.760869565217391241596089912491
0.763975155279503104210903075000
0.767080745341614855803413774993
0.770186335403726718418226937501
0.773291925465838470010737637494
0.776397515527950332625550800003
0.779503105590062084218061499996
0.782608695652173946832874662505
0.785714285714285698425385362498
0.788819875776397561040198525006
0.791925465838509312632709224999
0.795031055900621175247522387508
0.798136645962733037862335550017
0.801242236024844789454846250010
0.804347826086956652069659412518
0.807453416149068292639867649996
0.810559006211180155254680812504
0.813664596273291906847191512497
0.816770186335403769462004675006
0.819875776397515521054515374999
0.822981366459627383669328537508
0.826086956521739135261839237501
0.829192546583850997876652400009
0.832298136645962749469163100002
0.835403726708074612083976262511
0.838509316770186363676486962504
0.841614906832298226291300125013
0.844720496894409977883810825006
0.847826086956521840498623987514
0.850931677018633592091134687507
0.854037267080745454705947850016
0.857142857142857095276156087493
0.860248447204968957890969250002
0.863354037267080709483479949995
0.866459627329192572098293112504
0.869565217391304323690803812497
0.872670807453416186305616975005
0.875776397515527937898127674998
0.878881987577639800512940837507
0.881987577639751552105451537500
0.885093167701863414720264700009
0.888198757763975166312775400002
0.891304347826087028927588562510
0.894409937888198780520099262503
0.897515527950310643134912425012
0.900621118012422283705120662489
0.903726708074534146319933824998
0.906832298136645897912444524991
0.909937888198757760527257687500
0.913043478260869512119768387493
0.916149068322981374734581550001
0.919254658385093126327092249994
0.922360248447204988941905412503
0.925465838509316740534416112496
0.928571428571428603149229275004
0.931677018633540465764042437513
0.934782608695652217356553137506
0.937888198757764079971366300015
0.940993788819875831563877000008
0.944099378881987694178690162516
0.947204968944099445771200862509
0.950310559006211308386014025018
0.953416149068322948956222262495
0.956521739130434811571035425004
0.959627329192546563163546124997
0.962732919254658425778359287506
0.965838509316770177370869987499
0.968944099378882039985683150007
0.972049689440993791578193850000
0.975155279503105654193007012509
0.978260869565217405785517712502
0.981366459627329268400330875011
0.984472049689441019992841575004
0.987577639751552882607654737512
0.990683229813664634200165437505
0.993788819875776496814978600014
0.996894409937888248407489300007
0.000284502427262746078809318995
0.000662163021384981577074912984
0.001040132484982321482355760445
0.001417756968440591226060520924
0.001794854743789736639669740725
0.002171276285690871329231432796
0.002546877347208221717411724683
0.002921515187955114542517343068
0.003295047800279089257602382901
0.003667333729963551895020268390
0.004038232051025241430008971832
0.004407602388603342261075290764
0.004775304959017237331486693819
0.005141200616571697627754655713
0.005505150903169915045654025931
0.005867018099101123894401066394
0.006226665274263523501552253236
0.006583956339464418563989234201
0.006938756097608060439962951449
0.007290930294663711987157572736
0.007640345670345740497486630716
0.007986870008459595951522125290
0.008330372186879901261202796547
0.008670722227129754738905731415
0.009007791343539513911897742560
0.009341451991960987924490389389
0.009671577918016370165044115481
0.009998044204863580294850855523
0.010320727320456819092742151156
0.010639505164285139801605417631
0.010954257113570953219294779046
0.011264864068909502536897093705
0.011571208499333247854412576316
0.011873174486782957920416592401
0.012170647769968328394396550607
0.012463515787603381482218090071
0.012751667720997030691654217094
0.013034994535985711811010290262
0.013313389024190500423139305042
0.013586745843582957726791704545
0.013854961558346026370691639329
0.014117934678012466001573166352
0.014375565695867812895936133089
0.014627757126602785459068556406
0.014874413543200551771072959184
0.015115441613045722119013092311
0.015350750133239828704168061790
0.015580250065112313459514403746
0.015803854567911550244030394197
0.016021479031664415809688151171
0.016233041109192422601914529423
0.016438460747270518258478233520
0.016637660216918898070659338373
0.016830564142814842532036578859
0.017017099531813757035125789230
0.017197195800569841511729052286
0.017370784802243126321297239656
0.017537800852286657138368042297
0.017698180753300239015368688911
0.017851863818944033179825225943
0.017998791896901806391939615537
0.018138909390884843525482139626
0.018272163281669653867034242012
0.018398503147159628312579116027
0.018517881181464128370617316932
0.018630252212988345633659648115
0.018735573721525355245232091761
0.018833805854345523483894808692
0.018924911441276587309445744722
0.019008856008768244133522173911
0.019085607792936894189228524965
0.019155137751584581928820938401
0.019217419575188545571853282468
0.019272429696856097774970706382
0.019320147301242766163520414580
0.019360554332427996893084554131
0.019393635500747852251635094945
0.019419378288580035896160325137
0.019437772955080902248514718167
0.019448812539870775906170052849
0.019452492865668379040666735591
0.019448812539870775906170052849
0.019437772955080902248514718167
0.019419378288580035896160325137
0.019393635500747852251635094945
0.019360554332427996893084554131
0.019320147301242766163520414580
0.019272429696856097774970706382
0.019217419575188545571853282468
0.019155137751584581928820938401
0.019085607792936894189228524965
0.019008856008768244133522173911
0.018924911441276587309445744722
0.018833805854345523483894808692
0.018735573721525355245232091761
0.018630252212988345633659648115
0.018517881181464128370617316932
0.018398503147159628312579116027
0.018272163281669653867034242012
0.018138909390884843525482139626
0.017998791896901806391939615537
0.017851863818944033179825225943
0.017698180753300239015368688911
0.017537800852286657138368042297
0.017370784802243126321297239656
0.017197195800569841511729052286
0.017017099531813757035125789230
0.016830564142814842532036578859
0.016637660216918898070659338373
0.016438460747270518258478233520
0.016233041109192422601914529423
0.016021479031664415809688151171
0.015803854567911550244030394197
0.015580250065112313459514403746
0.015350750133239828704168061790
0.015115441613045722119013092311
0.014874413543200551771072959184
0.014627757126602785459068556406
0.014375565695867812895936133089
0.014117934678012466001573166352
0.013854961558346026370691639329
0.013586745843582957726791704545
0.013313389024190500423139305042
0.013034994535985711811010290262
0.012751667720997030691654217094
0.012463515787603381482218090071
0.012170647769968328394396550607
0.011873174486782957920416592401
0.011571208499333247854412576316
0.011264864068909502536897093705
0.010954257113570953219294779046
0.010639505164285139801605417631
0.010320727320456819092742151156
0.009998044204863580294850855523
0.009671577918016370165044115481
0.009341451991960987924490389389
0.009007791343539513911897742560
0.008670722227129754738905731415
0.008330372186879901261202796547
0.007986870008459595951522125290
0.007640345670345740497486630716
0.007290930294663711987157572736
0.006938756097608060439962951449
0.006583956339464418563989234201
0.006226665274263523501552253236
0.005867018099101123894401066394
0.005505150903169915045654025931
0.005141200616571697627754655713
0.004775304959017237331486693819
0.004407602388603342261075290764
0.004038232051025241430008971832
0.003667333729963551895020268390
0.003295047800279089257602382901
0.002921515187955114542517343068
0.002546877347208221717411724683
0.002171276285690871329231432796
0.001794854743789736639669740725
0.001417756968440591226060520924
0.001040132484982321482355760445
0.000662163021384981577074912984
0.000284502427262746078809318995
