0.021867872517185239084058778758
0.050195855139357897778396022659
0.078691039281386376824656281315
0.107223872365252256844136979907
0.135770824783899402010689527742
0.164324411574724438267480763898
0.192881461704887263719498946557
0.221440333046589832299844147201
0.250000000000000000000000000000
0.278559666953410167700155852799
0.307118538295112764036076669072
0.335675588425275617243670467360
0.364229175216100653500461703516
0.392776127634747729278075212278
0.421308960718613623175343718685
0.449804144860642129977179592970
0.478132127482814750507600365381
0.000000000000000000000000000000
0.029411764705882356002453192900
0.058823529411764712004906385800
0.088235294117647064537912626747
0.117647058823529424009812771601
0.147058823529411769603925108640
0.176470588235294129075825253494
0.205882352941176488547725398348
0.235294117647058848019625543202
0.264705882352941179735950072427
0.294117647058823539207850217281
0.323529411764705898679750362135
0.352941176470588258151650506989
0.382352941176470562112399420585
0.411764705882352977095450796696
0.441176470588235336567350941550
0.470588235294117696039251086404
0.500000000000000000000000000000
0.529411764705882359471900144854
0.558823529411764718943800289708
0.588235294117647078415700434562
0.617647058823529437887600579415
0.647058823529411797359500724269
0.676470588235294156831400869123
0.705882352941176516303301013977
0.735294117647058875775201158831
0.764705882352941124224798841169
0.794117647058823594719001448539
0.823529411764705954190901593392
0.852941176470588313662801738246
0.882352941176470673134701883100
0.911764705882353032606602027954
0.941176470588235392078502172808
0.970588235294117640528099855146
0.024148302868547931454568100662
0.055459529373987133393786308488
0.085036148317179163780288320140
0.111883847193403884734408393342
0.135136368468525447372741155050
0.154045761076810394651914748465
0.168004102156449897087497902248
0.176562705366992644950840940510
0.179446470356206533303122796497
0.176562705366992644950840940510
0.168004102156449897087497902248
0.154045761076810394651914748465
0.135136368468525447372741155050
0.111883847193403884734408393342
0.085036148317179163780288320140
0.055459529373987133393786308488
0.024148302868547931454568100662
