0.002258049083780859674075447430
0.005183164857174992964927717765
0.008125555019134431469773893753
0.011071848200886958563105011422
0.014019621888616409094430181881
0.016968111995057030827460664568
0.019917002475534885397312478972
0.022866139185399498440220966700
0.025815438050476233883268051272
0.028764849337536792239777838631
0.031714341753671632107014488611
0.034663894628064621794560906665
0.037613493759113068859445405678
0.040563129068007318378530356995
0.043512793204231361987588400098
0.046462480681074634636384956821
0.049412187320191057471330253748
0.052361909883579971225486815456
0.055311645823150068501661280607
0.058261393106257913787615621004
0.061211150091631569281069857880
0.064160915439481505662122629019
0.067110688045295671666501391428
0.070060466990343212012604112715
0.073010251504167400504741181066
0.075960040935811393159049487167
0.078909834731491934611824490275
0.081859632417098815437839220976
0.084809433584342619472096203026
0.087759237879695431439053265876
0.090709044995487764229125104976
0.093658854662686821801464986947
0.096608666644997509553860481901
0.099558480734011037260877685640
0.102508296745191282428599777177
0.105458114514533726757683496089
0.108407933895769748033899304573
0.111357754758015056739672843378
0.114307576983782049895310706233
0.117257400467291564294392003376
0.120207225113033222552161305430
0.123157050834532363903228713298
0.126106877553289864479779680551
0.129056705197867188639193614108
0.132006533703093481557644395252
0.134956363009377189321469359129
0.137906193062105136837303120956
0.140856023811116892741068795658
0.143805855210244304398514714194
0.146755687216905517100684619436
0.149705519791747260205383440734
0.152655352898327850708071196095
0.155605186502836917439296371413
0.158555020573844934750340485152
0.161504855082080983619263747642
0.164454690000233494373560461099
0.167404525302772166917009144527
0.170354360965787710036067892361
0.173304196966847928740307338558
0.176254033284867800412953897649
0.179203869899991929948157576291
0.182153706793488440185413423933
0.185103543947652160461814219161
0.188053381345716641437348926047
0.191003218971774219037129682874
0.193953056810702656465039694922
0.196902894848097781421714103089
0.199852733070211813215522056453
0.202802571463896741388310829279
0.205752410016551479099433663578
0.208702248716073540668602959158
0.211652087550813577943031873474
0.214601926509533497133830337589
0.217551765581367073654206478750
0.220501604755782981692746602675
0.223451444022550238521773735556
0.226401283371704981073335716246
0.229351122793519823783725541944
0.232300962278473660527211563931
0.235250801817223659240241318003
0.238200641400577506345825895551
0.241150481019467288756885636758
0.244100320664923570168625133192
0.247050160328050272262601083639
0.250000000000000000000000000000
0.252949839671949783248550147619
0.255899679335076457586950482437
0.258849518980532711243114363242
0.261799358599422493654174104449
0.264749198182776368515334297626
0.267699037721526311717212820440
0.270648877206480176216274458056
0.273598716628295046682239899383
0.276548555977449816989377495702
0.279498395244217046062829012953
0.282448234418632981856944752508
0.285398073490466530621745278040
0.288347912449186449812543742155
0.291297751283926487086972656471
0.294247589983448520900566336422
0.297197428536103314122840401978
0.300147266929788214540053559176
0.303097105151902246333861512539
0.306046943189297371290535920707
0.308996781028225753207294701497
0.311946618654283414073802305211
0.314896456052347895049337012097
0.317846293206511587570162191696
0.320796130100008070051842423709
0.323745966715132227342621717980
0.326695803033152099015268277071
0.329645639034212289963932107639
0.332595474697227833082990855473
0.335545309999766561137590770159
0.338495144917919044136311867987
0.341444979426155148516386361734
0.344394813497163110316279244216
0.347344647101672177047504419534
0.350294480208252767550192174895
0.353244312783094482899315380564
0.356194144789755695601485285806
0.359143976188883107258931204342
0.362093806937894890918272494673
0.365043636990622810678530640871
0.367993466296906546197931220377
0.370943294802132839116382001521
0.373893122446710135520220319449
0.376842949165467677730134710146
0.379792774886966832958989925828
0.382742599532708449583395804439
0.385692423016217977860264909395
0.388642245241984984893690580066
0.391592066104230251966100695427
0.394541885485466259364528696096
0.397491703254808759204763646267
0.400441519265988976616910122175
0.403391333355002490446139518099
0.406341145337313192076322820867
0.409290955004512235770874895024
0.412240762120304637949885773196
0.415190566415657436039055028232
0.418140367582901295584463241539
0.421090165268508120899326740982
0.424039959064188620718738320647
0.426989748495832655006410050191
0.429939533009656815742971502914
0.432889311954704369966862032015
0.435839084560518508215665178795
0.438788849908368472352293565564
0.441738606893742113967959994625
0.444688354176849987009489950651
0.447638090116420028774513184544
0.450587812679808963345351457974
0.453537519318925386180296754901
0.456487206795768651890199407717
0.459436870931992702438151354727
0.462386506240887007468387537301
0.465336105371935426777696420686
0.468285658246328395648561127018
0.471235150662463242454691680905
0.474184561949523741830603285052
0.477133860814600518907013793068
0.480082997524465149297157040564
0.483031888004943010805902758875
0.485980378111383615191698481794
0.488928151799113086539705363975
0.491874444980865577203843486132
0.494816835142824984483667094537
0.497741950916219200173884473770
0.000000000000000000000000000000
0.002958579881656804664441517971
0.005917159763313609328883035943
0.008875739644970414427005422908
0.011834319526627218657766071885
0.014792899408284024623250196839
0.017751479289940828854010845816
0.020710059171597634819494970770
0.023668639053254437315532143771
0.026627218934911243281016268725
0.029585798816568049246500393679
0.032544378698224851742537566679
0.035502958579881657708021691633
0.038461538461538456734611912680
0.041420118343195269638989941541
0.044378698224852075604474066495
0.047337278106508874631064287541
0.050295857988165680596548412495
0.053254437869822486562032537449
0.056213017751479292527516662403
0.059171597633136098493000787357
0.062130177514792904458484912311
0.065088757396449703485075133358
0.068047337278106509450559258312
0.071005917159763315416043383266
0.073964497041420121381527508220
0.076923076923076913469223825359
0.079881656804733733312495758128
0.082840236686390539277979883082
0.085798816568047345243464008036
0.088757396449704151208948132989
0.091715976331360957174432257943
0.094674556213017749262128575083
0.097633136094674555227612700037
0.100591715976331361193096824991
0.103550295857988167158580949945
0.106508875739644973124065074899
0.109467455621301765211761392038
0.112426035502958585055033324807
0.115384615384615391020517449761
0.118343195266272196986001574714
0.121301775147929002951485699668
0.124260355029585808916969824622
0.127218934911242614882453949576
0.130177514792899406970150266716
0.133136094674556199057846583855
0.136094674556213018901118516624
0.139053254437869810988814833763
0.142011834319526630832086766532
0.144970414201183450675358699300
0.147928994082840242763055016439
0.150887573964497034850751333579
0.153846153846153826938447650718
0.156804733727810646781719583487
0.159763313609467466624991516255
0.162721893491124286468263449024
0.165680473372781078555959766163
0.168639053254437870643656083303
0.171597633136094690486928016071
0.174556213017751482574624333211
0.177514792899408302417896265979
0.180473372781065094505592583118
0.183431952662721914348864515887
0.186390532544378706436560833026
0.189349112426035498524257150166
0.192307692307692318367529082934
0.195266272189349110455225400074
0.198224852071005930298497332842
0.201183431952662722386193649982
0.204142011834319514473889967121
0.207100591715976334317161899889
0.210059171597633126404858217029
0.213017751479289946248130149797
0.215976331360946738335826466937
0.218934911242603530423522784076
0.221893491124260378022370332474
0.224852071005917170110066649613
0.227810650887573989953338582382
0.230769230769230782041034899521
0.233727810650887601884306832289
0.236686390532544393972003149429
0.239644970414201186059699466568
0.242603550295858005902971399337
0.245562130177514797990667716476
0.248520710059171617833939649245
0.251479289940828409921635966384
0.254437869822485229764907899153
0.257396449704141994097028600663
0.260355029585798813940300533432
0.263313609467455633783572466200
0.266272189349112398115693167711
0.269230769230769217958965100479
0.272189349112426037802237033247
0.275147928994082857645508966016
0.278106508875739621977629667526
0.281065088757396441820901600295
0.284023668639053261664173533063
0.286982248520710081507445465832
0.289940828402366901350717398600
0.292899408284023665682838100111
0.295857988165680485526110032879
0.298816568047337249858230734390
0.301775147928994069701502667158
0.304733727810650889544774599926
0.307692307692307653876895301437
0.310650887573964473720167234205
0.313609467455621293563439166974
0.316568047337278168917862331000
0.319526627218934933249983032510
0.322485207100591753093254965279
0.325443786982248572936526898047
0.328402366863905337268647599558
0.331360946745562157111919532326
0.334319526627218976955191465095
0.337278106508875741287312166605
0.340236686390532561130584099374
0.343195266272189380973856032142
0.346153846153846200817127964910
0.349112426035502965149248666421
0.352071005917159784992520599189
0.355029585798816604835792531958
0.357988165680473369167913233468
0.360946745562130189011185166237
0.363905325443787008854457099005
0.366863905325443828697729031774
0.369822485207100593029849733284
0.372781065088757412873121666053
0.375739644970414232716393598821
0.378698224852070997048514300332
0.381656804733727816891786233100
0.384615384615384636735058165868
0.387573964497041401067178867379
0.390532544378698220910450800147
0.393491124260355040753722732916
0.396449704142011860596994665684
0.399408284023668624929115367195
0.402366863905325444772387299963
0.405325443786982264615659232732
0.408284023668639028947779934242
0.411242603550295848791051867011
0.414201183431952668634323799779
0.417159763313609432966444501290
0.420118343195266252809716434058
0.423076923076923072652988366826
0.426035502958579892496260299595
0.428994082840236656828381001105
0.431952662721893476671652933874
0.434911242603550296514924866642
0.437869822485207060847045568153
0.440828402366863880690317500921
0.443786982248520756044740664947
0.446745562130177575888012597716
0.449704142011834340220133299226
0.452662721893491160063405231995
0.455621301775147979906677164763
0.458579881656804744238797866274
0.461538461538461564082069799042
0.464497041420118383925341731810
0.467455621301775203768613664579
0.470414201183431968100734366089
0.473372781065088787944006298858
0.476331360946745607787278231626
0.479289940828402372119398933137
0.482248520710059191962670865905
0.485207100591716011805942798674
0.488165680473372776138063500184
0.491124260355029595981335432953
0.494082840236686415824607365721
0.497041420118343235667879298489
0.500000000000000000000000000000
0.502958579881656819843271932768
0.505917159763313639686543865537
0.508875739644970459529815798305
0.511834319526627279373087731074
0.514792899408283988194057201326
0.517751479289940808037329134095
0.520710059171597627880601066863
0.523668639053254447723872999632
0.526627218934911267567144932400
0.529585798816568087410416865168
0.532544378698224796231386335421
0.535502958579881616074658268190
0.538461538461538435917930200958
0.541420118343195255761202133726
0.544378698224852075604474066495
0.547337278106508895447745999263
0.550295857988165715291017932032
0.553254437869822424111987402284
0.556213017751479243955259335053
0.559171597633136063798531267821
0.562130177514792883641803200589
0.565088757396449703485075133358
0.568047337278106523328347066126
0.571005917159763343171618998895
0.573964497041420163014890931663
0.576923076923076982858162864432
0.579881656804733802701434797200
0.582840236686390622544706729968
0.585798816568047331365676200221
0.588757396449704151208948132989
0.591715976331360971052220065758
0.594674556213017790895491998526
0.597633136094674499716461468779
0.600591715976331430582035864063
0.603550295857988139403005334316
0.606508875739644959246277267084
0.609467455621301779089549199853
0.612426035502958598932821132621
0.615384615384615307753790602874
0.618343195266272238619364998158
0.621301775147928947440334468411
0.624260355029585767283606401179
0.627218934911242587126878333947
0.630177514792899406970150266716
0.633136094674556337835724662000
0.636094674556213046656694132253
0.639053254437869866499966065021
0.642011834319526686343237997789
0.644970414201183506186509930558
0.647928994082840215007479400811
0.650887573964497145873053796095
0.653846153846153854694023266347
0.656804733727810674537295199116
0.659763313609467494380567131884
0.662721893491124314223839064653
0.665680473372781023044808534905
0.668639053254437953910382930189
0.671597633136094662731352400442
0.674556213017751482574624333211
0.677514792899408302417896265979
0.680473372781065122261168198747
0.683431952662721831082137669000
0.686390532544378761947712064284
0.689349112426035470768681534537
0.692307692307692401634255929821
0.695266272189349110455225400074
0.698224852071005930298497332842
0.701183431952662750141769265610
0.704142011834319569985041198379
0.707100591715976278806010668632
0.710059171597633209671585063916
0.713017751479289918492554534168
0.715976331360946738335826466937
0.718934911242603558179098399705
0.721893491124260378022370332474
0.724852071005917086843339802726
0.727810650887574017708914198010
0.730769230769230726529883668263
0.733727810650887657395458063547
0.736686390532544366216427533800
0.739644970414201186059699466568
0.742603550295857894880668936821
0.745562130177514825746243332105
0.748520710059171534567212802358
0.751479289940828465432787197642
0.754437869822485174253756667895
0.757396449704141994097028600663
0.760355029585798924962602995947
0.763313609467455633783572466200
0.766272189349112453626844398968
0.769230769230769273470116331737
0.772189349112426093313388264505
0.775147928994082802134357734758
0.778106508875739732999932130042
0.781065088757396441820901600295
0.784023668639053372686475995579
0.786982248520710081507445465832
0.789940828402366901350717398600
0.792899408284023721193989331368
0.795857988165680541037261264137
0.798816568047337249858230734390
0.801775147928994180723805129674
0.804733727810650889544774599926
0.807692307692307709388046532695
0.810650887573964529231318465463
0.813609467455621349074590398232
0.816568047337278057895559868484
0.819526627218934988761134263768
0.822485207100591697582103734021
0.825443786982248517425375666789
0.828402366863905337268647599558
0.831360946745562157111919532326
0.834319526627218865932889002579
0.837278106508875796798463397863
0.840236686390532505619432868116
0.843195266272189436485007263400
0.846153846153846145305976733653
0.849112426035502965149248666421
0.852071005917159784992520599189
0.855029585798816604835792531958
0.857988165680473313656762002211
0.860946745562130244522336397495
0.863905325443786953343305867747
0.866863905325443773186577800516
0.869822485207100593029849733284
0.872781065088757412873121666053
0.875739644970414121694091136305
0.878698224852071052559665531589
0.881656804733727761380635001842
0.884615384615384581223906934611
0.887573964497041512089481329895
0.890532544378698220910450800147
0.893491124260355151776025195431
0.896449704142011860596994665684
0.899408284023668680440266598453
0.902366863905325500283538531221
0.905325443786982320126810463989
0.908284023668639028947779934242
0.911242603550295959813354329526
0.914201183431952668634323799779
0.917159763313609488477595732547
0.920118343195266308320867665316
0.923076923076923128164139598084
0.926035502958579836985109068337
0.928994082840236767850683463621
0.931952662721893476671652933874
0.934911242603550407537227329158
0.937869822485207116358196799411
0.940828402366863936201468732179
0.943786982248520645022438202432
0.946745562130177575888012597716
0.949704142011834284708982067968
0.952662721893491215574556463253
0.955621301775147924395525933505
0.958579881656804744238797866274
0.961538461538461564082069799042
0.964497041420118383925341731810
0.967455621301775092746311202063
0.970414201183432023611885597347
0.973372781065088732432855067600
0.976331360946745552276127000368
0.979289940828402372119398933137
0.982248520710059191962670865905
0.985207100591715900783640336158
0.988165680473372831649214731442
0.991124260355029540470184201695
0.994082840236686471335758596979
0.997041420118343180156728067232
0.000258281459206261519712111152
0.000601143969141524898806838717
0.000944307838111701808476994291
0.001287191438446977755430400414
0.001629641725822475505427999742
0.001971534858086017652500920860
0.002312751743988019238057463056
0.002653174610390311542740260364
0.002992686291216137620119219775
0.003331170056151697058538507790
0.003668509579277457518381444501
0.004004588951399027166311306303
0.004339292708009694077286866332
0.004672505863427732497594746519
0.005004113947538812307014310932
0.005334003043662072576780452948
0.005662059826875280588165395557
0.005988171602479108734939927672
0.006312226344429885428743975950
0.006634112733651165161319340768
0.006953720196164311397046819962
0.007270938941001101919747728886
0.007585659997872105930749597746
0.007897775254567333466648726414
0.008207177494072660783874795243
0.008513760431384754731598540900
0.008817418750011169967240043377
0.009118048138139751498942864316
0.009415545324466130169827060570
0.009709808113664454912172807610
0.010000735421490103416175543316
0.010288227309501065884211890022
0.010572185019387184135020163467
0.010852511006893005712781175021
0.011129108975325516933674308007
0.011401883908632256051096653948
0.011670742104040510156437449041
0.011935591204245182134213720815
0.012196340229134470037331006154
0.012452899607042790947053489958
0.012705181205520051784807478157
0.012953098361606043414928635116
0.013196565911600732778907740794
0.013435500220319024702875232435
0.013669819209820924243992124048
0.013899442387606349494366675401
0.014124290874265850101454411458
0.014344287430576483158284339936
0.014559356484035501644314081204
0.014769424154819658576154317586
0.014974418281165075353400517599
0.015174268444155375110127259575
0.015368905991911882905065489524
0.015558264063177040456564803605
0.015742277610281692201699144107
0.015920883421490471254511334109
0.016094020142716030513652114564
0.016261628298594791447451157751
0.016423650312918668114914311218
0.016580030528412149914974094145
0.016730715225852434147046920998
0.016875652642522751684106552261
0.017014792989993185456931712451
0.017148088471224526979641566982
0.017275493296986861591069128963
0.017396963701589131939817534089
0.017512457957913507566871658128
0.017621936391748752731567506657
0.017725361395419851617827333712
0.017822697440706254667919239409
0.017913911091046407636495629845
0.017998971013024351456310867547
0.018077847987132505264140647228
0.018150514917809511955537615790
0.018216946842748053120297768714
0.018277120941469503917486960631
0.018331016543163360099644165757
0.018378615133788231417177883031
0.018419900362431036039412290961
0.018454858046924541709055134220
0.018483476178718843963011408960
0.018505744927006399780378131936
0.018521656642099506434595568294
0.018531205858057397950489075811
0.018534389294564603684056791622
0.018531205858057397950489075811
0.018521656642099506434595568294
0.018505744927006399780378131936
0.018483476178718843963011408960
0.018454858046924541709055134220
0.018419900362431036039412290961
0.018378615133788231417177883031
0.018331016543163360099644165757
0.018277120941469503917486960631
0.018216946842748053120297768714
0.018150514917809511955537615790
0.018077847987132505264140647228
0.017998971013024351456310867547
0.017913911091046407636495629845
0.017822697440706254667919239409
0.017725361395419851617827333712
0.017621936391748752731567506657
0.017512457957913507566871658128
0.017396963701589131939817534089
0.017275493296986861591069128963
0.017148088471224526979641566982
0.017014792989993185456931712451
0.016875652642522751684106552261
0.016730715225852434147046920998
0.016580030528412149914974094145
0.016423650312918668114914311218
0.016261628298594791447451157751
0.016094020142716030513652114564
0.015920883421490471254511334109
0.015742277610281692201699144107
0.015558264063177040456564803605
0.015368905991911882905065489524
0.015174268444155375110127259575
0.014974418281165075353400517599
0.014769424154819658576154317586
0.014559356484035501644314081204
0.014344287430576483158284339936
0.014124290874265850101454411458
0.013899442387606349494366675401
0.013669819209820924243992124048
0.013435500220319024702875232435
0.013196565911600732778907740794
0.012953098361606043414928635116
0.012705181205520051784807478157
0.012452899607042790947053489958
0.012196340229134470037331006154
0.011935591204245182134213720815
0.011670742104040510156437449041
0.011401883908632256051096653948
0.011129108975325516933674308007
0.010852511006893005712781175021
0.010572185019387184135020163467
0.010288227309501065884211890022
0.010000735421490103416175543316
0.009709808113664454912172807610
0.009415545324466130169827060570
0.009118048138139751498942864316
0.008817418750011169967240043377
0.008513760431384754731598540900
0.008207177494072660783874795243
0.007897775254567333466648726414
0.007585659997872105930749597746
0.007270938941001101919747728886
0.006953720196164311397046819962
0.006634112733651165161319340768
0.006312226344429885428743975950
0.005988171602479108734939927672
0.005662059826875280588165395557
0.005334003043662072576780452948
0.005004113947538812307014310932
0.004672505863427732497594746519
0.004339292708009694077286866332
0.004004588951399027166311306303
0.003668509579277457518381444501
0.003331170056151697058538507790
0.002992686291216137620119219775
0.002653174610390311542740260364
0.002312751743988019238057463056
0.001971534858086017652500920860
0.001629641725822475505427999742
0.001287191438446977755430400414
0.000944307838111701808476994291
0.000601143969141524898806838717
0.000258281459206261519712111152
