0.002156278133005561179619258283
0.004949558059538169269009344475
0.007759333812915119969744193185
0.010572836676070888894951593784
0.013387753318709765676386425071
0.016203354091303318745831418823
0.019019337193503304400676867658
0.021835555428099950869835765843
0.024651928510264407151675314367
0.027468408948357787846550337463
0.030284966859949347811609143832
0.033101582505962567903878834841
0.035918242324965411749193577862
0.038734936692504530475478219387
0.041551658589456516579296874170
0.044368402776502183226803310845
0.047185165263720400818936440146
0.050001942959154714596348156874
0.052818733429665400136432396039
0.055635534734331172634913542652
0.058452345305964721611236001308
0.061269163865275214075900578337
0.064085989357647255015848486437
0.066902820905875848289667828794
0.069719657774349755308129772402
0.072536499341573801302729407325
0.075353345078850192395591989225
0.078170194533565259820129256241
0.080987047315963137106287206279
0.083803903088584319469589445362
0.086620761557763770177587048238
0.089437622466735713921970329920
0.092254485590000073758076837294
0.095071350728690134923581922521
0.097888217706739819035099969824
0.100705086367693513738075239417
0.103521956572036694099736564567
0.106338828194950538175156395937
0.109155701124414000746654096474
0.111972575259591797247615829747
0.114789450509460294602703811506
0.117606326791629967054575445218
0.120423204031333413999149684059
0.123240082160551794876468534312
0.126056961117258337079505281508
0.128873840844760778612254625841
0.131690721291128409742299254503
0.134507602408690363215981733447
0.137324484153595965940652945392
0.140141366485427854016165838402
0.142958249366860690177105652765
0.145775132763358988841062569008
0.148592016642909718893150738950
0.151408900975784077580499342730
0.154225785734325271381095490142
0.157042670892759417267114940842
0.159859556427025456537549530367
0.162676442314623359575165295610
0.165493328534477041058536883611
0.168310215066811180717465390444
0.171127101893039673674579148610
0.173943988995665099750453919114
0.176760876358187241086383778566
0.179577763965020065217714773098
0.182394651801416118885867945210
0.185211539853397805233115036572
0.188028428107694101090174854107
0.190845316551682825378932761851
0.193662205173337848007619754753
0.196479093961180045768699642394
0.199295982904232615862127886430
0.202112871991979275998474463449
0.204929761214325795171120603300
0.207746650561564299986017090305
0.210563540024339967970945508569
0.213380429593619691530648196931
0.216197319260663239903763610528
0.219014209016995614609513154392
0.221831098854381403295832342337
0.224647988764800327077253427888
0.227464878740423925851388275987
0.230281768773593659149767631789
0.233098658856799784144797627050
0.235915548982660705501501752224
0.238732439143903824030346072504
0.241549329333346191051035134478
0.244366219543876161957030035410
0.247183109768435216313520186304
0.250000000000000000000000000000
0.252816890231564783686479813696
0.255633780456123838042969964590
0.258450670666653836704540481151
0.261267560856096203725229543124
0.264084451017339350009649479034
0.266901341143200243610777988579
0.269718231226406368605807983840
0.272535121259576129659762955271
0.275352011235199700678322187741
0.278168901145618596704167657663
0.280985790983004413146062461237
0.283802680739336787851812005101
0.286619570406380308469351803069
0.289436459975660087540205722689
0.292253349438435727769558525324
0.295070238785674232584455012329
0.297887128008020751757101152180
0.300704017095767439649023344828
0.303520906038819981986875973234
0.306337794826662179747955860876
0.309154683448317202376642853778
0.311971571892305898909825145893
0.314788460146602222522460579057
0.317605348198583881114132054790
0.320422236034979990293436458160
0.323239123641812786669191837063
0.326056011004334900249546080886
0.328872898106960354080996467019
0.331689784933188847038110225185
0.334506671465522986697038732018
0.337323557685376695935985935648
0.340140443572974571218026085262
0.342957329107240582732885059158
0.345774214265674728618904509858
0.348591099024215977930651888528
0.351407983357090336618000492308
0.354224867236641038914513046620
0.357041750633139365334045578493
0.359858633514572201494985392856
0.362675515846404006303771438979
0.365492397591309636784018266553
0.368309278708871590257700745497
0.371126159155239221387745374159
0.373943038882741662920494718492
0.376759917839448232879107081317
0.379576795968666613756425931570
0.382393673208370032945424554782
0.385210549490539733152871804123
0.388027424740408188874596362439
0.390844298875586027008921519155
0.393661171805049503458207027506
0.396478043427963333655839051062
0.399294913632306514017500376212
0.402111782293260222598263453619
0.404928649271309892831993693108
0.407745514409999953997498778335
0.410562377533264355466968709152
0.413379238442236285333564183020
0.416196096911415680530410554638
0.419012952684036876771500601535
0.421829805466434781813234167203
0.424646654921149835359983626404
0.427463500658426198697270592675
0.430280342225650258569658035412
0.433097179094124151710332171206
0.435914010642352744984151513563
0.438730836134724799801887229478
0.441547654694035285327657902599
0.444364465265668862059555976884
0.447181266570334634558037123497
0.449998057040845278464757939219
0.452814834736279647753320887205
0.455631597223497830650984496970
0.458448341410543525054066549274
0.461265063307495504218991300149
0.464081757675034622945275941674
0.466898417494037432096121165159
0.469715033140050641780050000307
0.472531591051642219092343566444
0.475348071489735624073347253216
0.478164444571900104641315465415
0.480980662806496761518815219461
0.483796645908696698601403340945
0.486612246681290272487530046419
0.489427163323929159677305733567
0.492240666187084896510128828595
0.495050441940461827261543703571
0.497843721866994493030489365992
0.000000000000000000000000000000
0.002824858757062146882854669627
0.005649717514124293765709339254
0.008474576271186440648564008882
0.011299435028248587531418678509
0.014124293785310736148996824113
0.016949152542372881297128017763
0.019774011299435029914706163368
0.022598870056497175062837357018
0.025423728813559323680415502622
0.028248587570621472297993648226
0.031073446327683617446124841877
0.033898305084745762594256035527
0.036723163841807911211834181131
0.039548022598870059829412326735
0.042372881355932208446990472339
0.045197740112994350125674714036
0.048022598870056498743252859640
0.050847457627118647360831005244
0.053672316384180795978409150848
0.056497175141242944595987296452
0.059322033898305086274671538149
0.062146892655367234892249683753
0.064971751412429376570933925450
0.067796610169491525188512071054
0.070621468926553673806090216658
0.073446327683615822423668362262
0.076271186440677971041246507866
0.079096045197740119658824653470
0.081920903954802268276402799074
0.084745762711864416893980944678
0.087570621468926565511559090282
0.090395480225988700251349428072
0.093220338983050848868927573676
0.096045197740112997486505719280
0.098870056497175146104083864884
0.101694915254237294721662010488
0.104519774011299429461452348278
0.107344632768361591956818301696
0.110169491525423740574396447300
0.112994350282485889191974592904
0.115819209039548037809552738509
0.118644067796610172549343076298
0.121468926553672321166921221902
0.124293785310734469784499367506
0.127118644067796604524289705296
0.129943502824858753141867850900
0.132768361581920901759445996504
0.135593220338983050377024142108
0.138418079096045198994602287712
0.141242937853107347612180433316
0.144067796610169496229758578920
0.146892655367231644847336724524
0.149717514124293765709339254499
0.152542372881355942082493015732
0.155367231638418090700071161336
0.158192090395480239317649306940
0.161016949152542387935227452544
0.163841807909604536552805598149
0.166666666666666685170383743753
0.169491525423728833787961889357
0.172316384180790982405540034961
0.175141242937853131023118180565
0.177966101694915251885120710540
0.180790960451977400502698856144
0.183615819209039549120277001748
0.186440677966101697737855147352
0.189265536723163846355433292956
0.192090395480225994973011438560
0.194915254237288143590589584164
0.197740112994350292208167729768
0.200564971751412440825745875372
0.203389830508474589443324020976
0.206214689265536710305326550952
0.209039548022598858922904696556
0.211864406779661035296058457789
0.214689265536723183913636603393
0.217514124293785332531214748997
0.220338983050847481148792894601
0.223163841807909629766371040205
0.225988700564971778383949185809
0.228813559322033927001527331413
0.231638418079096075619105477017
0.234463276836158196481108006992
0.237288135593220345098686152596
0.240112994350282493716264298200
0.242937853107344642333842443804
0.245762711864406790951420589408
0.248587570621468939568998735012
0.251412429378531088186576880616
0.254237288135593209048579410592
0.257062146892655385421733171825
0.259887005649717506283735701800
0.262711864406779682656889463033
0.265536723163841803518891993008
0.268361581920903979892045754241
0.271186440677966100754048284216
0.274011299435028277127202045449
0.276836158192090397989204575424
0.279661016949152574362358336657
0.282485875706214695224360866632
0.285310734463276816086363396607
0.288135593220338992459517157840
0.290960451977401113321519687815
0.293785310734463289694673449048
0.296610169491525410556675979024
0.299435028248587531418678508999
0.302259887005649763302983501490
0.305084745762711884164986031465
0.307909604519774060538139792698
0.310734463276836181400142322673
0.313559322033898357773296083906
0.316384180790960478635298613881
0.319209039548022655008452375114
0.322033898305084775870454905089
0.324858757062146952243608666322
0.327683615819209073105611196297
0.330508474576271193967613726272
0.333333333333333370340767487505
0.336158192090395491202770017480
0.338983050847457667575923778713
0.341807909604519788437926308688
0.344632768361581964811080069921
0.347457627118644085673082599897
0.350282485875706262046236361130
0.353107344632768382908238891105
0.355932203389830503770241421080
0.358757062146892680143395182313
0.361581920903954801005397712288
0.364406779661016977378551473521
0.367231638418079098240554003496
0.370056497175141274613707764729
0.372881355932203395475710294704
0.375706214689265571848864055937
0.378531073446327692710866585912
0.381355932203389813572869115887
0.384180790960451989946022877120
0.387005649717514110808025407096
0.389830508474576287181179168329
0.392655367231638408043181698304
0.395480225988700584416335459537
0.398305084745762705278337989512
0.401129943502824881651491750745
0.403954802259887002513494280720
0.406779661016949178886648041953
0.409604519774011299748650571928
0.412429378531073420610653101903
0.415254237288135596983806863136
0.418079096045197717845809393111
0.420903954802259894218963154344
0.423728813559322070592116915577
0.426553672316384246965270676810
0.429378531073446367827273206785
0.432203389830508544200426968018
0.435028248587570665062429497993
0.437853107344632841435583259226
0.440677966101694962297585789202
0.443502824858757083159588319177
0.446327683615819259532742080410
0.449152542372881380394744610385
0.451977401129943556767898371618
0.454802259887005677629900901593
0.457627118644067854003054662826
0.460451977401129974865057192801
0.463276836158192151238210954034
0.466101694915254272100213484009
0.468926553672316392962216013984
0.471751412429378569335369775217
0.474576271186440690197372305192
0.477401129943502866570526066425
0.480225988700564987432528596401
0.483050847457627163805682357633
0.485875706214689284667684887609
0.488700564971751461040838648842
0.491525423728813581902841178817
0.494350282485875702764843708792
0.497175141242937879137997470025
0.500000000000000000000000000000
0.502824858757062176373153761233
0.505649717514124352746307522466
0.508474576271186418097158821183
0.511299435028248594470312582416
0.514124293785310770843466343649
0.516949152542372836194317642367
0.519774011299435012567471403599
0.522598870056497188940625164832
0.525423728813559365313778926065
0.528248587570621430664630224783
0.531073446327683607037783986016
0.533898305084745783410937747249
0.536723163841807959784091508482
0.539548022598870025134942807199
0.542372881355932201508096568432
0.545197740112994377881250329665
0.548022598870056554254404090898
0.550847457627118730627557852131
0.553672316384180795978409150848
0.556497175141242972351562912081
0.559322033898305148724716673314
0.562146892655367325097870434547
0.564971751412429390448721733264
0.567796610169491566821875494497
0.570621468926553632172726793215
0.573446327683615919568183016963
0.576271186440677984919034315681
0.579096045197740161292188076914
0.581920903954802226643039375631
0.584745762711864403016193136864
0.587570621468926579389346898097
0.590395480225988755762500659330
0.593220338983050821113351958047
0.596045197740112997486505719280
0.598870056497175062837357017997
0.601694915254237350232813241746
0.604519774011299526605967002979
0.607344632768361591956818301696
0.610169491525423768329972062929
0.612994350282485944703125824162
0.615819209039548121076279585395
0.618644067796610186427130884113
0.621468926553672362800284645346
0.624293785310734539173438406578
0.627118644067796715546592167811
0.629943502824858780897443466529
0.632768361581920957270597227762
0.635593220338983022621448526479
0.638418079096045310016904750228
0.641242937853107375367756048945
0.644067796610169551740909810178
0.646892655367231617091761108895
0.649717514124293904487217332644
0.652542372881355969838068631361
0.655367231638418146211222392594
0.658192090395480211562073691312
0.661016949152542387935227452544
0.663841807909604564308381213777
0.666666666666666740681534975010
0.669491525423728806032386273728
0.672316384180790982405540034961
0.675141242937853158778693796194
0.677966101694915335151847557427
0.680790960451977400502698856144
0.683615819209039576875852617377
0.686440677966101642226703916094
0.689265536723163929622160139843
0.692090395480225994973011438560
0.694915254237288171346165199793
0.697740112994350236697016498510
0.700564971751412524092472722259
0.703389830508474589443324020976
0.706214689265536765816477782209
0.709039548022598831167329080927
0.711864406779661007540482842160
0.714689265536723183913636603393
0.717514124293785360286790364626
0.720338983050847425637641663343
0.723163841807909602010795424576
0.725988700564971889406251648325
0.728813559322033954757102947042
0.731638418079096131130256708275
0.734463276836158196481108006992
0.737288135593220483876564230741
0.740112994350282549227415529458
0.742937853107344725600569290691
0.745762711864406790951420589408
0.748587570621468967324574350641
0.751412429378531143697728111874
0.754237288135593320070881873107
0.757062146892655385421733171825
0.759887005649717561794886933058
0.762711864406779627145738231775
0.765536723163841914541194455524
0.768361581920903979892045754241
0.771186440677966156265199515474
0.774011299435028221616050814191
0.776836158192090509011507037940
0.779661016949152574362358336657
0.782485875706214750735512097890
0.785310734463276816086363396607
0.788135593220339103481819620356
0.790960451977401168832670919073
0.793785310734463345205824680306
0.796610169491525410556675979024
0.799435028248587586929829740257
0.802259887005649763302983501490
0.805084745762711939676137262722
0.807909604519774005026988561440
0.810734463276836181400142322673
0.813559322033898357773296083906
0.816384180790960534146449845139
0.819209039548022599497301143856
0.822033898305084775870454905089
0.824858757062146841221306203806
0.827683615819209128616762427555
0.830508474576271193967613726272
0.833333333333333370340767487505
0.836158192090395435691618786223
0.838983050847457723087075009971
0.841807909604519788437926308688
0.844632768361581964811080069921
0.847457627118644141184233831154
0.850282485875706206535085129872
0.853107344632768493930541353620
0.855932203389830559281392652338
0.858757062146892735654546413571
0.861581920903954801005397712288
0.864406779661017088400853936037
0.867231638418079153751705234754
0.870056497175141330124858995987
0.872881355932203395475710294704
0.875706214689265682871166518453
0.878531073446327748222017817170
0.881355932203389924595171578403
0.884180790960451989946022877120
0.887005649717514166319176638353
0.889830508474576342692330399586
0.892655367231638519065484160819
0.895480225988700584416335459537
0.898305084745762760789489220770
0.901129943502824826140340519487
0.903954802259887113535796743236
0.906779661016949178886648041953
0.909604519774011355259801803186
0.912429378531073420610653101903
0.915254237288135708006109325652
0.918079096045197773356960624369
0.920903954802259949730114385602
0.923728813559322015080965684319
0.926553672316384302476421908068
0.929378531073446367827273206785
0.932203389830508544200426968018
0.935028248587570609551278266736
0.937853107344632785924432027969
0.940677966101694962297585789202
0.943502824858757138670739550435
0.946327683615819204021590849152
0.949152542372881380394744610385
0.951977401129943445745595909102
0.954802259887005733141052132851
0.957627118644067798491903431568
0.960451977401129974865057192801
0.963276836158192040215908491518
0.966101694915254327611364715267
0.968926553672316503984518476500
0.971751412429378569335369775217
0.974576271186440745708523536450
0.977401129943502922081677297683
0.980225988700565098454831058916
0.983050847457627163805682357633
0.985875706214689340178836118866
0.988700564971751405529687417584
0.991525423728813692925143641332
0.994350282485875758275994940050
0.997175141242937934649148701283
0.000235525164840582907493926612
0.000548186151825996205444457843
0.000861138531408494906776995848
0.001173861388096703430375389310
0.001486224610219578608563684163
0.001798124691945994545541620546
0.002109462430220046536000211290
0.002420139788251392948259521631
0.002730059240948271275656322743
0.003039123612566026894077353404
0.003347236041980655458366600286
0.003654299987836415273406709403
0.003960219247978769528673037570
0.004264897984551313005197048511
0.004568240751501599118677976463
0.004870152523152967115327438563
0.005170538723235424370672230765
0.005469305254086886773634557102
0.005766358525875614829403481565
0.006061605485760403547179642203
0.006354953646939612982302847399
0.006646311117558425900220253624
0.006935586629450224242787736983
0.007222689566697935124872653745
0.007507529993998580258862673986
0.007790018684822086307562027940
0.008070067149350598073587192971
0.008347587662191489205065764168
0.008622493289851516223842864406
0.008894697917964721617378742735
0.009164116278265249312950935234
0.009430663975295105680429763595
0.009694257512839470070087344311
0.009954814320080503098342461499
0.010212252777461756220178656918
0.010466492242254734484907530145
0.010717453073819554684731336636
0.010965056658551960294678551122
0.011209225434508637148089960078
0.011449882915703268188023500329
0.011686953716065413486080437622
0.011920363573055167347169991388
0.012150039370925583281923820778
0.012375909163626323469808987454
0.012597902197340325736174548865
0.012815948932647605595924744648
0.013029981066308520681884530745
0.013239931552659530908377938374
0.013445734624615153854354510088
0.013647325814269672603074035067
0.013844641973091735207002095365
0.014037621291705347503775413998
0.014226203319251985723870035372
0.014410328982326643665334842126
0.014589940603482500977583491419
0.014764981919298614601587793516
0.014935398098004220093781846401
0.015101135756655097858169867209
0.015262142977855447031898528110
0.015418369326021141851867923833
0.015569765863178838469216280771
0.015716285164295674264822721966
0.015857881332135188162668626433
0.015994510011634540530556236604
0.016126128403799018518061103578
0.016252695279108535925116640897
0.016374170990433044997613976079
0.016490517485451865881129762670
0.016601698318573610002601981250
0.016707678662352870579965724573
0.016808425318399728559670691652
0.016903906727779298424518827915
0.016994092980897750749802455061
0.017078955826871102668951252213
0.017158468682375110914151150610
0.017232606639972457979181896803
0.017301346475914948508378898850
0.017364666657418478118435345436
0.017422547349407999095483035035
0.017474970420730998044156478954
0.017521919449837167898076373262
0.017563379729922265481967258438
0.017599338273535086035748165045
0.017629783816645837324355028386
0.017654706822174705965755592274
0.017674099482979072073263182574
0.017687955724299399967724966132
0.017696271205661875947079408888
0.017699043322238271896962302776
0.017696271205661875947079408888
0.017687955724299399967724966132
0.017674099482979072073263182574
0.017654706822174705965755592274
0.017629783816645837324355028386
0.017599338273535086035748165045
0.017563379729922265481967258438
0.017521919449837167898076373262
0.017474970420730998044156478954
0.017422547349407999095483035035
0.017364666657418478118435345436
0.017301346475914948508378898850
0.017232606639972457979181896803
0.017158468682375110914151150610
0.017078955826871102668951252213
0.016994092980897750749802455061
0.016903906727779298424518827915
0.016808425318399728559670691652
0.016707678662352870579965724573
0.016601698318573610002601981250
0.016490517485451865881129762670
0.016374170990433044997613976079
0.016252695279108535925116640897
0.016126128403799018518061103578
0.015994510011634540530556236604
0.015857881332135188162668626433
0.015716285164295674264822721966
0.015569765863178838469216280771
0.015418369326021141851867923833
0.015262142977855447031898528110
0.015101135756655097858169867209
0.014935398098004220093781846401
0.014764981919298614601587793516
0.014589940603482500977583491419
0.014410328982326643665334842126
0.014226203319251985723870035372
0.014037621291705347503775413998
0.013844641973091735207002095365
0.013647325814269672603074035067
0.013445734624615153854354510088
0.013239931552659530908377938374
0.013029981066308520681884530745
0.012815948932647605595924744648
0.012597902197340325736174548865
0.012375909163626323469808987454
0.012150039370925583281923820778
0.011920363573055167347169991388
0.011686953716065413486080437622
0.011449882915703268188023500329
0.011209225434508637148089960078
0.010965056658551960294678551122
0.010717453073819554684731336636
0.010466492242254734484907530145
0.010212252777461756220178656918
0.009954814320080503098342461499
0.009694257512839470070087344311
0.009430663975295105680429763595
0.009164116278265249312950935234
0.008894697917964721617378742735
0.008622493289851516223842864406
0.008347587662191489205065764168
0.008070067149350598073587192971
0.007790018684822086307562027940
0.007507529993998580258862673986
0.007222689566697935124872653745
0.006935586629450224242787736983
0.006646311117558425900220253624
0.006354953646939612982302847399
0.006061605485760403547179642203
0.005766358525875614829403481565
0.005469305254086886773634557102
0.005170538723235424370672230765
0.004870152523152967115327438563
0.004568240751501599118677976463
0.004264897984551313005197048511
0.003960219247978769528673037570
0.003654299987836415273406709403
0.003347236041980655458366600286
0.003039123612566026894077353404
0.002730059240948271275656322743
0.002420139788251392948259521631
0.002109462430220046536000211290
0.001798124691945994545541620546
0.001486224610219578608563684163
0.001173861388096703430375389310
0.000861138531408494906776995848
0.000548186151825996205444457843
0.000235525164840582907493926612
