0.002063285236261949012748218024
0.004736100558669618411367085997
0.007424700299488959896743178746
0.010116866412794986093692806151
0.012810385334385120809086444638
0.015504558882090631322103746470
0.018199098271251816505422738146
0.020893862652844579635980082344
0.023588775204523928369360064039
0.026283790482877746053080869615
0.028978879894276114020934542737
0.031674024550997548210773402388
0.034369211476544161976143243464
0.037064431461609412266078322773
0.039759677789858054175464729951
0.042454945448004141606013206456
0.045150230618277366334556433003
0.047845530342147661595486596298
0.050540842291489959658967734413
0.053236164609171639228168970703
0.055931495795676744453572837301
0.058626834626971734143463521605
0.061322180094010310391627882609
0.064017531357506970990378647457
0.066712887713665069977508892407
0.069408248567884647806103259882
0.072103613414362319189443439882
0.074798981820100196582501439480
0.077494353412248889734215140379
0.080189727868002172450623277200
0.082885104906462073182105143587
0.085580484282040833465821094705
0.088275865779070289418584138730
0.090971249207369861422556311936
0.093666634398578862974460434998
0.096362021203104275546280632625
0.099057409487566736028263392200
0.101752799132651838842633651439
0.104448190031294213531154468910
0.107143582087135633140739798819
0.109838975213209719128393260235
0.112534369330815967047421111147
0.115229764368551035325083375938
0.117925160261473427336653685416
0.120620556950379806404605176340
0.123315954381175735266040760507
0.126011352504327989176857727216
0.128706751274384412209172978692
0.131402150649553656203138984893
0.134097550591335434866380182939
0.136792951064193618604392099769
0.139488352035268159401226739647
0.142183753474118851345409098030
0.144879155352498095732372007660
0.147574557644148146584583969343
0.150269960324620144298535251437
0.152965363371112411661201235802
0.155660766762324986878240906663
0.158356170478329089101876547829
0.161051574500449767857190863651
0.163746978811159515920792273391
0.166442383393982762385121532134
0.169137788233408470350838115337
0.171833193314811727425706067152
0.174528598624381581227993365246
0.177224004149056174606258196036
0.179919409876462599306989886827
0.182614815794862744846582813807
0.185310221893103088675047729339
0.188005628160568871720670358627
0.190701034587141909915075643767
0.193396441163161819654092710152
0.196091847879389824527152086375
0.198787254726975864960181183960
0.201482661697427622993217255498
0.204178068782581767504069603092
0.206873475974577780700514040291
0.209568883265832284212848435345
0.212264290649016584833219667416
0.214959698117034164743799351527
0.217655105663000392191008813825
0.220350513280223092582588151345
0.223045920962184007763084991893
0.225741328702521643068124035381
0.228436736495014086623100979523
0.231132144333563716021018308311
0.233827552212181433155535614787
0.236522960124972120299347011496
0.239218368066120262716012234705
0.241913776029876348427904986238
0.244609184010542962672829503390
0.247304592002461687272329982079
0.250000000000000000000000000000
0.252695407997538368238821249179
0.255390815989457065082746112239
0.258086223970123707083246245020
0.260781631933879765039563380924
0.263477039875027962967379835391
0.266172447787818566844464385213
0.268867855666436339490132922947
0.271563263504985941132474636106
0.274258671297478440198602811506
0.276954079037815992236915008107
0.279649486719776962928563079913
0.282344894336999607808991186175
0.285040301882965918522927495360
0.287735709350983470677931563841
0.290431116734167715787151564655
0.293126524025422274810637190967
0.295821931217418232495930396908
0.298517338302572432517933975760
0.301212745273024162795394431669
0.303908152120610230983999144883
0.306603558836838208101482905477
0.309298965412858117840499971862
0.311994371839431183790480872631
0.314689778106896966836103501919
0.317385184205137282908992801822
0.320080590123537456204161344431
0.322775995850943853149317419593
0.325471401375618418772006634754
0.328166806685188272574293932848
0.330862211766591585160313115921
0.333557616606017293126029699124
0.336253021188840539590358957867
0.338948425499550232142809136349
0.341643829521670938653699067800
0.344339233237675068632910324595
0.347034636628887560583223148569
0.349730039675379911212615979821
0.352425442355851881170991646286
0.355120844647501932023203607969
0.357816246525881231921317748856
0.360511647964731840598773260353
0.363207048935806464662334747118
0.365902449408664620644771048319
0.368597849350446316041285399479
0.371293248725615643301978252566
0.373988647495672010823142272784
0.376684045618824292489534855122
0.379379443049620235228758247104
0.382074839738526628174497545842
0.384770235631449020186067855320
0.387465630669184102341517927925
0.390161024786790322504970163209
0.392856417912864352981472393367
0.395551809968705814224421146719
0.398247200867348161157366348561
0.400942590512433305605100031244
0.403637978796895779964870598633
0.406333365601421192536690796260
0.409028750792630180210807111507
0.411724134220929793848142708157
0.414419515717959208167542328738
0.417114895093537940695682664227
0.419810272131997841427164530614
0.422505646587751138021360475250
0.425201018179899858928649791778
0.427896386585637722443919983561
0.430591751432115366071684547933
0.433287112286334985533642338851
0.435982468642493070642984775986
0.438677819905989696547266021298
0.441373165373028286673218190117
0.444068504204323311057578393957
0.446763835390828423221876164462
0.449459157708510081974395689031
0.452154469657852386976770731053
0.454849769381722668359913086533
0.457545054551995900027350216988
0.460240322210141938885641366141
0.462935568538390573856133869413
0.465630788523455907412795795608
0.468325975449002451789226597612
0.471021120105723889448512409217
0.473716209517122288641388649921
0.476411224795476095916768599636
0.479106137347155458527936389146
0.481800901728748232066834589205
0.484495441117909375616790157437
0.487189614665614945110405642481
0.489883133587205088499416660852
0.492575299700511060052576794988
0.495263899441330424089358075435
0.497936714763738075273380445651
0.000000000000000000000000000000
0.002702702702702702852732841166
0.005405405405405405705465682331
0.008108108108108108558198523497
0.010810810810810811410931364662
0.013513513513513514263664205828
0.016216216216216217116397046993
0.018918918918918923438576840113
0.021621621621621622821862729324
0.024324324324324325674595570490
0.027027027027027028527328411656
0.029729729729729731380061252821
0.032432432432432434232794093987
0.035135135135135137085526935152
0.037837837837837846877153680225
0.040540540540540542790992617483
0.043243243243243245643725458649
0.045945945945945948496458299815
0.048648648648648651349191140980
0.051351351351351361140817886053
0.054054054054054057054656823311
0.056756756756756759907389664477
0.059459459459459462760122505642
0.062162162162162165612855346808
0.064864864864864868465588187973
0.067567567567567571318321029139
0.070270270270270274171053870305
0.072972972972972990901574519285
0.075675675675675693754307360450
0.078378378378378382729252393801
0.081081081081081085581985234967
0.083783783783783788434718076132
0.086486486486486491287450917298
0.089189189189189194140183758464
0.091891891891891896992916599629
0.094594594594594599845649440795
0.097297297297297302698382281960
0.100000000000000005551115123126
0.102702702702702722281635772106
0.105405405405405425134368613271
0.108108108108108114109313646622
0.110810810810810816962046487788
0.113513513513513519814779328954
0.116216216216216222667512170119
0.118918918918918925520245011285
0.121621621621621628372977852450
0.124324324324324331225710693616
0.127027027027027034078443534781
0.129729729729729736931176375947
0.132432432432432439783909217113
0.135135135135135142636642058278
0.137837837837837845489374899444
0.140540540540540548342107740609
0.143243243243243251194840581775
0.145945945945945981803149038569
0.148648648648648684655881879735
0.151351351351351387508614720900
0.154054054054054062605771946437
0.156756756756756765458504787603
0.159459459459459468311237628768
0.162162162162162171163970469934
0.164864864864864874016703311099
0.167567567567567576869436152265
0.170270270270270279722168993430
0.172972972972972982574901834596
0.175675675675675685427634675762
0.178378378378378388280367516927
0.181081081081081091133100358093
0.183783783783783793985833199258
0.186486486486486496838566040424
0.189189189189189199691298881589
0.191891891891891902544031722755
0.194594594594594605396764563920
0.197297297297297308249497405086
0.200000000000000011102230246252
0.202702702702702741710538703046
0.205405405405405444563271544212
0.208108108108108147416004385377
0.210810810810810850268737226543
0.213513513513513525365894452079
0.216216216216216228218627293245
0.218918918918918931071360134410
0.221621621621621633924092975576
0.224324324324324336776825816742
0.227027027027027039629558657907
0.229729729729729742482291499073
0.232432432432432445335024340238
0.235135135135135148187757181404
0.237837837837837851040490022569
0.240540540540540553893222863735
0.243243243243243256745955704901
0.245945945945945959598688546066
0.248648648648648662451421387232
0.251351351351351337548578612768
0.254054054054054068156887069563
0.256756756756756743254044295099
0.259459459459459473862352751894
0.262162162162162204470661208688
0.264864864864864879567818434225
0.267567567567567610176126891020
0.270270270270270285273284116556
0.272972972972972960370441342093
0.275675675675675690978749798887
0.278378378378378366075907024424
0.281081081081081096684215481218
0.283783783783783771781372706755
0.286486486486486502389681163550
0.289189189189189232997989620344
0.291891891891891963606298077138
0.294594594594594638703455302675
0.297297297297297369311763759470
0.300000000000000044408920985006
0.302702702702702775017229441801
0.305405405405405450114386667337
0.308108108108108125211543892874
0.310810810810810855819852349669
0.313513513513513530917009575205
0.316216216216216261525318032000
0.318918918918918936622475257536
0.321621621621621667230783714331
0.324324324324324342327940939867
0.327027027027027072936249396662
0.329729729729729748033406622199
0.332432432432432478641715078993
0.335135135135135153738872304530
0.337837837837837884347180761324
0.340540540540540559444337986861
0.343243243243243290052646443655
0.345945945945945965149803669192
0.348648648648648695758112125986
0.351351351351351370855269351523
0.354054054054054101463577808317
0.356756756756756776560735033854
0.359459459459459507169043490649
0.362162162162162182266200716185
0.364864864864864857363357941722
0.367567567567567587971666398516
0.370270270270270263068823624053
0.372972972972972993677132080848
0.375675675675675668774289306384
0.378378378378378399382597763179
0.381081081081081074479754988715
0.383783783783783805088063445510
0.386486486486486480185220671046
0.389189189189189210793529127841
0.391891891891891885890686353378
0.394594594594594616498994810172
0.397297297297297291596152035709
0.400000000000000022204460492503
0.402702702702702697301617718040
0.405405405405405483421077406092
0.408108108108108158518234631629
0.410810810810810889126543088423
0.413513513513513564223700313960
0.416216216216216294832008770754
0.418918918918918969929165996291
0.421621621621621700537474453085
0.424324324324324375634631678622
0.427027027027027050731788904159
0.429729729729729781340097360953
0.432432432432432456437254586490
0.435135135135135187045563043284
0.437837837837837862142720268821
0.440540540540540592751028725615
0.443243243243243267848185951152
0.445945945945945998456494407947
0.448648648648648673553651633483
0.451351351351351404161960090278
0.454054054054054079259117315814
0.456756756756756809867425772609
0.459459459459459484964582998145
0.462162162162162215572891454940
0.464864864864864890670048680477
0.467567567567567621278357137271
0.470270270270270296375514362808
0.472972972972973026983822819602
0.475675675675675702080980045139
0.478378378378378432689288501933
0.481081081081081107786445727470
0.483783783783783782883602953007
0.486486486486486513491911409801
0.489189189189189188589068635338
0.491891891891891919197377092132
0.494594594594594594294534317669
0.497297297297297324902842774463
0.500000000000000000000000000000
0.502702702702702675097157225537
0.505405405405405461216616913589
0.508108108108108136313774139126
0.510810810810810811410931364662
0.513513513513513486508088590199
0.516216216216216272627548278251
0.518918918918918947724705503788
0.521621621621621733844165191840
0.524324324324324408941322417377
0.527027027027027084038479642913
0.529729729729729759135636868450
0.532432432432432545255096556502
0.535135135135135220352253782039
0.537837837837837895449411007576
0.540540540540540570546568233112
0.543243243243243356666027921165
0.545945945945945920740882684186
0.548648648648648706860342372238
0.551351351351351381957499597775
0.554054054054054057054656823311
0.556756756756756732151814048848
0.559459459459459518271273736900
0.562162162162162193368430962437
0.564864864864864868465588187973
0.567567567567567543562745413510
0.570270270270270329682205101562
0.572972972972973004779362327099
0.575675675675675679876519552636
0.578378378378378465995979240688
0.581081081081081141093136466225
0.583783783783783927212596154277
0.586486486486486491287450917298
0.589189189189189277406910605350
0.591891891891891952504067830887
0.594594594594594738623527518939
0.597297297297297302698382281960
0.600000000000000088817841970013
0.602702702702702763914999195549
0.605405405405405550034458883601
0.608108108108108114109313646622
0.610810810810810900228773334675
0.613513513513513575325930560211
0.616216216216216250423087785748
0.618918918918918925520245011285
0.621621621621621711639704699337
0.624324324324324386736861924874
0.627027027027027061834019150410
0.629729729729729736931176375947
0.632432432432432523050636063999
0.635135135135135198147793289536
0.637837837837837873244950515073
0.640540540540540548342107740609
0.643243243243243334461567428662
0.645945945945946009558724654198
0.648648648648648684655881879735
0.651351351351351359753039105271
0.654054054054054145872498793324
0.656756756756756820969656018860
0.659459459459459496066813244397
0.662162162162162171163970469934
0.664864864864864957283430157986
0.667567567567567521358284921007
0.670270270270270307477744609059
0.672972972972972982574901834596
0.675675675675675768694361522648
0.678378378378378332769216285669
0.681081081081081118888675973722
0.683783783783783793985833199258
0.686486486486486580105292887310
0.689189189189189144180147650331
0.691891891891891930299607338384
0.694594594594594716419067026436
0.697297297297297391516224251973
0.700000000000000066613381477509
0.702702702702702741710538703046
0.705405405405405527829998391098
0.708108108108108202927155616635
0.710810810810810878024312842172
0.713513513513513553121470067708
0.716216216216216339240929755761
0.718918918918919014338086981297
0.721621621621621689435244206834
0.724324324324324364532401432371
0.727027027027027150651861120423
0.729729729729729714726715883444
0.732432432432432500846175571496
0.735135135135135175943332797033
0.737837837837837962062792485085
0.740540540540540526137647248106
0.743243243243243312257106936158
0.745945945945945987354264161695
0.748648648648648773473723849747
0.751351351351351337548578612768
0.754054054054054123668038300821
0.756756756756756798765195526357
0.759459459459459584884655214410
0.762162162162162148959509977431
0.764864864864864935078969665483
0.767567567567567610176126891020
0.770270270270270396295586579072
0.772972972972972960370441342093
0.775675675675675746489901030145
0.778378378378378421587058255682
0.781081081081081207706517943734
0.783783783783783771781372706755
0.786486486486486557900832394807
0.789189189189189232997989620344
0.791891891891891908095146845881
0.794594594594594583192304071417
0.797297297297297369311763759470
0.800000000000000044408920985006
0.802702702702702719506078210543
0.805405405405405394603235436080
0.808108108108108180722695124132
0.810810810810810966842154812184
0.813513513513513530917009575205
0.816216216216216317036469263257
0.818918918918918992133626488794
0.821621621621621778253086176846
0.824324324324324342327940939867
0.827027027027027128447400627920
0.829729729729729803544557853456
0.832432432432432589664017541509
0.835135135135135153738872304530
0.837837837837837939858331992582
0.840540540540540614955489218119
0.843243243243243401074948906171
0.845945945945945965149803669192
0.848648648648648751269263357244
0.851351351351351426366420582781
0.854054054054054101463577808317
0.856756756756756776560735033854
0.859459459459459562680194721906
0.862162162162162237777351947443
0.864864864864864912874509172980
0.867567567567567587971666398516
0.870270270270270374091126086569
0.872972972972973049188283312105
0.875675675675675724285440537642
0.878378378378378399382597763179
0.881081081081081185502057451231
0.883783783783783860599214676768
0.886486486486486535696371902304
0.889189189189189210793529127841
0.891891891891891996912988815893
0.894594594594594672010146041430
0.897297297297297347107303266966
0.900000000000000022204460492503
0.902702702702702808323920180555
0.905405405405405372398774943576
0.908108108108108158518234631629
0.910810810810810833615391857165
0.913513513513513619734851545218
0.916216216216216183809706308239
0.918918918918918969929165996291
0.921621621621621645026323221828
0.924324324324324431145782909880
0.927027027027027106242940135417
0.929729729729729781340097360953
0.932432432432432567459557049006
0.935135135135135242556714274542
0.937837837837837917653871500079
0.940540540540540592751028725615
0.943243243243243378870488413668
0.945945945945946053967645639204
0.948648648648648729064802864741
0.951351351351351404161960090278
0.954054054054054190281419778330
0.956756756756756865378577003867
0.959459459459459540475734229403
0.962162162162162215572891454940
0.964864864864865001692351142992
0.967567567567567565767205906013
0.970270270270270351886665594066
0.972972972972973026983822819602
0.975675675675675813103282507655
0.978378378378378377178137270676
0.981081081081081163297596958728
0.983783783783783838394754184264
0.986486486486486624514213872317
0.989189189189189188589068635338
0.991891891891891974708528323390
0.994594594594594649805685548927
0.997297297297297435925145236979
0.000215648986563418177970358203
0.000501929767073703517882288239
0.000788490613279343630602491455
0.001074862142242018290400062952
0.001360932780937366233173224650
0.001646615299760963591763074376
0.001931826387179273870828288828
0.002216483773401409316378130043
0.002500505626544169933411776441
0.002783810399486138023594783419
0.003066316793591658887430106972
0.003347943758961800450602019907
0.003628610507785096517957557083
0.003908236532894694345574571059
0.004186741628557696243140284764
0.004464045912263249135665255096
0.004740069846960928007240099191
0.005014734263484566488544569296
0.005287960383026581341614491549
0.005559669839588770624827507305
0.005829784702368249679760303650
0.006098227498050036443633104000
0.006364921232987397550773245314
0.006629789415258654367013591013
0.006892756076587425520529883727
0.007153745794118510949177736080
0.007412683712041106404155854648
0.007669495563051716494062937102
0.007924107689650275801462875336
0.008176447065262713517763693005
0.008426441315183037447655856056
0.008674018737329782652301091161
0.008919108322809317715429422435
0.009161639776281272837255009733
0.009401543536119248006821536023
0.009638750794361342077998244804
0.009873193516444686221311677343
0.010104804460718541658792446469
0.010333517197729510245229889165
0.010559266129274392717607433667
0.010781986507214430526246928821
0.011001614452045796466173044337
0.011218086971220994629838685341
0.011431341977216053981680765617
0.011641318305338026889428348909
0.011847955731267581502841323982
0.012051194988332512500472937234
0.012250977784506089998672884178
0.012447246819125802261285507200
0.012639945799328330608424231229
0.012829019456195052753533225598
0.013014413560603760311451537746
0.013196074938782508673140725364
0.013373951487560735082449347999
0.013547992189312787689181583062
0.013718147126591006754181556460
0.013884367496442357597929984081
0.014046605624406406989668205654
0.014204814978188044088946995203
0.014358950181004817570062925824
0.014508967024600825934665948580
0.014654822481926437632848703174
0.014796474719479389692278203938
0.014933883109302957536979050701
0.015067008240638795138477412650
0.015195811931230381042201571518
0.015320257238274388386645163962
0.015440308469016384568250899179
0.015555931190987965298533346470
0.015667092241882486780557570683
0.015773759739066792184836174329
0.015875903088725114298274121438
0.015973492994634391067831913347
0.016066501466566268652158555597
0.016154901828315696571403137227
0.016238668725351627225572670454
0.016317778132089223036560454716
0.016392207358780754022919978752
0.016461935058023416389438864371
0.016526941230881969646659968021
0.016587207232624634478668212978
0.016642715778070974602664833242
0.016693450946549268087970574470
0.016739398186463055884232176140
0.016780544319464341801451112701
0.016816877544233815172658452752
0.016848387439865275538863897964
0.016875064968854713853829707659
0.016896902479692336301875243976
0.016913893709057145620100470751
0.016926033783613264604994697038
0.016933319221407776289378688261
0.016935747932869383430842802341
0.016933319221407776289378688261
0.016926033783613264604994697038
0.016913893709057145620100470751
0.016896902479692336301875243976
0.016875064968854713853829707659
0.016848387439865275538863897964
0.016816877544233815172658452752
0.016780544319464341801451112701
0.016739398186463055884232176140
0.016693450946549268087970574470
0.016642715778070974602664833242
0.016587207232624634478668212978
0.016526941230881969646659968021
0.016461935058023416389438864371
0.016392207358780754022919978752
0.016317778132089223036560454716
0.016238668725351627225572670454
0.016154901828315696571403137227
0.016066501466566268652158555597
0.015973492994634391067831913347
0.015875903088725114298274121438
0.015773759739066792184836174329
0.015667092241882486780557570683
0.015555931190987965298533346470
0.015440308469016384568250899179
0.015320257238274388386645163962
0.015195811931230381042201571518
0.015067008240638795138477412650
0.014933883109302957536979050701
0.014796474719479389692278203938
0.014654822481926437632848703174
0.014508967024600825934665948580
0.014358950181004817570062925824
0.014204814978188044088946995203
0.014046605624406406989668205654
0.013884367496442357597929984081
0.013718147126591006754181556460
0.013547992189312787689181583062
0.013373951487560735082449347999
0.013196074938782508673140725364
0.013014413560603760311451537746
0.012829019456195052753533225598
0.012639945799328330608424231229
0.012447246819125802261285507200
0.012250977784506089998672884178
0.012051194988332512500472937234
0.011847955731267581502841323982
0.011641318305338026889428348909
0.011431341977216053981680765617
0.011218086971220994629838685341
0.011001614452045796466173044337
0.010781986507214430526246928821
0.010559266129274392717607433667
0.010333517197729510245229889165
0.010104804460718541658792446469
0.009873193516444686221311677343
0.009638750794361342077998244804
0.009401543536119248006821536023
0.009161639776281272837255009733
0.008919108322809317715429422435
0.008674018737329782652301091161
0.008426441315183037447655856056
0.008176447065262713517763693005
0.007924107689650275801462875336
0.007669495563051716494062937102
0.007412683712041106404155854648
0.007153745794118510949177736080
0.006892756076587425520529883727
0.006629789415258654367013591013
0.006364921232987397550773245314
0.006098227498050036443633104000
0.005829784702368249679760303650
0.005559669839588770624827507305
0.005287960383026581341614491549
0.005014734263484566488544569296
0.004740069846960928007240099191
0.004464045912263249135665255096
0.004186741628557696243140284764
0.003908236532894694345574571059
0.003628610507785096517957557083
0.003347943758961800450602019907
0.003066316793591658887430106972
0.002783810399486138023594783419
0.002500505626544169933411776441
0.002216483773401409316378130043
0.001931826387179273870828288828
0.001646615299760963591763074376
0.001360932780937366233173224650
0.001074862142242018290400062952
0.000788490613279343630602491455
0.000501929767073703517882288239
0.000215648986563418177970358203
