0.001977981647835974719079610296
0.004540293228877024904466264132
0.007117736644135939406974333821
0.009698598985446992351566741775
0.012280758205319822901069315435
0.014863544986989407972743926223
0.017446682485243152765930219061
0.020030035674316139238104739206
0.022613530908030737148761701860
0.025197124621824273926762316478
0.027780789404288210725502139553
0.030364507148644737793974357487
0.032948265414949585994097702724
0.035532055374700978467306100583
0.038115870589300937520960133043
0.040699706252790734950508522161
0.043283558705301400371112663379
0.045867425110681023237013675953
0.048451303237120130207316037740
0.051035191304329922956650733568
0.053619087874853997577329067781
0.056202991775330349288886111481
0.058786902038496249844889973701
0.061370817859832685337018176597
0.063954738564709276427144857280
0.066538663583178225824354967699
0.069122592430419266262831001768
0.071706524691408313199048052411
0.074290460008784656165126136784
0.076874398073163277556041350635
0.079458338615336410182266035918
0.082042281399947986075815720142
0.084626226220326741800370484725
0.087210172894236562268766022044
0.089794121260361389746940119494
0.092378071175378717594384170297
0.094962022511511423594754432997
0.097545975154468056445011825417
0.100129929001702214219626796421
0.102713883960934115879837236207
0.105297839948890165073791536088
0.107881796890223452534129933156
0.110465754716585318195853915313
0.113049713365824797128844636518
0.115633672781294480347291653288
0.118217632911248191063258161648
0.120801593708315266328945369878
0.123385555129041257771405071253
0.125969517133484504300966477786
0.128553479684861998721956410918
0.131137442749236554639935548039
0.133721406295240291539627719430
0.136305370293829636318960751851
0.138889334718067414264908165933
0.141473299542928726557633467564
0.144057264745127699967497392208
0.146641230302962888298878851856
0.149225196196177661844828321591
0.151809162405835806897158590800
0.154393128914208865865020925412
0.156977095704674912690634869250
0.159561062761626626382849281072
0.162145030070388523890656529147
0.164728997617141659226547290018
0.167312965388855178217042407596
0.169896933373224062746587037509
0.172480901558612259583114223460
0.175064869934000860718370518043
0.177648838488940807867066951076
0.180232807213509121924133182802
0.182816776098268907180255382627
0.185400745134233074784546602132
0.187984714312829898075207779584
0.190568683625872092868291929335
0.193152653065527785125610193973
0.195736622624294004380018918710
0.198320592294971287383731350928
0.200904562070641279358795827648
0.203488531944644474025452041133
0.206072501910560590410170789255
0.208656471962189726809810963459
0.211240442093534486200923083743
0.213824412298783433916682383824
0.216408382572295637791270905836
0.218992352908585652393469445087
0.221576323302309696750000966858
0.224160293748252137380205795125
0.226744264241313053798165810804
0.229328234776495692992526187481
0.231912205348895367196249139852
0.234496175953687713278128512684
0.237080146586118117868480226207
0.239664117241491031462530258977
0.242248087915159948657617405843
0.244832058602517027567913032726
0.247416029298983597417560531539
0.250000000000000000000000000000
0.252583970701016458093590699718
0.255167941397483000187662582903
0.257751912084840106853533825415
0.260335882758508996293045356651
0.262919853413881909887095389422
0.265503824046312286721871487316
0.268087794651104660559326475777
0.270671765223504334763049428147
0.273255735758687001712985420454
0.275839706251747862619794204875
0.278423676697690358761150264399
0.281007647091414347606530554913
0.283591617427704389964304709792
0.286175587701216593838893231805
0.288759557906465569310228147515
0.291343528037810273190189036541
0.293927498089439409589829210745
0.296511468055355609241274805754
0.299095437929358720641204172352
0.301679407705028712616268649072
0.304263377375706023375556696919
0.306847346934472187118814190399
0.309431316374127962642859301923
0.312015285687170129680367836045
0.314599254865766952971029013497
0.317183223901731092819744617373
0.319767192786490905831442432827
0.322351161511059192132933048924
0.324935130065999167037205097586
0.327519098441387823683612623427
0.330103066626775965008988578120
0.332687034611144849538533208033
0.335271002382858340773452709982
0.337854969929611503864919086482
0.340438937238373429128301950186
0.343022904295325115064940746379
0.345606871085791134134979074588
0.348190837594164248613992640458
0.350774803803822365910747294038
0.353358769697037111701121148144
0.355942735254872300032502607792
0.358526700457071301197942148065
0.361110665281932641246243065325
0.363694629706170446947766095036
0.366278593704759791727099127456
0.368862557250763445360064451961
0.371446520315137973522467973453
0.374030482866515578965760369101
0.376614444870958742228594928747
0.379198406291684775304418053565
0.381782367088751850570105261795
0.384366327218705505774920538897
0.386950286634175188993367555668
0.389534245283414681804146084687
0.392118203109776575221445682473
0.394702160051109862681784079541
0.397286116039065884120162763793
0.399870070998297799658161011394
0.402454024845531999066139405841
0.405037977488488631916396798260
0.407621928824621337916767060960
0.410205878739638651886423303949
0.412789827105763451609021785771
0.415373773779673327588568554347
0.417957718600051986168608664229
0.420541661384663589817733964082
0.423125601926836736321746457179
0.425709539991215357712661671030
0.428293475308591742312103178847
0.430877407569580761492744613861
0.433461336416821829686796263559
0.436045261435290765206218566163
0.438629182140167328540769631218
0.441213097961503819544049065371
0.443797008224669720100052927592
0.446380912125146023239352643941
0.448964808695670125615606593783
0.451548696762879897548259577889
0.454132574889318962885198516233
0.456716441294698682895614183508
0.459300293747209320560642709097
0.461884129410699117990191098215
0.464467944625299056227163418953
0.467051734585050448700371816813
0.469635492851355251797684786652
0.472219210595711869071777755380
0.474802875378175726073237683522
0.477386469091969301015154769630
0.479969964325683895456364780330
0.482553317514756829886835021171
0.485136455013010614578661261476
0.487719241794680180568377636519
0.490301401014553051016520157646
0.492882263355864103093750827611
0.495459706771122998514300661554
0.498022018352164086429922917887
0.000000000000000000000000000000
0.002590673575129533775379675475
0.005181347150259067550759350951
0.007772020725388601759819895420
0.010362694300518135101518701902
0.012953367875647671045302722348
0.015544041450777203519639790841
0.018134715025906737728700335310
0.020725388601036270203037403803
0.023316062176165806146821424250
0.025906735751295342090605444696
0.028497409326424874564942513189
0.031088082901554407039279581682
0.033678756476683939513616650174
0.036269430051813475457400670621
0.038860103626943011401184691067
0.041450777202072540406074807606
0.044041450777202076349858828053
0.046632124352331612293642848499
0.049222797927461148237426868945
0.051813471502590684181210889392
0.054404145077720213186101005931
0.056994818652849749129885026377
0.059585492227979278134775142917
0.062176165803108814078559163363
0.064766839378238350022343183809
0.067357512953367879027233300349
0.069948186528497421909911224702
0.072538860103626950914801341241
0.075129533678756493797479265595
0.077720207253886022802369382134
0.080310880829015551807259498673
0.082901554404145080812149615213
0.085492227979274623694827539566
0.088082901554404152699717656105
0.090673575129533681704607772645
0.093264248704663224587285696998
0.095854922279792753592175813537
0.098445595854922296474853737891
0.101036269430051825479743854430
0.103626943005181368362421778784
0.106217616580310897367311895323
0.108808290155440426372202011862
0.111398963730569955377092128401
0.113989637305699498259770052755
0.116580310880829027264660169294
0.119170984455958556269550285833
0.121761658031088085274440402372
0.124352331606217628157118326726
0.126943005181347184917584058894
0.129533678756476700044686367619
0.132124352331606215171788676344
0.134715025906735758054466600697
0.137305699481865300937144525051
0.139896373056994843819822449404
0.142487046632124386702500373758
0.145077720207253901829602682483
0.147668393782383444712280606836
0.150259067357512987594958531190
0.152849740932642502722060839915
0.155440414507772045604738764268
0.158031088082901588487416688622
0.160621761658031103614518997347
0.163212435233160646497196921700
0.165803108808290161624299230425
0.168393782383419704506977154779
0.170984455958549247389655079132
0.173575129533678762516757387857
0.176165803108808305399435312211
0.178756476683937848282113236564
0.181347150259067363409215545289
0.183937823834196906291893469643
0.186528497409326449174571393996
0.189119170984455964301673702721
0.191709844559585507184351627075
0.194300518134715050067029551428
0.196891191709844592949707475782
0.199481865284974135832385400136
0.202072538860103650959487708860
0.204663212435233193842165633214
0.207253886010362736724843557568
0.209844559585492251851945866292
0.212435233160621794734623790646
0.215025906735751337617301714999
0.217616580310880852744404023724
0.220207253886010395627081948078
0.222797927461139910754184256803
0.225388601036269453636862181156
0.227979274611398996519540105510
0.230569948186528511646642414235
0.233160621761658054529320338588
0.235751295336787597411998262942
0.238341968911917112539100571666
0.240932642487046655421778496020
0.243523316062176170548880804745
0.246113989637305713431558729098
0.248704663212435256314236653452
0.251295336787564826952490193435
0.253886010362694369835168117788
0.256476683937823857206694810884
0.259067357512953400089372735238
0.261658031088082887460899428334
0.264248704663212430343577352687
0.266839378238341973226255277041
0.269430051813471516108933201394
0.272020725388601058991611125748
0.274611398963730601874289050102
0.277202072538860144756966974455
0.279792746113989687639644898809
0.282383419689119230522322823163
0.284974093264248773405000747516
0.287564766839378316287678671870
0.290155440414507803659205364966
0.292746113989637346541883289319
0.295336787564766889424561213673
0.297927461139896432307239138026
0.300518134715025975189917062380
0.303108808290155518072594986734
0.305699481865285005444121679830
0.308290155440414548326799604183
0.310880829015544091209477528537
0.313471502590673634092155452890
0.316062176165803176974833377244
0.318652849740932664346360070340
0.321243523316062207229037994693
0.323834196891191750111715919047
0.326424870466321292994393843401
0.329015544041450835877071767754
0.331606217616580323248598460850
0.334196891191709866131276385204
0.336787564766839409013954309557
0.339378238341968951896632233911
0.341968911917098494779310158265
0.344559585492228037661988082618
0.347150259067357525033514775714
0.349740932642487067916192700068
0.352331606217616610798870624421
0.354922279792746153681548548775
0.357512953367875696564226473129
0.360103626943005183935753166224
0.362694300518134726818431090578
0.365284974093264269701109014932
0.367875647668393812583786939285
0.370466321243523355466464863639
0.373056994818652898349142787993
0.375647668393782385720669481088
0.378238341968911928603347405442
0.380829015544041471486025329796
0.383419689119171014368703254149
0.386010362694300557251381178503
0.388601036269430100134059102857
0.391191709844559643016737027210
0.393782383419689185899414951564
0.396373056994818728782092875917
0.398963730569948271664770800271
0.401554404145077814547448724625
0.404145077720207301918975417721
0.406735751295336844801653342074
0.409326424870466387684331266428
0.411917098445595930567009190781
0.414507772020725473449687115135
0.417098445595854960821213808231
0.419689119170984503703891732584
0.422279792746114046586569656938
0.424870466321243589469247581292
0.427461139896373132351925505645
0.430051813471502675234603429999
0.432642487046632162606130123095
0.435233160621761705488808047448
0.437823834196891248371485971802
0.440414507772020791254163896156
0.443005181347150334136841820509
0.445595854922279821508368513605
0.448186528497409364391046437959
0.450777202072538907273724362312
0.453367875647668450156402286666
0.455958549222797993039080211020
0.458549222797927480410606904115
0.461139896373057023293284828469
0.463730569948186566175962752823
0.466321243523316109058640677176
0.468911917098445651941318601530
0.471502590673575194823996525884
0.474093264248704682195523218979
0.476683937823834225078201143333
0.479274611398963767960879067687
0.481865284974093310843556992040
0.484455958549222853726234916394
0.487046632124352341097761609490
0.489637305699481883980439533843
0.492227979274611426863117458197
0.494818652849740969745795382551
0.497409326424870512628473306904
0.500000000000000111022302462516
0.502590673575129653904980386869
0.505181347150259196787658311223
0.507772020725388739670336235577
0.510362694300518171530711697415
0.512953367875647714413389621768
0.515544041450777257296067546122
0.518134715025906800178745470475
0.520725388601036343061423394829
0.523316062176165774921798856667
0.525906735751295428826779243536
0.528497409326424860687154705374
0.531088082901554514592135092244
0.533678756476683946452510554082
0.536269430051813489335188478435
0.538860103626943032217866402789
0.541450777202072575100544327142
0.544041450777202117983222251496
0.546632124352331660865900175850
0.549222797927461203748578100203
0.551813471502590746631256024557
0.554404145077720289513933948911
0.556994818652849832396611873264
0.559585492227979375279289797618
0.562176165803108918161967721971
0.564766839378238461044645646325
0.567357512953367892905021108163
0.569948186528497546810001495032
0.572538860103626978670376956870
0.575129533678756632575357343740
0.577720207253886064435732805578
0.580310880829015607318410729931
0.582901554404145150201088654285
0.585492227979274693083766578638
0.588082901554404235966444502992
0.590673575129533778849122427346
0.593264248704663210709497889184
0.595854922279792864614478276053
0.598445595854922296474853737891
0.601036269430051950379834124760
0.603626943005181382240209586598
0.606217616580311036145189973467
0.608808290155440468005565435305
0.611398963730570010888243359659
0.613989637305699553770921284013
0.616580310880829096653599208366
0.619170984455958639536277132720
0.621761658031088182418955057074
0.624352331606217614279330518912
0.626943005181347268184310905781
0.629533678756476700044686367619
0.632124352331606353949666754488
0.634715025906735785810042216326
0.637305699481865328692720140680
0.639896373056994871575398065033
0.642487046632124414458075989387
0.645077720207253957340753913741
0.647668393782383500223431838094
0.650259067357512932083807299932
0.652849740932642585988787686802
0.655440414507772017849163148639
0.658031088082901671754143535509
0.660621761658031103614518997347
0.663212435233160646497196921700
0.665803108808290300402177308570
0.668393782383419732262552770408
0.670984455958549386167533157277
0.673575129533678818027908619115
0.676165803108808471932889005984
0.678756476683937903793264467822
0.681347150259067446675942392176
0.683937823834196989558620316529
0.686528497409326532441298240883
0.689119170984456075323976165237
0.691709844559585618206654089590
0.694300518134715050067029551428
0.696891191709844703972009938298
0.699481865284974135832385400136
0.702072538860103789737365787005
0.704663212435233221597741248843
0.707253886010362764480419173196
0.709844559585492307363097097550
0.712435233160621850245775021904
0.715025906735751393128452946257
0.717616580310880936011130870611
0.720207253886010367871506332449
0.722797927461140021776486719318
0.725388601036269453636862181156
0.727979274611399107541842568025
0.730569948186528539402218029863
0.733160621761658193307198416733
0.735751295336787625167573878571
0.738341968911917168050251802924
0.740932642487046710932929727278
0.743523316062176253815607651632
0.746113989637305796698285575985
0.748704663212435339580963500339
0.751295336787564771441338962177
0.753886010362694425346319349046
0.756476683937823857206694810884
0.759067357512953511111675197753
0.761658031088082942972050659591
0.764248704663212485854728583945
0.766839378238342028737406508299
0.769430051813471571620084432652
0.772020725388601114502762357006
0.774611398963730657385440281359
0.777202072538860200268118205713
0.779792746113989743150796130067
0.782383419689119286033474054420
0.784974093264248828916151978774
0.787564766839378371798829903128
0.790155440414507803659205364966
0.792746113989637457564185751835
0.795336787564766889424561213673
0.797927461139896543329541600542
0.800518134715025975189917062380
0.803108808290155629094897449249
0.805699481865285060955272911087
0.808290155440414603837950835441
0.810880829015544146720628759795
0.813471502590673689603306684148
0.816062176165803232485984608502
0.818652849740932775368662532856
0.821243523316062207229037994693
0.823834196891191861134018381563
0.826424870466321292994393843401
0.829015544041450946899374230270
0.831606217616580378759749692108
0.834196891191709921642427616462
0.836787564766839464525105540815
0.839378238341969007407783465169
0.841968911917098550290461389523
0.844559585492228093173139313876
0.847150259067357525033514775714
0.849740932642487178938495162583
0.852331606217616610798870624421
0.854922279792746264703851011291
0.857512953367875696564226473129
0.860103626943005350469206859998
0.862694300518134782329582321836
0.865284974093264325212260246190
0.867875647668393868094938170543
0.870466321243523410977616094897
0.873056994818652953860294019250
0.875647668393782496742971943604
0.878238341968911928603347405442
0.880829015544041582508327792311
0.883419689119171014368703254149
0.886010362694300668273683641019
0.888601036269430211156361565372
0.891191709844559643016737027210
0.893782383419689296921717414079
0.896373056994818728782092875917
0.898963730569948382687073262787
0.901554404145077814547448724625
0.904145077720207357430126648978
0.906735751295336900312804573332
0.909326424870466443195482497686
0.911917098445595986078160422039
0.914507772020725528960838346393
0.917098445595854960821213808231
0.919689119170984614726194195100
0.922279792746114046586569656938
0.924870466321243700491550043807
0.927461139896373132351925505645
0.930051813471502786256905892515
0.932642487046632218117281354353
0.935233160621761760999959278706
0.937823834196891303882637203060
0.940414507772020846765315127413
0.943005181347150389647993051767
0.945595854922279932530670976121
0.948186528497409364391046437959
0.950777202072539018296026824828
0.953367875647668450156402286666
0.955958549222798104061382673535
0.958549222797927535921758135373
0.961139896373057078804436059727
0.963730569948186621687113984080
0.966321243523316164569791908434
0.968911917098445707452469832788
0.971502590673575250335147757141
0.974093264248704682195523218979
0.976683937823834336100503605849
0.979274611398963767960879067687
0.981865284974093421865859454556
0.984455958549222853726234916394
0.987046632124352396608912840748
0.989637305699481939491590765101
0.992227979274611482374268689455
0.994818652849741025256946613808
0.997409326424870568139624538162
0.000198186642819323693195249225
0.000461290082357932753037016438
0.000724661618795692020512932974
0.000987875992356447270650865455
0.001250836769078136423774538777
0.001513469874498447323082905847
0.001775704818965523129267736202
0.002037472050879730357808572450
0.002298702398414698491735386199
0.002559326925440117556087571415
0.002819276894860442590762250603
0.003078483765535929700396522435
0.003336879201255557418626107591
0.003594395084509478636991541833
0.003850963532329336209275583158
0.004106516913064238959163443354
0.004360987863589028609712094919
0.004614309306703257874959778206
0.004866414468598793778564282064
0.005117236896327763580327729898
0.005366710475236261164433404502
0.005614769446336179310741432147
0.005861348423603022182726274281
0.006106382411185670190667540425
0.006349806820522232997383582642
0.006591557487352656119483640396
0.006831570688623545689610594422
0.007069783159278515347057059159
0.007306132108929499872906898617
0.007540555238404885243785891191
0.007772990756167997596082219758
0.008003377394602839006720884640
0.008231654426162419296852945649
0.008457761679374299276790161173
0.008681639554700916819318656792
0.008903229040248393511003399681
0.009122471727320750553569261854
0.009339309825815713186902833343
0.009553686179457242938495298290
0.009765544280860781814479487650
0.009974828286428131032814725643
0.010181483031066741046233303791
0.010385454042730760462753814011
0.010586687556779113272842351989
0.010785130530147145344610493112
0.010980730655328044612084603671
0.011173436374160775411135126944
0.011363196891420068723732583749
0.011549962188205347562997005184
0.011733683035125248156349542228
0.011914311005274047169932849499
0.012091798486996201134058281923
0.012266098696436510476215353549
0.012437165689871841969815768891
0.012604954375821137910196334531
0.012769420526931141157689353349
0.012930520791634569563455237073
0.013088212705576649300120983810
0.013242454702808617583720263156
0.013393206126743838896286931117
0.013540427240874690698047011495
0.013684079239246343256963811541
0.013824124256685957345958115638
0.013960525378783361985512989634
0.014093246651621229442730154346
0.014222253091252473264360922656
0.014347510692921120606380114282
0.014468986440026240791745237857
0.014586648312824164810952431992
0.014700465296869021786241304994
0.014810407391187569575707883018
0.014916445616187261336005320800
0.015018552021294847079180279081
0.015116699692323942033622685699
0.015210862758569303199163158524
0.015301016399626088046459493341
0.015387136851932102163398319306
0.015469201415032003688043715783
0.015547188457560454782901970816
0.015621077422944263518589380624
0.015690848834820619178698208884
0.015756484302171219757937592476
0.015817966524169446707048791723
0.015875279294741095198473246342
0.015928407506836012724749096492
0.015977337156410080509783000480
0.016022055346116621799001933368
0.016062550288705949863565791702
0.016098811310132455504318116368
0.016130828852368078729639933044
0.016158594475921595617906589837
0.016182100862063616281139033504
0.016201341814755142872739313020
0.016216312262281266237673449382
0.016227008258587593408917015836
0.016233426984320904751246672504
0.016235566747571757856283269916
0.016233426984320904751246672504
0.016227008258587593408917015836
0.016216312262281266237673449382
0.016201341814755142872739313020
0.016182100862063616281139033504
0.016158594475921595617906589837
0.016130828852368078729639933044
0.016098811310132455504318116368
0.016062550288705949863565791702
0.016022055346116621799001933368
0.015977337156410080509783000480
0.015928407506836012724749096492
0.015875279294741095198473246342
0.015817966524169446707048791723
0.015756484302171219757937592476
0.015690848834820619178698208884
0.015621077422944263518589380624
0.015547188457560454782901970816
0.015469201415032003688043715783
0.015387136851932102163398319306
0.015301016399626088046459493341
0.015210862758569303199163158524
0.015116699692323942033622685699
0.015018552021294847079180279081
0.014916445616187261336005320800
0.014810407391187569575707883018
0.014700465296869021786241304994
0.014586648312824164810952431992
0.014468986440026240791745237857
0.014347510692921120606380114282
0.014222253091252473264360922656
0.014093246651621229442730154346
0.013960525378783361985512989634
0.013824124256685957345958115638
0.013684079239246343256963811541
0.013540427240874690698047011495
0.013393206126743838896286931117
0.013242454702808617583720263156
0.013088212705576649300120983810
0.012930520791634569563455237073
0.012769420526931141157689353349
0.012604954375821137910196334531
0.012437165689871841969815768891
0.012266098696436510476215353549
0.012091798486996201134058281923
0.011914311005274047169932849499
0.011733683035125248156349542228
0.011549962188205347562997005184
0.011363196891420068723732583749
0.011173436374160775411135126944
0.010980730655328044612084603671
0.010785130530147145344610493112
0.010586687556779113272842351989
0.010385454042730760462753814011
0.010181483031066741046233303791
0.009974828286428131032814725643
0.009765544280860781814479487650
0.009553686179457242938495298290
0.009339309825815713186902833343
0.009122471727320750553569261854
0.008903229040248393511003399681
0.008681639554700916819318656792
0.008457761679374299276790161173
0.008231654426162419296852945649
0.008003377394602839006720884640
0.007772990756167997596082219758
0.007540555238404885243785891191
0.007306132108929499872906898617
0.007069783159278515347057059159
0.006831570688623545689610594422
0.006591557487352656119483640396
0.006349806820522232997383582642
0.006106382411185670190667540425
0.005861348423603022182726274281
0.005614769446336179310741432147
0.005366710475236261164433404502
0.005117236896327763580327729898
0.004866414468598793778564282064
0.004614309306703257874959778206
0.004360987863589028609712094919
0.004106516913064238959163443354
0.003850963532329336209275583158
0.003594395084509478636991541833
0.003336879201255557418626107591
0.003078483765535929700396522435
0.002819276894860442590762250603
0.002559326925440117556087571415
0.002298702398414698491735386199
0.002037472050879730357808572450
0.001775704818965523129267736202
0.001513469874498447323082905847
0.001250836769078136423774538777
0.000987875992356447270650865455
0.000724661618795692020512932974
0.000461290082357932753037016438
0.000198186642819323693195249225
