0.001899451523602353666259068277
0.004360033825733359430509850085
0.006835147195806187854494329059
0.009313543753336707767265245650
0.011793185700726372192037594289
0.014273430294566675016754153660
0.016754011681040192199843019694
0.019234800195239758202614410720
0.021715725114942678597440561816
0.024196744605238244135714253957
0.026677832343055214725513479834
0.029158970940538625482574275338
0.031640148451682149899344409505
0.034121356398540608756420056125
0.036602588598188580404357850284
0.039083840435521197131940596137
0.041565108396021413494914042985
0.044046389756186445085806013822
0.046527682372862817772318777543
0.049008984536492251893324834100
0.051490294866738138546136127616
0.053971612236873606205378450795
0.056452935718089423955401429112
0.058934264537859812338460585579
0.061415598048391015217895017031
0.063896935702417015368048680557
0.066378277034420396507385930818
0.068859621645909876996860532472
0.071340969193768893896745453276
0.073822319380953252410115794646
0.076303671949001755647756795042
0.078785026671962202216015214162
0.081266383351429397063903081744
0.083747741812464721045117244103
0.086229101900220025966881109980
0.088710463477128034814889190329
0.091191826420550903264938824577
0.093673190620802718187043467424
0.096154555979477779326103359381
0.098635922408031165287134456321
0.101117289826568312882670852559
0.103598658162808485161399119079
0.106080027351193095785930609054
0.108561397332117351433034002639
0.111042768051263521233984477021
0.113524139459022690989975501452
0.116005511509990041907336433269
0.118486884162523620211970865057
0.120968257378357674225455298256
0.123449631122261926918781682616
0.125931005361741954473586702079
0.128412380066773024189785701310
0.130893755209565837427376777669
0.133375130764356447654606085962
0.135856506707220880958431052932
0.138337883015908463812948525629
0.140819259669693191971973078580
0.143300636649240559217233226263
0.145782013936487736538438753087
0.148263391514535713966438379430
0.150744769367552072791838213561
0.153226147480683472235085673674
0.155707525839975824410998939129
0.158188904432302296365620009055
0.160670283245297917940064280629
0.163151662267299879527371331278
0.165633041487293491966781289193
0.168114420894862504063382857566
0.170595800480143583444103683178
0.173077180233785210550223609971
0.175558560146909264920722648640
0.178039940211076413989488287370
0.180521320418253555795118359129
0.183002700760784453581919706266
0.185484081231362230024473092271
0.187965461823004081898247363824
0.190446842529027882129355475627
0.192928223343030474934423068589
0.195409604258867275472510982581
0.197890985270633618098301553800
0.200372366372647325860611999815
0.202853747559432029401449426587
0.205335128825702178945178388858
0.207816510166348389354595838086
0.210297891576424006432333158045
0.212779273051132478133951053678
0.215260654585815169870244289996
0.217742036175940067987966131113
0.220223417817091038362065091860
0.222704799504957473565980308194
0.225186181235324606175751682713
0.227667563004063933096432492675
0.230148944807124583578072929413
0.232630326640524298653645018931
0.235111708500341215488660395749
0.237593090382705984797695464295
0.240074472283793527438433557109
0.242555854199815568161824330673
0.245037236127013030584365083087
0.247518618061648792982865074919
0.250000000000000000000000000000
0.252481381938351290283861771968
0.254962763872986941660059301284
0.257444145800184487349326900585
0.259925527716206472561566442891
0.262406909617294015202304535705
0.264888291499658812266915219880
0.267369673359475756857506212327
0.269851055192875444177502686216
0.272332436995936066903567507325
0.274813818764675477090975164174
0.277295200495042581945170923063
0.279776582182909017149086139398
0.282257963824059987523185100144
0.284739345414184885640906941262
0.287220726948867577377200177580
0.289702108423576021323242457584
0.292183489833651666156555393172
0.294664871174297848810397226771
0.297146252440567970598550573413
0.299627633627352729650539231443
0.302109014729366409657274061829
0.304590395741132780038640248677
0.307071776656969552821152547040
0.309553157470972117870644524373
0.312034538176995945857328251805
0.314515918768637825486678138986
0.316997299239215546418080293734
0.319478679581746471960457256500
0.321960059788923613766087328258
0.324441439853090762834852966989
0.326922819766214844960927621287
0.329404199519856444311471932451
0.331885579105137495936617142434
0.334366958512706591299945557694
0.336848337732700175983779899980
0.339329716754702082059935719371
0.341811095567697786901106837831
0.344292474160024175589001060871
0.346773852519316583276065557584
0.349255230632447954963737402068
0.351736608485464286033561620570
0.354217986063512291217136862542
0.356699363350759468538342389365
0.359180740330306835783602537049
0.361662116984091563942627090000
0.364143493292779119041568947068
0.366624869235643580100969529667
0.369106244790434134817047606703
0.371587619933226975810214298690
0.374068994638258101037564529179
0.376550368877738128592369548642
0.379031742621642353530120317373
0.381513115837476435299180366201
0.383994488490009999726026990174
0.386475860540977378398963537620
0.388957231948736492643803330793
0.391438602667882662444753805175
0.393919972648806959725220622204
0.396401341837191556471964304365
0.398882710173431687117329147441
0.401364077591968848590653351494
0.403845444020522248429472256248
0.406326809379197295690744340391
0.408808173579449152246212406681
0.411289536522872034574049848743
0.413770898099780015666482313463
0.416252258187535306710458371526
0.418733616648570672325035957329
0.421214973328037811661772593652
0.423696328050998272107818820587
0.426177680619046816978823244426
0.428659030806231189369981393611
0.431140378354090192392078506600
0.433621722965579659003765300440
0.436103064297583054020890358515
0.438584401951608970904317175155
0.441065735462140229294902837864
0.443547064281910596861280282610
0.446028387763126477061348396091
0.448509705133261882270545584106
0.450991015463507782801144685436
0.453472317627137244677726357622
0.455953610243813534097512274457
0.458434891603978600382873764829
0.460916159564478844501422827307
0.463397411401811509801262900510
0.465878643601459418999155559504
0.468359851548317884795125110031
0.470841029059461402273001340291
0.473322167656944792213380424073
0.475803255394761759333732697996
0.478284274885057369974816765534
0.480765199804760290369642916630
0.483245988318959818208497836167
0.485726569705433319779075418410
0.488206814299273650359367593410
0.490686456246663349478609461585
0.493164852804193809543420456976
0.495639966174266644038937101868
0.498100548476397675390359154335
0.000000000000000000000000000000
0.002487562189054726320691646180
0.004975124378109452641383292359
0.007462686567164178962074938539
0.009950248756218905282766584719
0.012437810945273632470819968887
0.014925373134328357924149877078
0.017412935323383085112203261247
0.019900497512437810565533169438
0.022388059701492536018863077629
0.024875621890547264941639937774
0.027363184079601990394969845966
0.029850746268656715848299754157
0.032338308457711441301629662348
0.034825870646766170224406522493
0.037313432835820899147183382638
0.039800995024875621131066338876
0.042288557213930350053843199021
0.044776119402985072037726155258
0.047263681592039807899396919311
0.049751243781094529883279875548
0.052238805970149258806056735693
0.054726368159203980789939691931
0.057213930348258709712716552076
0.059701492537313431696599508314
0.062189054726368167558270272366
0.064676616915422882603259324696
0.067164179104477625403823992656
0.069651741293532340448813044986
0.072139303482587069371589905131
0.074626865671641798294366765276
0.077114427860696527217143625421
0.079601990049751242262132677752
0.082089552238805971184909537897
0.084577114427860700107686398042
0.087064676616915429030463258187
0.089552238805970144075452310517
0.092039800995024872998229170662
0.094527363184079615798793838621
0.097014925373134330843782890952
0.099502487562189059766559751097
0.101990049751243788689336611242
0.104477611940298517612113471387
0.106965174129353232657102523717
0.109452736318407961579879383862
0.111940298507462690502656244007
0.114427860696517419425433104152
0.116915422885572134470422156483
0.119402985074626863393199016627
0.121890547263681606193763684587
0.124378109452736335116540544732
0.126865671641791050161529597062
0.129353233830845765206518649393
0.131840796019900480251507701723
0.134328358208955250807647985312
0.136815920398009965852637037642
0.139303482587064680897626089973
0.141791044776119423698190757932
0.144278606965174138743179810263
0.146766169154228881543744478222
0.149253731343283596588733530552
0.151741293532338311633722582883
0.154228855721393054434287250842
0.156716417910447769479276303173
0.159203980099502484524265355503
0.161691542288557227324830023463
0.164179104477611942369819075793
0.166666666666666657414808128124
0.169154228855721400215372796083
0.171641791044776115260361848414
0.174129353233830858060926516373
0.176616915422885573105915568703
0.179104477611940288150904621034
0.181592039800995030951469288993
0.184079601990049745996458341324
0.186567164179104488797023009283
0.189054726368159231597587677243
0.191542288557213946642576729573
0.194029850746268661687565781904
0.196517412935323404488130449863
0.199004975124378119533119502194
0.201492537313432862333684170153
0.203980099502487577378673222483
0.206467661691542292423662274814
0.208955223880597035224226942773
0.211442786069651750269215995104
0.213930348258706465314205047434
0.216417910447761208114769715394
0.218905472636815923159758767724
0.221393034825870638204747820055
0.223880597014925381005312488014
0.226368159203980096050301540345
0.228855721393034838850866208304
0.231343283582089553895855260635
0.233830845771144268940844312965
0.236318407960199011741408980924
0.238805970149253726786398033255
0.241293532338308469586962701214
0.243781094527363212387527369174
0.246268656716417927432516421504
0.248756218905472670233081089464
0.251243781094527329766918910536
0.253731343283582100323059194125
0.256218905472636815368048246455
0.258706467661691530413037298786
0.261194029850746245458026351116
0.263681592039800960503015403447
0.266169154228855786570306918293
0.268656716417910501615295970623
0.271144278606965216660285022954
0.273631840796019931705274075284
0.276119402985074646750263127615
0.278606965174129361795252179945
0.281094527363184132351392463534
0.283582089552238847396381515864
0.286069651741293562441370568195
0.288557213930348277486359620525
0.291044776119402992531348672856
0.293532338308457763087488956444
0.296019900497512478132478008774
0.298507462686567193177467061105
0.300995024875621908222456113435
0.303482587064676623267445165766
0.305970149253731338312434218096
0.308457711442786108868574501685
0.310945273631840823913563554015
0.313432835820895538958552606346
0.315920398009950254003541658676
0.318407960199004969048530711007
0.320895522388059739604670994595
0.323383084577114454649660046925
0.325870646766169169694649099256
0.328358208955223884739638151586
0.330845771144278599784627203917
0.333333333333333314829616256247
0.335820895522388085385756539836
0.338308457711442800430745592166
0.340796019900497515475734644497
0.343283582089552230520723696827
0.345771144278606945565712749158
0.348258706467661716121853032746
0.350746268656716431166842085076
0.353233830845771146211831137407
0.355721393034825861256820189737
0.358208955223880576301809242068
0.360696517412935291346798294398
0.363184079601990061902938577987
0.365671641791044776947927630317
0.368159203980099491992916682648
0.370646766169154207037905734978
0.373134328358208977594046018567
0.375621890547263748150186302155
0.378109452736318463195175354485
0.380597014925373178240164406816
0.383084577114427893285153459146
0.385572139303482608330142511477
0.388059701492537323375131563807
0.390547263681592093931271847396
0.393034825870646808976260899726
0.395522388059701524021249952057
0.398009950248756239066239004387
0.400497512437810954111228056718
0.402985074626865724667368340306
0.405472636815920439712357392636
0.407960199004975154757346444967
0.410447761194029869802335497297
0.412935323383084584847324549628
0.415422885572139299892313601958
0.417910447761194070448453885547
0.420398009950248785493442937877
0.422885572139303500538431990208
0.425373134328358215583421042538
0.427860696517412930628410094869
0.430348258706467701184550378457
0.432835820895522416229539430788
0.435323383084577131274528483118
0.437810945273631846319517535449
0.440298507462686561364506587779
0.442786069651741276409495640110
0.445273631840796046965635923698
0.447761194029850762010624976028
0.450248756218905477055614028359
0.452736318407960192100603080689
0.455223880597014907145592133020
0.457711442786069677701732416608
0.460199004975124392746721468939
0.462686567164179107791710521269
0.465174129353233822836699573600
0.467661691542288537881688625930
0.470149253731343308437828909518
0.472636815920398023482817961849
0.475124378109452738527807014179
0.477611940298507453572796066510
0.480099502487562224128936350098
0.482587064676616939173925402429
0.485074626865671709730065686017
0.487562189054726424775054738348
0.490049751243781139820043790678
0.492537313432835854865032843009
0.495024875621890569910021895339
0.497512437810945340466162178927
0.500000000000000000000000000000
0.502487562189054659533837821073
0.504975124378109541112280567177
0.507462686567164200646118388249
0.509950248756218971202258671838
0.512437810945273630736096492910
0.514925373134328401292236776499
0.517412935323383060826074597571
0.519900497512437831382214881160
0.522388059701492490916052702232
0.524875621890547261472192985821
0.527363184079601921006030806893
0.529850746268656691562171090482
0.532338308457711573140613836586
0.534825870646766232674451657658
0.537313432835821003230591941247
0.539800995024875662764429762319
0.542288557213930433320570045908
0.544776119402985092854407866980
0.547263681592039863410548150569
0.549751243781094522944385971641
0.552238805970149293500526255229
0.554726368159203953034364076302
0.557213930348258723590504359890
0.559701492537313494146644643479
0.562189054726368264702784927067
0.564676616915422924236622748140
0.567164179104477694792763031728
0.569651741293532354326600852801
0.572139303482587124882741136389
0.574626865671641784416578957462
0.577114427860696554972719241050
0.579601990049751214506557062123
0.582089552238805985062697345711
0.584577114427860644596535166784
0.587064676616915526174977912888
0.589552238805970185708815733960
0.592039800995024956264956017549
0.594527363184079615798793838621
0.597014925373134386354934122210
0.599502487562189045888771943282
0.601990049751243816444912226871
0.604477611940298475978750047943
0.606965174129353246534890331532
0.609452736318407906068728152604
0.611940298507462676624868436193
0.614427860696517447181008719781
0.616915422885572217737149003369
0.619402985074626877270986824442
0.621890547263681647827127108030
0.624378109452736307360964929103
0.626865671641791077917105212691
0.629353233830845737450943033764
0.631840796019900508007083317352
0.634328358208955167540921138425
0.636815920398009938097061422013
0.639303482587064708653201705602
0.641791044776119479209341989190
0.644278606965174249765482272778
0.646766169154228909299320093851
0.649253731343283679855460377439
0.651741293532338339389298198512
0.654228855721393109945438482100
0.656716417910447769479276303173
0.659203980099502540035416586761
0.661691542288557199569254407834
0.664179104477611970125394691422
0.666666666666666629659232512495
0.669154228855721511237675258599
0.671641791044776170771513079671
0.674129353233830941327653363260
0.676616915422885600861491184332
0.679104477611940371417631467921
0.681592039800995030951469288993
0.684079601990049801507609572582
0.686567164179104461041447393654
0.689054726368159231597587677243
0.691542288557213891131425498315
0.694029850746268661687565781904
0.696517412935323432243706065492
0.699004975124378202799846349080
0.701492537313432862333684170153
0.703980099502487632889824453741
0.706467661691542292423662274814
0.708955223880597062979802558402
0.711442786069651722513640379475
0.713930348258706493069780663063
0.716417910447761152603618484136
0.718905472636815923159758767724
0.721393034825870582693596588797
0.723880597014925464272039334901
0.726368159203980123805877155974
0.728855721393034894362017439562
0.731343283582089553895855260635
0.733830845771144324451995544223
0.736318407960198983985833365296
0.738805970149253754541973648884
0.741293532338308414075811469957
0.743781094527363184631951753545
0.746268656716417955188092037133
0.748756218905472614721929858206
0.751243781094527496300372604310
0.753731343283582155834210425382
0.756218905472636926390350708971
0.758706467661691585924188530043
0.761194029850746356480328813632
0.763681592039801016014166634704
0.766169154228855786570306918293
0.768656716417910446104144739365
0.771144278606965216660285022954
0.773631840796019876194122844026
0.776119402985074646750263127615
0.778606965174129417306403411203
0.781094527363184187862543694791
0.783582089552238847396381515864
0.786069651741293617952521799452
0.788557213930348277486359620525
0.791044776119403048042499904113
0.793532338308457707576337725186
0.796019900497512478132478008774
0.798507462686567137666315829847
0.800995024875621908222456113435
0.803482587064676567756293934508
0.805970149253731449334736680612
0.808457711442786108868574501685
0.810945273631840879424714785273
0.813432835820895538958552606346
0.815920398009950309514692889934
0.818407960199004969048530711007
0.820895522388059739604670994595
0.823383084577114399138508815668
0.825870646766169169694649099256
0.828358208955223829228486920329
0.830845771144278599784627203917
0.833333333333333370340767487505
0.835820895522388140896907771094
0.838308457711442800430745592166
0.840796019900497570986885875755
0.843283582089552230520723696827
0.845771144278607001076863980416
0.848258706467661660610701801488
0.850746268656716431166842085076
0.853233830845771201722982368665
0.855721393034825861256820189737
0.858208955223880631812960473326
0.860696517412935402369100756914
0.863184079601990172925241040502
0.865671641791044832459078861575
0.868159203980099603015219145163
0.870646766169154262549056966236
0.873134328358209033105197249824
0.875621890547263692639035070897
0.878109452736318463195175354485
0.880597014925373122729013175558
0.883084577114427893285153459146
0.885572139303482552818991280219
0.888059701492537434397434026323
0.890547263681592093931271847396
0.893034825870646864487412130984
0.895522388059701524021249952057
0.898009950248756294577390235645
0.900497512437810954111228056718
0.902985074626865724667368340306
0.905472636815920384201206161379
0.907960199004975154757346444967
0.910447761194029814291184266040
0.912935323383084584847324549628
0.915422885572139355403464833216
0.917910447761194125959605116805
0.920398009950248785493442937877
0.922885572139303556049583221466
0.925373134328358215583421042538
0.927860696517412986139561326127
0.930348258706467645673399147199
0.932835820895522416229539430788
0.935323383084577075763377251860
0.937810945273631846319517535449
0.940298507462686616875657819037
0.942786069651741387431798102625
0.945273631840796046965635923698
0.947761194029850817521776207286
0.950248756218905477055614028359
0.952736318407960247611754311947
0.955223880597014907145592133020
0.957711442786069677701732416608
0.960199004975124448257872700196
0.962686567164179107791710521269
0.965174129353233878347850804857
0.967661691542288648903991088446
0.970149253731343419460131372034
0.972636815920398078993969193107
0.975124378109452849550109476695
0.977611940298507509083947297768
0.980099502487562279640087581356
0.982587064676616939173925402429
0.985074626865671709730065686017
0.987562189054726369263903507090
0.990049751243781139820043790678
0.992537313432835799353881611751
0.995024875621890680932324357855
0.997512437810945340466162178927
0.000182762531134565876659095474
0.000425393270446355669864302307
0.000668279965318547566031914808
0.000911035433354263749806956074
0.001153575719028336436788872987
0.001395837476639194508695740460
0.001637760654310307147779601777
0.001879286050712742793186715851
0.002120354797728511361820658010
0.002360908225085848067409388662
0.002600887824057062681915031277
0.002840235242133822956417388284
0.003078892288825841455635057287
0.003316800945894858923534975759
0.003553903379508097006705957810
0.003790141953265368027214954338
0.004025459241639368565546241996
0.004259798043604287251517881430
0.004493101396343329029248181428
0.004725312588973216293419810086
0.004956375176252074410410131122
0.005186232992249249600102967150
0.005414830163965221425381724174
0.005642111124889594327147523956
0.005868020628492533023734534225
0.006092503761643029008832073146
0.006315505957948594484285820272
0.006536973011013929961421364823
0.006756851087612530427917167941
0.006975086740769424233088447096
0.007191626922750275936746522376
0.007406418997954597981114854832
0.007619410755708368350458403739
0.007830550422954626541005573870
0.008039786676836841936011346377
0.008247068657174247072183526086
0.008452345978823815400571284329
0.008655568743927170502483470216
0.008856687554039611304235180000
0.009055653522136988473056895543
0.009252418284499070236237550091
0.009446934012464906424422217412
0.009639153424059574912230452526
0.009829029795485926673803689368
0.010016516972482961828072589583
0.010201569381544170131426163550
0.010384142040995329378527678443
0.010564190571928476145013853227
0.010741671208989276783962729667
0.010916540811015189652022350231
0.011088756871522073219060722238
0.011258277529036263275852292054
0.011425061577270436558029231833
0.011589068475139111327743002278
0.011750258356614168286924382301
0.011908592040414179777374492630
0.012064031039529314950908833737
0.012216537570576084179019282772
0.012366074562981541062889334626
0.012512605667994461389191940270
0.012656095267520739086619663283
0.012796508482780960883062881805
0.012933811182789125768244353765
0.013067969992648505520027590876
0.013198952301664481495668823641
0.013326726271271533558193667091
0.013451260842772174569637044783
0.013572525744886593593307999583
0.013690491501111007668911589974
0.013805129436882454876944770206
0.013916411686549223780673401052
0.014024311200143661435002506721
0.014128801749957918543199042460
0.014229857936919358338268004616
0.014327455196763745279286972334
0.014421569806006883165960807958
0.014512178887710858524173751505
0.014599260417045050591822175079
0.014682793226639677050537891034
0.014762757011731061917991780774
0.014839132335097380069321992835
0.014911900631783154072551589309
0.014981044213612095677978786057
0.015046546273486652647854988629
0.015108390889473266929798889180
0.015166563028672657223450137565
0.015221048550874164903556895467
0.015271834211992506638577715705
0.015318907667287330956473745402
0.015362257474363901280089983459
0.015401873095954496037385261786
0.015437744902479566544428735142
0.015469864174388557251371700829
0.015498223104279562623020183310
0.015522814798796935945035535553
0.015543633280306858729380437012
0.015560673488350435303417818034
0.015573931280873915330986712036
0.015583403435235143943971003466
0.015589087648987436443559495558
0.015590982540438620695955052042
0.015589087648987436443559495558
0.015583403435235143943971003466
0.015573931280873915330986712036
0.015560673488350435303417818034
0.015543633280306858729380437012
0.015522814798796935945035535553
0.015498223104279562623020183310
0.015469864174388557251371700829
0.015437744902479566544428735142
0.015401873095954496037385261786
0.015362257474363901280089983459
0.015318907667287330956473745402
0.015271834211992506638577715705
0.015221048550874164903556895467
0.015166563028672657223450137565
0.015108390889473266929798889180
0.015046546273486652647854988629
0.014981044213612095677978786057
0.014911900631783154072551589309
0.014839132335097380069321992835
0.014762757011731061917991780774
0.014682793226639677050537891034
0.014599260417045050591822175079
0.014512178887710858524173751505
0.014421569806006883165960807958
0.014327455196763745279286972334
0.014229857936919358338268004616
0.014128801749957918543199042460
0.014024311200143661435002506721
0.013916411686549223780673401052
0.013805129436882454876944770206
0.013690491501111007668911589974
0.013572525744886593593307999583
0.013451260842772174569637044783
0.013326726271271533558193667091
0.013198952301664481495668823641
0.013067969992648505520027590876
0.012933811182789125768244353765
0.012796508482780960883062881805
0.012656095267520739086619663283
0.012512605667994461389191940270
0.012366074562981541062889334626
0.012216537570576084179019282772
0.012064031039529314950908833737
0.011908592040414179777374492630
0.011750258356614168286924382301
0.011589068475139111327743002278
0.011425061577270436558029231833
0.011258277529036263275852292054
0.011088756871522073219060722238
0.010916540811015189652022350231
0.010741671208989276783962729667
0.010564190571928476145013853227
0.010384142040995329378527678443
0.010201569381544170131426163550
0.010016516972482961828072589583
0.009829029795485926673803689368
0.009639153424059574912230452526
0.009446934012464906424422217412
0.009252418284499070236237550091
0.009055653522136988473056895543
0.008856687554039611304235180000
0.008655568743927170502483470216
0.008452345978823815400571284329
0.008247068657174247072183526086
0.008039786676836841936011346377
0.007830550422954626541005573870
0.007619410755708368350458403739
0.007406418997954597981114854832
0.007191626922750275936746522376
0.006975086740769424233088447096
0.006756851087612530427917167941
0.006536973011013929961421364823
0.006315505957948594484285820272
0.006092503761643029008832073146
0.005868020628492533023734534225
0.005642111124889594327147523956
0.005414830163965221425381724174
0.005186232992249249600102967150
0.004956375176252074410410131122
0.004725312588973216293419810086
0.004493101396343329029248181428
0.004259798043604287251517881430
0.004025459241639368565546241996
0.003790141953265368027214954338
0.003553903379508097006705957810
0.003316800945894858923534975759
0.003078892288825841455635057287
0.002840235242133822956417388284
0.002600887824057062681915031277
0.002360908225085848067409388662
0.002120354797728511361820658010
0.001879286050712742793186715851
0.001637760654310307147779601777
0.001395837476639194508695740460
0.001153575719028336436788872987
0.000911035433354263749806956074
0.000668279965318547566031914808
0.000425393270446355669864302307
0.000182762531134565876659095474
