0.001826918908972583258099042780
0.004193541209699752636552716467
0.006574139693852771790250066886
0.008957895993485381208598639091
0.011342850126544214151014244862
0.013728383893511062266434841206
0.016114241592517310891485848856
0.018500298510085541603409353684
0.020886486624633403275108634034
0.023272765698796635952527722679
0.025659110414714095260713122570
0.028045504048540260966237980256
0.030431935110476236033827390770
0.032818395446352399691392065506
0.035204879109381338742057465652
0.037591381660727597735505156606
0.039977899720116928661273192347
0.042364430668084124276262514286
0.044750972443352146634687471760
0.047137523401681993839851259054
0.049524082215485952518374546116
0.051910647801101404696932917204
0.054297219265226688567071988700
0.056683795864876117265307442494
0.059070376977033399457095441676
0.061456962075372344178614270049
0.063843550712193580798370362572
0.066230142504265857028578068366
0.068616737121618351369356503255
0.071003334278594260053907305519
0.073389933726647149647703827213
0.075776535248498991248489176087
0.078163138653367839059349364561
0.080549743773042956074270648514
0.082936350458637925209259833537
0.085322958577888449727133490796
0.087709568012890398724934470920
0.090096178658198203259566128054
0.092482790419216767685561819690
0.094869403210836519835247315768
0.097256016956269300544057898605
0.099642631586050883774063890996
0.102029247037184370161533308874
0.104415863252400348271109464804
0.106802480179516101621572943259
0.109189097770879553483958090965
0.111575715982883627575006357802
0.113962334775542309395213180778
0.116348954112118235793005283085
0.118735573958795914695230067082
0.121122194284392442620301721945
0.123508815060103013805381522161
0.125895436259274268175900601818
0.128282057857203479755980879418
0.130668679830959505450138635752
0.133055302159223148850131224208
0.135441924822144066364870695907
0.137828547801212591972230825377
0.140215171079144995669452100628
0.142601794639779622109188039758
0.144988418467983604109861062170
0.147375042549568596728093439197
0.149761666871214477181339930212
0.152148291420399817130970632206
0.154534916185339599170589508503
0.156921541154927651762207574393
0.159308166318684746309841671064
0.161694791666711162880787355789
0.164081417189643197218629211420
0.166468042878613414758959265782
0.168854668725214374092047364684
0.171241294721465098227497492189
0.173627920859780321416465653783
0.176014547132942206220107550507
0.178401173534074364290802350297
0.180787800056617597999064628311
0.183174426694307751484203095060
0.185561053441155060506062568493
0.187947680291424945586697958788
0.190334307239620192930829034594
0.192720934280464661902954048855
0.195107561408887547615975677218
0.197494188620009364365515125428
0.199880815909128067842104314877
0.202267443271706870433490621508
0.204654070703362084282517230349
0.207040698199852352123784271498
0.209427325757067961387036802989
0.211813953371021018723396878158
0.214200581037836124131956694328
0.216587208753741655709035285327
0.218973836515061193175313292159
0.221360464318205690803509355646
0.223747092159665678101632124708
0.226133720036004237652349502241
0.228520347943849677641026119090
0.230906975879889009295453661252
0.233293603840861368814429965823
0.235680231823551772363245504494
0.238066859824784954335896713928
0.240453487841419483173055482439
0.242840115870341821668887405394
0.245226743908460609322474965666
0.247613371952701250000572485988
0.250000000000000000000000000000
0.252386628047298777755003129641
0.254773256091539390677525034334
0.257159884129658178331112594606
0.259546512158580489071368901932
0.261933140175215017908527670443
0.264319768176448255392330111135
0.266706396159138658941145649806
0.269093024120111046215697570005
0.271479652056150377870125112167
0.273866279963995762347650497759
0.276252907840334349653943490921
0.278639535681794336952066259983
0.281026163484938862335837939099
0.283412791246258399802115945931
0.285799418962163931379194536930
0.288186046628979009032178737471
0.290572674242932094124114428269
0.292959301800147675631791344131
0.295345929296637943473058385280
0.297732556728293185077660609750
0.300119184090871959913471300752
0.302505811379990663390060490201
0.304892438591112480139599938411
0.307279065719535393608197182402
0.309665692760379862580322196663
0.312052319708575109924453272470
0.314438946558844967249513047136
0.316825573305692220760221289311
0.319212199943382402000935371689
0.321598826465925691220348880961
0.323985452867057821535468065122
0.326372079140219706339109961846
0.328758705278534957283653739069
0.331145331274785681419103866574
0.333531957121386612996616349847
0.335918582810356802781370788580
0.338305208333288864874788259840
0.340691833681315281445733944565
0.343078458845072375993368041236
0.345465083814660456340561722755
0.347851708579600238380180599052
0.350238333128785606085386916675
0.352624957450431375516330945175
0.355011581532016395890138937830
0.357398205360220433401963191500
0.359784828920855004330547899372
0.362171452198787435783344790252
0.364558075177855989146280535351
0.366944697840776878905444391421
0.369331320169040466794285748620
0.371717942142796575755170351840
0.374104563740725759579675013811
0.376491184939896972316830670025
0.378877805715607640646425124942
0.381264426041204085304769932918
0.383651045887881847473721563802
0.386037665224457704482574627036
0.388424284017116427936144873456
0.390810902229120460393829716850
0.393197519820483898378427056741
0.395584136747599679484466150825
0.397970752962815643716254498941
0.400357368413949143981511724633
0.402743983043730768844881140467
0.405130596789163521798116107675
0.407517209580783301703377219383
0.409903821341801866129372911018
0.412290431987109684541792375967
0.414677041422111591906229932647
0.417063649541362102546315782092
0.419450256226957085559092774929
0.421836861346632174818438443253
0.424223464751501078140449862985
0.426610066273352850352296172787
0.428996665721405767701668310110
0.431383262878381690264006920188
0.433769857495734156849209739448
0.436156449287806446957205253057
0.438543037924627676638067441672
0.440929623022966676870737501304
0.443316204135123903551374269227
0.445702780734773318371821915207
0.448089352198898616119748794517
0.450475917784514068298307165605
0.452862476598318075549087780018
0.455249027556647867243100336054
0.457635569331915903479313101343
0.460022100279883161544347558447
0.462408618339272436958964362930
0.464795120890618695952412053884
0.467181604553647655819759165752
0.469568064889523795191195176812
0.471954495951459718217080308023
0.474340889585285918617074685244
0.476727234301203395272494844903
0.479113513375366617541573077688
0.481499701489914500029954069760
0.483885758407482768905794046077
0.486271616106488946407182538678
0.488657149873455820543455274674
0.491042104006514656955317832399
0.493425860306147212597238649323
0.495806458790300275119022899162
0.498173081091027425415518337104
0.000000000000000000000000000000
0.002392344497607655409016080839
0.004784688995215310818032161677
0.007177033492822965793367373522
0.009569377990430621636064323354
0.011961722488038277478761273187
0.014354066985645931586734747043
0.016746411483253589164155172853
0.019138755980861243272128646709
0.021531100478468897380102120565
0.023923444976076554957522546374
0.026315789473684209065496020230
0.028708133971291863173469494086
0.031100478468899517281442967942
0.033492822966507178328310345705
0.035885167464114832436283819561
0.038277511961722486544257293417
0.040669856459330140652230767273
0.043062200956937794760204241129
0.045454545454545455807071618892
0.047846889952153109915045092748
0.050239234449760764023018566604
0.052631578947368418130992040460
0.055023923444976072238965514316
0.057416267942583726346938988172
0.059808612440191387393806365935
0.062200956937799034562885935884
0.064593301435406702548647217554
0.066985645933014356656620691410
0.069377990430622010764594165266
0.071770334928229664872567639122
0.074162679425837318980541112978
0.076555023923444973088514586834
0.078947368421052627196488060690
0.081339712918660281304461534546
0.083732057416267935412435008402
0.086124401913875589520408482258
0.088516746411483243628381956114
0.090909090909090911614143237784
0.093301435406698565722116711640
0.095693779904306219830090185496
0.098086124401913873938063659352
0.100478468899521528046037133208
0.102870813397129182154010607064
0.105263157894736836261984080920
0.107655502392344490369957554776
0.110047846889952144477931028632
0.112440191387559798585904502488
0.114832535885167452693877976344
0.117224880382775120679639258015
0.119617224880382774787612731870
0.122009569377990415017798397912
0.124401913875598069125771871768
0.126794258373205737111533153438
0.129186602870813405097294435109
0.131578947368421073083055716779
0.133971291866028713313241382821
0.136363636363636381299002664491
0.138755980861244021529188330533
0.141148325358851689514949612203
0.143540669856459329745135278245
0.145933014354066997730896559915
0.148325358851674637961082225956
0.150717703349282305946843507627
0.153110047846889946177029173668
0.155502392344497614162790455339
0.157894736842105254392976121380
0.160287081339712922378737403051
0.162679425837320562608923069092
0.165071770334928230594684350763
0.167464114832535870824870016804
0.169856459330143538810631298475
0.172248803827751179040816964516
0.174641148325358847026578246187
0.177033492822966487256763912228
0.179425837320574182998100809527
0.181818181818181823228286475569
0.184210526315789491214047757239
0.186602870813397131444233423281
0.188995215311004799429994704951
0.191387559808612439660180370993
0.193779904306220107645941652663
0.196172248803827747876127318705
0.198564593301435415861888600375
0.200956937799043056092074266417
0.203349282296650724077835548087
0.205741626794258364308021214129
0.208133971291866032293782495799
0.210526315789473672523968161840
0.212918660287081340509729443511
0.215311004784688980739915109552
0.217703349282296648725676391223
0.220095693779904288955862057264
0.222488038277511956941623338935
0.224880382775119597171809004976
0.227272727272727265157570286647
0.229665071770334905387755952688
0.232057416267942601129092849988
0.234449760765550241359278516029
0.236842105263157909345039797699
0.239234449760765549575225463741
0.241626794258373189805411129782
0.244019138755980830035596795824
0.246411483253588498021358077494
0.248803827751196138251543743536
0.251196172248803806237305025206
0.253588516746411474223066306877
0.255980861244019142208827588547
0.258373205741626810194588870218
0.260765550239234478180350151888
0.263157894736842146166111433558
0.265550239234449758640721483971
0.267942583732057426626482765641
0.270334928229665094612244047312
0.272727272727272762598005328982
0.275119617224880375072615379395
0.277511961722488043058376661065
0.279904306220095711044137942736
0.282296650717703379029899224406
0.284688995215310991504509274819
0.287081339712918659490270556489
0.289473684210526327476031838160
0.291866028708133995461793119830
0.294258373205741607936403170243
0.296650717703349275922164451913
0.299043062200956943907925733583
0.301435406698564611893687015254
0.303827751196172224368297065666
0.306220095693779892354058347337
0.308612440191387560339819629007
0.311004784688995228325580910678
0.313397129186602840800190961090
0.315789473684210508785952242761
0.318181818181818176771713524431
0.320574162679425844757474806102
0.322966507177033457232084856514
0.325358851674641125217846138185
0.327751196172248793203607419855
0.330143540669856461189368701525
0.332535885167464073663978751938
0.334928229665071741649740033608
0.337320574162679409635501315279
0.339712918660287077621262596949
0.342105263157894690095872647362
0.344497607655502358081633929032
0.346889952153110026067395210703
0.349282296650717694053156492373
0.351674641148325306527766542786
0.354066985645932974513527824456
0.356459330143540642499289106127
0.358851674641148365996201619055
0.361244019138755978470811669467
0.363636363636363646456572951138
0.366028708133971314442334232808
0.368421052631578982428095514479
0.370813397129186594902705564891
0.373205741626794262888466846562
0.375598086124401930874228128232
0.377990430622009598859989409902
0.380382775119617211334599460315
0.382775119617224879320360741985
0.385167464114832547306122023656
0.387559808612440215291883305326
0.389952153110047827766493355739
0.392344497607655495752254637409
0.394736842105263163738015919080
0.397129186602870831723777200750
0.399521531100478444198387251163
0.401913875598086112184148532833
0.404306220095693780169909814504
0.406698564593301448155671096174
0.409090909090909060630281146587
0.411483253588516728616042428257
0.413875598086124396601803709927
0.416267942583732064587564991598
0.418660287081339677062175042010
0.421052631578947345047936323681
0.423444976076555013033697605351
0.425837320574162681019458887022
0.428229665071770293494068937434
0.430622009569377961479830219105
0.433014354066985629465591500775
0.435406698564593297451352782446
0.437799043062200909925962832858
0.440191387559808577911724114529
0.442583732057416245897485396199
0.444976076555023913883246677869
0.447368421052631526357856728282
0.449760765550239194343618009952
0.452153110047846862329379291623
0.454545454545454530315140573293
0.456937799043062142789750623706
0.459330143540669810775511905376
0.461722488038277534272424418305
0.464114832535885202258185699975
0.466507177033492814732795750388
0.468899521531100482718557032058
0.471291866028708150704318313728
0.473684210526315818690079595399
0.476076555023923431164689645811
0.478468899521531099150450927482
0.480861244019138767136212209152
0.483253588516746379610822259565
0.485645933014354047596583541235
0.488038277511961660071193591648
0.490430622009569383568106104576
0.492822966507176996042716154989
0.495215311004784664028477436659
0.497607655502392276503087487072
0.500000000000000000000000000000
0.502392344497607612474610050413
0.504784688995215335971522563341
0.507177033492822948446132613753
0.509569377990430560920742664166
0.511961722488038284417655177094
0.514354066985645896892265227507
0.516746411483253620389177740435
0.519138755980861232863787790848
0.521531100478468956360700303776
0.523923444976076568835310354189
0.526315789473684292332222867117
0.528708133971291793784530455014
0.531100478468899517281442967942
0.533492822966507129756053018355
0.535885167464114853252965531283
0.538277511961722465727575581695
0.540669856459330189224488094624
0.543062200956937801699098145036
0.545454545454545525196010657965
0.547846889952153137670620708377
0.550239234449760750145230758790
0.552631578947368362619840809202
0.555023923444976086116753322131
0.557416267942583698591363372543
0.559808612440191422088275885471
0.562200956937799034562885935884
0.564593301435406758059798448812
0.566985645933014370534408499225
0.569377990430621983009018549637
0.571770334928229595483628600050
0.574162679425837318980541112978
0.576555023923444931455151163391
0.578947368421052654952063676319
0.581339712918660267426673726732
0.583732057416267990923586239660
0.586124401913875603398196290073
0.588516746411483215872806340485
0.590909090909090828347416390898
0.593301435406698551844328903826
0.595693779904306164318938954239
0.598086124401913887815851467167
0.600478468899521500290461517579
0.602870813397129223787374030508
0.605263157894736836261984080920
0.607655502392344448736594131333
0.610047846889952061211204181745
0.612440191387559784708116694674
0.614832535885167508205029207602
0.617224880382775120679639258015
0.619617224880382844176551770943
0.622009569377990456651161821355
0.624401913875598069125771871768
0.626794258373205681600381922181
0.629186602870813405097294435109
0.631578947368421017571904485521
0.633971291866028741068816998450
0.636363636363636353543427048862
0.638755980861244077040339561790
0.641148325358851689514949612203
0.643540669856459413011862125131
0.645933014354066914464169713028
0.648325358851674637961082225956
0.650717703349282250435692276369
0.653110047846889973932604789297
0.655502392344497586407214839710
0.657894736842105309904127352638
0.660287081339712922378737403051
0.662679425837320645875649915979
0.665071770334928147327957503876
0.667464114832535870824870016804
0.669856459330143483299480067217
0.672248803827751206796392580145
0.674641148325358819271002630558
0.677033492822966542767915143486
0.679425837320574155242525193898
0.681818181818181878739437706827
0.684210526315789380191745294724
0.686602870813397103688657807652
0.688995215311004716163267858065
0.691387559808612439660180370993
0.693779904306220052134790421405
0.696172248803827775631702934334
0.698564593301435388106312984746
0.700956937799043111603225497674
0.703349282296650613055533085571
0.705741626794258336552445598500
0.708133971291865949027055648912
0.710526315789473672523968161840
0.712918660287081284998578212253
0.715311004784689008495490725181
0.717703349282296731992403238110
0.720095693779904344467013288522
0.722488038277511956941623338935
0.724880382775119569416233389347
0.727272727272727292913145902276
0.729665071770334905387755952688
0.732057416267942628884668465616
0.734449760765550241359278516029
0.736842105263157964856191028957
0.739234449760765577330801079370
0.741626794258373189805411129782
0.744019138755980802280021180195
0.746411483253588525776933693123
0.748803827751196138251543743536
0.751196172248803861748456256464
0.753588516746411474223066306877
0.755980861244019197719978819805
0.758373205741626810194588870218
0.760765550239234422669198920630
0.763157894736842035143808971043
0.765550239234449758640721483971
0.767942583732057371115331534384
0.770334928229665094612244047312
0.772727272727272707086854097724
0.775119617224880430583766610653
0.777511961722488043058376661065
0.779904306220095655532986711478
0.782296650717703268007596761890
0.784688995215310991504509274819
0.787081339712918603979119325231
0.789473684210526327476031838160
0.791866028708133939950641888572
0.794258373205741663447554401500
0.796650717703349275922164451913
0.799043062200956888396774502326
0.801435406698564500871384552738
0.803827751196172224368297065666
0.806220095693779836842907116079
0.808612440191387560339819629007
0.811004784688995172814429679420
0.813397129186602896311342192348
0.815789473684210508785952242761
0.818181818181818121260562293173
0.820574162679425844757474806102
0.822966507177033457232084856514
0.825358851674641180728997369442
0.827751196172248793203607419855
0.830143540669856516700519932783
0.832535885167464129175129983196
0.834928229665071852672042496124
0.837320574162679354124350084021
0.839712918660287077621262596949
0.842105263157894690095872647362
0.844497607655502413592785160290
0.846889952153110026067395210703
0.849282296650717749564307723631
0.851674641148325362038917774044
0.854066985645933085535830286972
0.856459330143540586988137874869
0.858851674641148310485050387797
0.861244019138755922959660438210
0.863636363636363646456572951138
0.866028708133971258931183001550
0.868421052631578982428095514479
0.870813397129186594902705564891
0.873205741626794318399618077819
0.875598086124401819851925665716
0.877990430622009543348838178645
0.880382775119617155823448229057
0.882775119617224879320360741985
0.885167464114832491794970792398
0.887559808612440215291883305326
0.889952153110047827766493355739
0.892344497607655551263405868667
0.894736842105263052715713456564
0.897129186602870776212625969492
0.899521531100478388687236019905
0.901913875598086112184148532833
0.904306220095693724658758583246
0.906698564593301448155671096174
0.909090909090909060630281146587
0.911483253588516784127193659515
0.913875598086124285579501247412
0.916267942583732009076413760340
0.918660287081339621551023810753
0.921052631578947345047936323681
0.923444976076555068544848836609
0.925837320574162681019458887022
0.928229665071770404516371399950
0.930622009569378016990981450363
0.933014354066985629465591500775
0.935406698564593241940201551188
0.937799043062200965437114064116
0.940191387559808577911724114529
0.942583732057416301408636627457
0.944976076555023913883246677869
0.947368421052631637380159190798
0.949760765550239249854769241210
0.952153110047846862329379291623
0.954545454545454474803989342035
0.956937799043062198300901854964
0.959330143540669810775511905376
0.961722488038277534272424418305
0.964114832535885146747034468717
0.966507177033492759221644519130
0.968899521531100593740859494574
0.971291866028708095193167082471
0.973684210526315707667777132883
0.976076555023923320142387183296
0.978468899521531154661602158740
0.980861244019138767136212209152
0.983253588516746379610822259565
0.985645933014353992085432309977
0.988038277511961826604647285421
0.990430622009569328056954873318
0.992822966507176940531564923731
0.995215311004784553006174974144
0.997607655502392387525389949587
0.000169071361351932420357888076
0.000393529050801565204002752107
0.000618230685104806864868520755
0.000842822177175807786368710861
0.001067229945492921853664181064
0.001291399467202498409224009634
0.001515279257430777017437439902
0.001738818607136589965492246002
0.001961967102628540873116014254
0.002184674498442031737033275363
0.002406890681864050970245605399
0.002628565666119573370623774267
0.002849649593854817856974914747
0.003070092744731966159787983628
0.003289845544805196191073815015
0.003508858576715612014040868161
0.003727082590275407596863699311
0.003944468513238288259747932329
0.004160967462151683900206666777
0.004376530753236390798577293282
0.004591109913262661143540377395
0.004804656690403521709931133898
0.005017123065054253719385890520
0.005228461260609215850714281970
0.005438623754190980569278579537
0.005647563287326068728888550652
0.005855232876564748015213446308
0.006061585824040676383217540746
0.006266575727968019121627563095
0.006470156493072430452240251242
0.006672282340954309790004295166
0.006872907820381563177847272783
0.007071987817508186210946341532
0.007269477566018257320978879221
0.007465332657191634316284911677
0.007659509049889295061175342738
0.007851963080456009907992509511
0.008042651472538934684375355744
0.008231531346818270547527340852
0.008418560230649284673032362036
0.008603696067612780912226000396
0.008786897226972135641065442258
0.008968122513034082476934827355
0.009147331174412690751873711292
0.009324482913192272057201215318
0.009499537893989497619462447631
0.009672456752910544089396616130
0.009843200606402835797781314398
0.010011731059998578430292326402
0.010178010216948274804793506121
0.010342000686742392617789576548
0.010503665593519244739195706018
0.010662968584357019469210925422
0.010819873837448286749141068697
0.010974346070155256011036115638
0.011126350546943233887908775159
0.011275853087192103108016283386
0.011422820072881504846473710302
0.011567218456151185171365547433
0.011709015766731827035140867110
0.011848180119246680061517729143
0.011984680220381493595538380248
0.012118485375921181357306011250
0.012249565497652058904121119554
0.012377891110127653764849675611
0.012503433357296497505095622671
0.012626164008991136444848280007
0.012746055467276050376934648511
0.012863080772653268449290386854
0.012977213610125000464723399318
0.013088428315110724881042969514
0.013196699879218351872389725088
0.013302003955867742340801740397
0.013404316865765516023079051422
0.013503615602229507644538308853
0.013599877836362348967891300333
0.013693081922072514872157356081
0.013783206900941560174578270903
0.013870232506937337293995149423
0.013954139170970637773283584693
0.014034908025296038286411359763
0.014112520907754260574007432183
0.014186960365856683685681360885
0.014258209660709324911875839348
0.014326252770777201869800698830
0.014391074395486631518070730351
0.014452659958666402850724352902
0.014510995611824870771267015357
0.014566068237264306883815834226
0.014617865451030652781949648045
0.014666375605697966333362813884
0.014711587792987926986976177091
0.014753491846222502315022495623
0.014792078342610105387566754587
0.014827338605364301024613915558
0.014859264705655402666328868122
0.014887849464392888601538267324
0.014913086453839829309542253100
0.014934969999058723966189887733
0.014953495179186900368439872011
0.014968657828543547802513380418
0.014980454537566157205419337117
0.014988882653577614151307884072
0.014993940281382039936275418768
0.014995626283691658453545159091
0.014993940281382039936275418768
0.014988882653577614151307884072
0.014980454537566157205419337117
0.014968657828543547802513380418
0.014953495179186900368439872011
0.014934969999058723966189887733
0.014913086453839829309542253100
0.014887849464392888601538267324
0.014859264705655402666328868122
0.014827338605364301024613915558
0.014792078342610105387566754587
0.014753491846222502315022495623
0.014711587792987926986976177091
0.014666375605697966333362813884
0.014617865451030652781949648045
0.014566068237264306883815834226
0.014510995611824870771267015357
0.014452659958666402850724352902
0.014391074395486631518070730351
0.014326252770777201869800698830
0.014258209660709324911875839348
0.014186960365856683685681360885
0.014112520907754260574007432183
0.014034908025296038286411359763
0.013954139170970637773283584693
0.013870232506937337293995149423
0.013783206900941560174578270903
0.013693081922072514872157356081
0.013599877836362348967891300333
0.013503615602229507644538308853
0.013404316865765516023079051422
0.013302003955867742340801740397
0.013196699879218351872389725088
0.013088428315110724881042969514
0.012977213610125000464723399318
0.012863080772653268449290386854
0.012746055467276050376934648511
0.012626164008991136444848280007
0.012503433357296497505095622671
0.012377891110127653764849675611
0.012249565497652058904121119554
0.012118485375921181357306011250
0.011984680220381493595538380248
0.011848180119246680061517729143
0.011709015766731827035140867110
0.011567218456151185171365547433
0.011422820072881504846473710302
0.011275853087192103108016283386
0.011126350546943233887908775159
0.010974346070155256011036115638
0.010819873837448286749141068697
0.010662968584357019469210925422
0.010503665593519244739195706018
0.010342000686742392617789576548
0.010178010216948274804793506121
0.010011731059998578430292326402
0.009843200606402835797781314398
0.009672456752910544089396616130
0.009499537893989497619462447631
0.009324482913192272057201215318
0.009147331174412690751873711292
0.008968122513034082476934827355
0.008786897226972135641065442258
0.008603696067612780912226000396
0.008418560230649284673032362036
0.008231531346818270547527340852
0.008042651472538934684375355744
0.007851963080456009907992509511
0.007659509049889295061175342738
0.007465332657191634316284911677
0.007269477566018257320978879221
0.007071987817508186210946341532
0.006872907820381563177847272783
0.006672282340954309790004295166
0.006470156493072430452240251242
0.006266575727968019121627563095
0.006061585824040676383217540746
0.005855232876564748015213446308
0.005647563287326068728888550652
0.005438623754190980569278579537
0.005228461260609215850714281970
0.005017123065054253719385890520
0.004804656690403521709931133898
0.004591109913262661143540377395
0.004376530753236390798577293282
0.004160967462151683900206666777
0.003944468513238288259747932329
0.003727082590275407596863699311
0.003508858576715612014040868161
0.003289845544805196191073815015
0.003070092744731966159787983628
0.002849649593854817856974914747
0.002628565666119573370623774267
0.002406890681864050970245605399
0.002184674498442031737033275363
0.001961967102628540873116014254
0.001738818607136589965492246002
0.001515279257430777017437439902
0.001291399467202498409224009634
0.001067229945492921853664181064
0.000842822177175807786368710861
0.000618230685104806864868520755
0.000393529050801565204002752107
0.000169071361351932420357888076
