0.001759722012265647938036861042
0.004039296292704477354951198009
0.006332332691023395167262410865
0.008628410755570291648663960871
0.010925642595485996616533341808
0.013223432749608769395943674851
0.015521534921208753401988822418
0.017819828983989642601226677243
0.020118249418336443118393574991
0.022416757466904222578785166320
0.024715328743090254209890943571
0.027013947138206113179892398080
0.029312601585094077982773796975
0.031611284229535609180405941743
0.033909989343504483294555740258
0.036208712651461548437392679034
0.038507450897493619712541601530
0.040806201558512764093755720296
0.043104962649089001436308876691
0.045403732585491497764085266908
0.047702510088993593795336778385
0.050001294115822270125448767430
0.052300083805564626104889214275
0.054598878442594409032828650652
0.056897677426843283610136126072
0.059196480251376686065878374166
0.061495286484995387299434810302
0.063794095758597485490426493016
0.066092907754383409257847858953
0.068391722197237506120082173311
0.070690538847790751475486104027
0.072989357496792750534808646989
0.075288177960515109687911206038
0.077587000076971529560765361566
0.079885823702789626743481221638
0.082184648710608307342617706581
0.084483474986899662062533877815
0.086782302430136459836518270095
0.089081130949244080596827188856
0.091379960462284998135018554422
0.093678790895338009958592806470
0.095977622181537589063360371711
0.098276454260248377603481628739
0.100575287076352992698957677931
0.102874120579634659167211907516
0.105172954724241596302647394623
0.107471789468219627861067522190
0.109770624773103328553069957252
0.112069460603557935485241614515
0.114368296927063947676650457197
0.116667133713639584180477015707
0.118965970935594536617152527924
0.121264808567312476483834871033
0.123563646585057515525640781107
0.125862484966801663199831295969
0.128161323692071171809203633529
0.130460162741808854969249864553
0.132759002098250838974635712475
0.135057841744815720907979539334
0.137356681666004759589938544195
0.139655521847312474870150822426
0.141954362275144935212622954168
0.144253202936746649509558437785
0.146552043820134092477758258610
0.148850884914035003214749508516
0.151149726207833623448095750064
0.153448567691520543210259575062
0.155747409355647403739197898176
0.158046251191284709003426200979
0.160345093189984022608030045376
0.162643935343742940258238149909
0.164942777644973032069586338366
0.167241620086470227368735663731
0.169540462661387919540700863763
0.171839305363212013766371910606
0.174138148185737501316694419984
0.176436991123047726137684776404
0.178735834169494178791381955307
0.181034677319678621865151058046
0.183333520568435909270377237590
0.185632363910818443120120946332
0.187931207342081352251739190251
0.190230050857669169550590027029
0.192528894453202703562766373580
0.194827738124467658709093598191
0.197126581867403005698946572011
0.199425425678090961767452427011
0.201724269552747026423844545207
0.204023113487710933133811863627
0.206321957479437850802028719954
0.208620801524490251388499473251
0.210919645619530304880839821635
0.213218489761312524066738660622
0.215517333946676797884478560263
0.217816178172541841107090476726
0.220115022435898838315537773269
0.222413866733805615227836938175
0.224712711063380782272602687044
0.227011555421798266740651683904
0.229310399806281983714484340453
0.231609244214100812309098387232
0.233908088642563516401651213528
0.236206933089014026183605210463
0.238505777550826858490751192221
0.240804622025402426110929354763
0.243103466510162596891930775200
0.245402311002546336116125758053
0.247701155500005404386243412773
0.250000000000000000000000000000
0.252298844499994623369332202856
0.254597688997453663883874241947
0.256896533489837430863644840429
0.259195377974597573889070645237
0.261494222449173141509248807779
0.263793066910986029327546020795
0.266091911357436539109500017730
0.268390755785899215446477228397
0.270689600193718016285515659547
0.272988444578201761014923931725
0.275287288936619245482972928585
0.277586133266194412527738677454
0.279884977564101189440037842360
0.282183821827458214404060754532
0.284482666053323229871097055366
0.286781510238687475933261339378
0.289080354380469695119160178365
0.291379198475509804122651758007
0.293678042520562176953546895675
0.295976886512289094621763752002
0.298275730447253029087306686051
0.300574574321909093743698804246
0.302873418132597049812204659247
0.305172261875532369046482017438
0.307471105546797296437233626420
0.309769949142330858204985588600
0.312068792657918647748260809749
0.314367636089181612391030284925
0.316666479431564118485198378039
0.318965322680321405890424557583
0.321264165830505821208618044693
0.323563008876952273862315223596
0.325861851814262526438881195645
0.328160694636787986233628089394
0.330459537338612108214874751866
0.332758379913529855897991183156
0.335057222355027051197140508521
0.337356064656257059741761850091
0.339654906810016032903121185882
0.341953748808715318752149414649
0.344252590644352651771953333082
0.346551432308479512300891656196
0.348850273792166376551904249936
0.351149115085965024540826107113
0.353447956179865963033392972648
0.355746797063253350490441562215
0.358045637724855092542952661461
0.360344478152687552885424793203
0.362643318333995268165637071434
0.364942158255184279092020460666
0.367240997901749188780939903154
0.369539837258191172786325751076
0.371838676307928828190796366471
0.374137515033198364555744319659
0.376436353414942470596571411079
0.378735191432687579027316360225
0.381034029064405477260635279890
0.383332866286360429697310792108
0.385631703072936038445561734989
0.387930539396442120025909616743
0.390229375226896657569142234934
0.392528210531780441527871516882
0.394827045275758459208503836635
0.397125879420365424099514939371
0.399424712923647062812193553327
0.401723545739751664029881794704
0.404022377818462452570003051733
0.406321209104662017796982809159
0.408620039537715029620557061207
0.410918869050755919403172811144
0.413217697569863595674632961163
0.415516525013100324059678314370
0.417815351289391734290745716862
0.420114176297210428767670009620
0.422412999923028553705961485321
0.424711822039484931945452217406
0.427010642503207304976342584268
0.429309461152209304035665127230
0.431608277802762507757705634504
0.433907092245616632375515564490
0.436205904241402542265149122613
0.438504713515004640456140805327
0.440803519748623306995227721927
0.443102322573156737206545585650
0.445401121557405632600534772791
0.447699916194435387772898593539
0.449998705884177785385702463827
0.452297489911006433960238837244
0.454596267414508536930384252628
0.456895037350911026319266738938
0.459193798441487277539607703147
0.461492549102506421920821821914
0.463791287348538472379289032688
0.466090010656495523644338163649
0.468388715770464425514063577793
0.470687398414905977528377434282
0.472986052861793959678493592946
0.475284671256909763137343816197
0.477583242533095808646237401263
0.479881750581663601984416800406
0.482180171016010405971030650107
0.484478465078791276088310269188
0.486776567250391256624908464801
0.489074357404513992975125802332
0.491371589244429751719422938550
0.493667667308976598761205423216
0.495960703707295558206880059515
0.498240277987734403453146114771
0.000000000000000000000000000000
0.002304147465437788016434650373
0.004608294930875576032869300747
0.006912442396313363615623082126
0.009216589861751152065738601493
0.011520737327188940515854120861
0.013824884792626727231246164251
0.016129032258064515681361683619
0.018433179723502304131477202986
0.020737327188940089112145770400
0.023041474654377881031708241721
0.025345622119815666012376809135
0.027649769585253454462492328503
0.029953917050691239443160895917
0.032258064516129031362723367238
0.034562211981566823282285838559
0.036866359447004608262954405973
0.039170506912442393243622973387
0.041474654377880178224291540801
0.043778801843317977082747916029
0.046082949308755762063416483443
0.048387096774193547044085050857
0.050691244239631332024753618271
0.052995391705069123944316089592
0.055299539170506908924984657006
0.057603686635944700844547128327
0.059907834101382478886321791833
0.062211981566820284683672070969
0.064516129032258062725446734476
0.066820276497695854645009205797
0.069124423963133646564571677118
0.071428571428571424606346340624
0.073732718894009216525908811946
0.076036866359447008445471283267
0.078341013824884786487245946773
0.080645161290322578406808418094
0.082949308755760356448583081601
0.085253456221198148368145552922
0.087557603686635954165495832058
0.089861751152073732207270495564
0.092165898617511524126832966886
0.094470046082949316046395438207
0.096774193548387094088170101713
0.099078341013824886007732573034
0.101382488479262664049507236541
0.103686635944700455969069707862
0.105990783410138247888632179183
0.108294930875576025930406842690
0.110599078341013817849969314011
0.112903225806451609769531785332
0.115207373271889401689094256653
0.117511520737327179730868920160
0.119815668202764957772643583667
0.122119815668202749692206054988
0.124423963133640569367344141938
0.126728110599078347409118805444
0.129032258064516125450893468951
0.131336405529953931248243748087
0.133640552995391709290018411593
0.135944700460829487331793075100
0.138248847926267293129143354236
0.140552995391705071170918017742
0.142857142857142849212692681249
0.145161290322580655010042960384
0.147465437788018433051817623891
0.149769585253456211093592287398
0.152073732718894016890942566533
0.154377880184331794932717230040
0.156682027649769572974491893547
0.158986175115207351016266557053
0.161290322580645156813616836189
0.163594470046082934855391499696
0.165898617511520712897166163202
0.168202764976958518694516442338
0.170506912442396296736291105844
0.172811059907834102533641384980
0.175115207373271908330991664116
0.177419354838709686372766327622
0.179723502304147464414540991129
0.182027649769585270211891270264
0.184331797235023048253665933771
0.186635944700460826295440597278
0.188940092165898632092790876413
0.191244239631336410134565539920
0.193548387096774188176340203427
0.195852534562211966218114866933
0.198156682027649772015465146069
0.200460829493087550057239809576
0.202764976958525328099014473082
0.205069124423963133896364752218
0.207373271889400911938139415724
0.209677419354838689979914079231
0.211981566820276495777264358367
0.214285714285714273819039021873
0.216589861751152051860813685380
0.218894009216589857658163964516
0.221198156682027635699938628022
0.223502304147465441497288907158
0.225806451612903219539063570664
0.228110599078341025336413849800
0.230414746543778803378188513307
0.232718894009216553664387561184
0.235023041474654359461737840320
0.237327188940092137503512503827
0.239631336405529915545287167333
0.241935483870967721342637446469
0.244239631336405499384412109976
0.246543778801843332937338004740
0.248847926267281138734688283876
0.251152073732718916776462947382
0.253456221198156694818237610889
0.255760368663594472860012274396
0.258064516129032250901786937902
0.260368663594470084454712832667
0.262672811059907862496487496173
0.264976958525345640538262159680
0.267281105990783418580036823187
0.269585253456221196621811486693
0.271889400921658974663586150200
0.274193548387096808216512044964
0.276497695852534586258286708471
0.278801843317972364300061371978
0.281105990783410142341836035484
0.283410138248847920383610698991
0.285714285714285698425385362498
0.288018433179723476467160026004
0.290322580645161310020085920769
0.292626728110599088061860584276
0.294930875576036866103635247782
0.297235023041474644145409911289
0.299539170506912422187184574796
0.301843317972350200228959238302
0.304147465437788033781885133067
0.306451612903225811823659796573
0.308755760368663589865434460080
0.311059907834101367907209123587
0.313364055299539145948983787093
0.315668202764976923990758450600
0.317972350230414702032533114107
0.320276497695852535585459008871
0.322580645161290313627233672378
0.324884792626728091669008335884
0.327188940092165869710782999391
0.329493087557603647752557662898
0.331797235023041425794332326404
0.334101382488479259347258221169
0.336405529953917037389032884676
0.338709677419354815430807548182
0.341013824884792593472582211689
0.343317972350230371514356875196
0.345622119815668205067282769960
0.347926267281105983109057433467
0.350230414746543816661983328231
0.352534562211981594703757991738
0.354838709677419372745532655244
0.357142857142857150787307318751
0.359447004608294928829081982258
0.361751152073732706870856645764
0.364055299539170540423782540529
0.366359447004608318465557204036
0.368663594470046096507331867542
0.370967741935483874549106531049
0.373271889400921652590881194556
0.375576036866359430632655858062
0.377880184331797264185581752827
0.380184331797235042227356416333
0.382488479262672820269131079840
0.384792626728110598310905743347
0.387096774193548376352680406853
0.389400921658986154394455070360
0.391705069124423932436229733867
0.394009216589861765989155628631
0.396313364055299544030930292138
0.398617511520737322072704955644
0.400921658986175100114479619151
0.403225806451612878156254282658
0.405529953917050656198028946164
0.407834101382488489750954840929
0.410138248847926267792729504436
0.412442396313364045834504167942
0.414746543778801823876278831449
0.417050691244239601918053494956
0.419354838709677379959828158462
0.421658986175115213512754053227
0.423963133640552991554528716733
0.426267281105990769596303380240
0.428571428571428547638078043747
0.430875576036866325679852707253
0.433179723502304103721627370760
0.435483870967741881763402034267
0.437788018433179715316327929031
0.440092165898617493358102592538
0.442396313364055271399877256044
0.444700460829493104952803150809
0.447004608294930882994577814316
0.449308755760368661036352477822
0.451612903225806439078127141329
0.453917050691244272631053036093
0.456221198156682050672827699600
0.458525345622119828714602363107
0.460829493087557606756377026613
0.463133640552995384798151690120
0.465437788018433107328775122369
0.467741935483870996392852248391
0.470046082949308718923475680640
0.472350230414746552476401575404
0.474654377880184275007025007653
0.476958525345622108559950902418
0.479262672811059831090574334667
0.481566820276497720154651460689
0.483870967741935442685274892938
0.486175115207373276238200787702
0.488479262672810998768824219951
0.490783410138248832321750114716
0.493087557603686665874676009480
0.495391705069124388405299441729
0.497695852534562277469376567751
0.500000000000000000000000000000
0.502304147465437833552925894764
0.504608294930875556083549327013
0.506912442396313389636475221778
0.509216589861751112167098654027
0.511520737327188945720024548791
0.513824884792626668250647981040
0.516129032258064501803573875804
0.518433179723502335356499770569
0.520737327188940168909425665333
0.523041474654377891440049097582
0.525345622119815724992974992347
0.527649769585253447523598424596
0.529953917050691281076524319360
0.532258064516129003607147751609
0.534562211981566837160073646373
0.536866359447004559690697078622
0.539170506912442393243622973387
0.541474654377880115774246405635
0.543778801843317949327172300400
0.546082949308755671857795732649
0.548387096774193616433024089929
0.550691244239631338963647522178
0.552995391705069172516573416942
0.555299539170506895047196849191
0.557603686635944728600122743956
0.559907834101382451130746176204
0.562211981566820284683672070969
0.564516129032258007214295503218
0.566820276497695840767221397982
0.569124423963133563297844830231
0.571428571428571396850770724996
0.573732718894009119381394157244
0.576036866359446952934320052009
0.578341013824884786487245946773
0.580645161290322620040171841538
0.582949308755760342570795273787
0.585253456221198176123721168551
0.587557603686635898654344600800
0.589861751152073732207270495564
0.592165898617511565760196390329
0.594470046082949288290819822578
0.596774193548387121843745717342
0.599078341013824844374369149591
0.601382488479262677927295044356
0.603686635944700400457918476604
0.605990783410138234010844371369
0.608294930875576067563770266133
0.610599078341013901116696160898
0.612903225806451623647319593147
0.615207373271889457200245487911
0.617511520737327179730868920160
0.619815668202765013283794814924
0.622119815668202735814418247173
0.624423963133640569367344141938
0.626728110599078291897967574187
0.629032258064516125450893468951
0.631336405529953847981516901200
0.633640552995391681534442795964
0.635944700460829404065066228213
0.638248847926267348640294585493
0.640552995391705071170918017742
0.642857142857142904723843912507
0.645161290322580627254467344756
0.647465437788018460807393239520
0.649769585253456183338016671769
0.652073732718894016890942566533
0.654377880184331739421565998782
0.656682027649769572974491893547
0.658986175115207295505115325795
0.661290322580645129058041220560
0.663594470046082851588664652809
0.665898617511520685141590547573
0.668202764976958518694516442338
0.670506912442396352247442337102
0.672811059907834074778065769351
0.675115207373271908330991664116
0.677419354838709630861615096364
0.679723502304147464414540991129
0.682027649769585186945164423378
0.684331797235023020498090318142
0.686635944700460743028713750391
0.688940092165898576581639645156
0.691244239631336410134565539920
0.693548387096774132665188972169
0.695852534562211966218114866933
0.698156682027649799771040761698
0.700460829493087633323966656462
0.702764976958525355854590088711
0.705069124423963189407515983476
0.707373271889400911938139415724
0.709677419354838745491065310489
0.711981566820276468021688742738
0.714285714285714301574614637502
0.716589861751152024105238069751
0.718894009216589857658163964516
0.721198156682027580188787396764
0.723502304147465413741713291529
0.725806451612903247294639186293
0.728110599078341080847565081058
0.730414746543778803378188513307
0.732718894009216636931114408071
0.735023041474654359461737840320
0.737327188940092193014663735084
0.739631336405529915545287167333
0.741935483870967749098213062098
0.744239631336405471628836494347
0.746543778801843305181762389111
0.748847926267281027712385821360
0.751152073732718861265311716124
0.753456221198156583795935148373
0.755760368663594528371163505653
0.758064516129032250901786937902
0.760368663594470084454712832667
0.762672811059907806985336264916
0.764976958525345640538262159680
0.767281105990783363068885591929
0.769585253456221196621811486693
0.771889400921658919152434918942
0.774193548387096752705360813707
0.776497695852534475235984245955
0.778801843317972308788910140720
0.781105990783410031319533572969
0.783410138248847864872459467733
0.785714285714285698425385362498
0.788018433179723531978311257262
0.790322580645161365531237152027
0.792626728110599088061860584276
0.794930875576036921614786479040
0.797235023041474644145409911289
0.799539170506912477698335806053
0.801843317972350200228959238302
0.804147465437788033781885133067
0.806451612903225756312508565316
0.808755760368663589865434460080
0.811059907834101312396057892329
0.813364055299539145948983787093
0.815668202764976979501909681858
0.817972350230414813054835576622
0.820276497695852535585459008871
0.822580645161290369138384903636
0.824884792626728091669008335884
0.827188940092165925221934230649
0.829493087557603647752557662898
0.831797235023041481305483557662
0.834101382488479203836106989911
0.836405529953917037389032884676
0.838709677419354759919656316924
0.841013824884792593472582211689
0.843317972350230427025508106453
0.845622119815668260578434001218
0.847926267281105983109057433467
0.850230414746543816661983328231
0.852534562211981539192606760480
0.854838709677419372745532655244
0.857142857142857095276156087493
0.859447004608294928829081982258
0.861751152073732651359705414507
0.864055299539170484912631309271
0.866359447004608207443254741520
0.868663594470046040996180636284
0.870967741935483763526804068533
0.873271889400921597079729963298
0.875576036866359430632655858062
0.877880184331797264185581752827
0.880184331797234986716205185076
0.882488479262672820269131079840
0.884792626728110542799754512089
0.887096774193548376352680406853
0.889400921658986209905606301618
0.891705069124423932436229733867
0.894009216589861765989155628631
0.896313364055299488519779060880
0.898617511520737322072704955644
0.900921658986175044603328387893
0.903225806451612878156254282658
0.905529953917050711709180177422
0.907834101382488545262106072187
0.910138248847926267792729504436
0.912442396313364101345655399200
0.914746543778801823876278831449
0.917050691244239657429204726213
0.919354838709677379959828158462
0.921658986175115213512754053227
0.923963133640552936043377485476
0.926267281105990769596303380240
0.928571428571428492126926812489
0.930875576036866214657550244738
0.933179723502304159232778602018
0.935483870967741992785704496782
0.937788018433179715316327929031
0.940092165898617437846951361280
0.942396313364055382422179718560
0.944700460829493104952803150809
0.947004608294930827483426583058
0.949308755760368550014050015307
0.951612903225806494589278372587
0.953917050691244217119901804836
0.956221198156681939650525237084
0.958525345622119662181148669333
0.960829493087557606756377026613
0.963133640552995440309302921378
0.965437788018433162839926353627
0.967741935483870885370549785875
0.970046082949308829945778143156
0.972350230414746552476401575404
0.974654377880184275007025007653
0.976958525345621997537648439902
0.979262672811059942112876797182
0.981566820276497664643500229431
0.983870967741935387174123661680
0.986175115207373331749352018960
0.988479262672811054279975451209
0.990783410138248776810598883458
0.993087557603686610363524778222
0.995391705069124554938753135502
0.997695852534562277469376567751
0.000156862932542396375052914936
0.000365115288428388652317013729
0.000573599900772204054390235317
0.000781991635132902977722846316
0.000990225603145785879255491579
0.001198254593371185462366557140
0.001406034206007455251638549321
0.001613520752633009099075156456
0.001820670808961173800163968473
0.002027441095439739930650357991
0.002233788442885971826240565363
0.002439669784717002094104332244
0.002645042158737537230095426821
0.002849862712748461261030863412
0.003054088711812342950974175082
0.003257677546285932344144464778
0.003460586740219894364561925570
0.003662773959937624859012350598
0.003864197022698774054705328496
0.004064813905394700638273874915
0.004264582753249925375915729830
0.004463461888510935129947831967
0.004661409819112661417905840722
0.004858385247315665997347444716
0.005054347078308518356748457734
0.005249254428771551322929767025
0.005443066635400122151022817008
0.005635743263382968562535957346
0.005827244114834396852831144287
0.006017529237178467597935149769
0.006206558931481787576289743669
0.006394293760734836781778334114
0.006580694558077890971015122545
0.006765722434972240573181068157
0.006949338789312095934769253347
0.007131505313477823349010975562
0.007312184002327620085948112205
0.007491337161126121815812872740
0.007668927413408276223816262274
0.007844917708776908554790807671
0.008019271330632288599660206785
0.008191951903832477011047075166
0.008362923402281343190911577778
0.008532150156445404004523780372
0.008699596860794883701473168003
0.008865228581169472960032962305
0.009029010762066710590878493292
0.009190909233850979090374444525
0.009350890219882484338809192081
0.009508920343563568786104944763
0.009664966635302724151657116636
0.009818996539391930400419994385
0.009970977920799838079002341829
0.010120879071875020852044890773
0.010268668718961791036514696884
0.010414316028924362755869736930
0.010557790615579699250448086900
0.010699062546036934920334893206
0.010838102346941991260820259413
0.010974881010626855865064399609
0.011109370001161305782644284079
0.011241541260306166238880365427
0.011371367213367207862906305138
0.011498820774947944231558771833
0.011623875354600490122924938419
0.011746504862372997290975717988
0.011866683714252831624569317626
0.011984386837503996359188818133
0.012099589675898154289557240304
0.012212268194837809162645037020
0.012322398886370294901482225214
0.012429958774092595211180345416
0.012534925417944774855838474537
0.012637276918891111876508404066
0.012736991923489744335529216812
0.012834049628346949276092026082
0.012928429784457530146712933572
0.013020112701429350718362876194
0.013109079251591269563159691813
0.013195310873983635488460031127
0.013278789578230934531610785143
0.013359497948294718483452925284
0.013437419146107356174302260854
0.013512536915084820757226857779
0.013584835583518190330054586923
0.013654300067843393520772288241
0.013720915875788077670227593785
0.013784669109394926539424730549
0.013845546467921193353745046295
0.013903535250613923562879037377
0.013958623359359189838868609002
0.014010799301206520658946708124
0.014060052190766472030025724393
0.014106371752481762157915845535
0.014149748322770792918756654899
0.014190172852044002221871821234
0.014227636906591791324250273476
0.014262132670343879645158402525
0.014293652946500336881063830674
0.014322191159032594126587767391
0.014347741354055603205108759823
0.014370298201070089497144444124
0.014389856994074539178751770407
0.014406413652546887910199657767
0.014419964722296060161133013366
0.014430507376182385992358092608
0.014438039414707712349006385466
0.014442559266473866189106622926
0.014444065988511011616735046914
0.014442559266473866189106622926
0.014438039414707712349006385466
0.014430507376182385992358092608
0.014419964722296060161133013366
0.014406413652546887910199657767
0.014389856994074539178751770407
0.014370298201070089497144444124
0.014347741354055603205108759823
0.014322191159032594126587767391
0.014293652946500336881063830674
0.014262132670343879645158402525
0.014227636906591791324250273476
0.014190172852044002221871821234
0.014149748322770792918756654899
0.014106371752481762157915845535
0.014060052190766472030025724393
0.014010799301206520658946708124
0.013958623359359189838868609002
0.013903535250613923562879037377
0.013845546467921193353745046295
0.013784669109394926539424730549
0.013720915875788077670227593785
0.013654300067843393520772288241
0.013584835583518190330054586923
0.013512536915084820757226857779
0.013437419146107356174302260854
0.013359497948294718483452925284
0.013278789578230934531610785143
0.013195310873983635488460031127
0.013109079251591269563159691813
0.013020112701429350718362876194
0.012928429784457530146712933572
0.012834049628346949276092026082
0.012736991923489744335529216812
0.012637276918891111876508404066
0.012534925417944774855838474537
0.012429958774092595211180345416
0.012322398886370294901482225214
0.012212268194837809162645037020
0.012099589675898154289557240304
0.011984386837503996359188818133
0.011866683714252831624569317626
0.011746504862372997290975717988
0.011623875354600490122924938419
0.011498820774947944231558771833
0.011371367213367207862906305138
0.011241541260306166238880365427
0.011109370001161305782644284079
0.010974881010626855865064399609
0.010838102346941991260820259413
0.010699062546036934920334893206
0.010557790615579699250448086900
0.010414316028924362755869736930
0.010268668718961791036514696884
0.010120879071875020852044890773
0.009970977920799838079002341829
0.009818996539391930400419994385
0.009664966635302724151657116636
0.009508920343563568786104944763
0.009350890219882484338809192081
0.009190909233850979090374444525
0.009029010762066710590878493292
0.008865228581169472960032962305
0.008699596860794883701473168003
0.008532150156445404004523780372
0.008362923402281343190911577778
0.008191951903832477011047075166
0.008019271330632288599660206785
0.007844917708776908554790807671
0.007668927413408276223816262274
0.007491337161126121815812872740
0.007312184002327620085948112205
0.007131505313477823349010975562
0.006949338789312095934769253347
0.006765722434972240573181068157
0.006580694558077890971015122545
0.006394293760734836781778334114
0.006206558931481787576289743669
0.006017529237178467597935149769
0.005827244114834396852831144287
0.005635743263382968562535957346
0.005443066635400122151022817008
0.005249254428771551322929767025
0.005054347078308518356748457734
0.004858385247315665997347444716
0.004661409819112661417905840722
0.004463461888510935129947831967
0.004264582753249925375915729830
0.004064813905394700638273874915
0.003864197022698774054705328496
0.003662773959937624859012350598
0.003460586740219894364561925570
0.003257677546285932344144464778
0.003054088711812342950974175082
0.002849862712748461261030863412
0.002645042158737537230095426821
0.002439669784717002094104332244
0.002233788442885971826240565363
0.002027441095439739930650357991
0.001820670808961173800163968473
0.001613520752633009099075156456
0.001406034206007455251638549321
0.001198254593371185462366557140
0.000990225603145785879255491579
0.000781991635132902977722846316
0.000573599900772204054390235317
0.000365115288428388652317013729
0.000156862932542396375052914936
