0.001697292954160255998991013726
0.003895995554757844016313672597
0.006107682682306447147224659489
0.008322303567989323622167141536
0.010538037297026238772734707538
0.012754309533251599259595643332
0.014970882717743707809865405522
0.017187640985906978141617429401
0.019404521142565717140016090525
0.021621485805379384026458922108
0.023838511452922199473913877910
0.026055582548011189253367447805
0.028272688416136462774552740029
0.030489821481744800585333976528
0.032706976220043301739615060342
0.034924148507198701785192440639
0.037141335202829417472258910493
0.039358533873382423040609978671
0.041575742603888007908885526831
0.043792959866824583692324068807
0.046010184428854843108336325486
0.048227415283260417766530991912
0.050444651600177282946280143960
0.052661892689392676702997420080
0.054879137972152325364305625044
0.057096386959531633675801742811
0.059313639235655371551025893950
0.061530894444542454102542450300
0.063748152279694769717366398254
0.065965412475784329648931247903
0.068182674801961731803068289537
0.070399939056428453842961801001
0.072617205062002865290082809224
0.074834472662474435522561577727
0.077051741719587008017100515644
0.079269012110528003223208770578
0.081486283725827723944945546464
0.083703556467592338252714512237
0.085920830248009949503540383375
0.088138104988082638380220146246
0.090355380616544730965067344641
0.092572657068936942126313738299
0.094789934286809429675457749909
0.097007212217035510004592424593
0.099224490811216176089359919388
0.101441770025163094381959183465
0.103659049818448090185540877428
0.105876330154008893580375172405
0.108093610997803804552042095111
0.110310892318507394738169580251
0.112528174087242749390469498394
0.114745456277344240469950875649
0.116962738864147833273143817223
0.119180021824803847318996474769
0.121397305138111491484842474620
0.123614588784370135754464570255
0.125831872745246431399834818876
0.128049157003656072228992002238
0.130266441543656241730531064604
0.132483726350350050626758502403
0.134701011409799759066530100426
0.136918296708948478146439242664
0.139135582235549670748753214866
0.141352867978102675339258098575
0.143570153925794613547495259809
0.145787440068447682328667269758
0.148004726396470720484188632327
0.150222012900815299341061859195
0.152439299572935615945112886038
0.154656586404751855701178442359
0.156873873388616524859884293619
0.159091160517283503050833814996
0.161308447783879871373358128039
0.163525735181879794399861793863
0.165743022705080317313885984731
0.167960310347579799827855140393
0.170177598103756932967911552623
0.172394885968252031815950431337
0.174612173935949743786011367774
0.176829462001962506301211419668
0.179046750161615891849820059178
0.181264038410434286108241508373
0.183481326744128203642958396813
0.185698615158581936679382806687
0.187915903649842286338156327474
0.190133192214108265316596657613
0.192350480847720967103597899950
0.194567769547154434395253019829
0.196785058309006943844110537611
0.199002347129993012453397227546
0.201219636006935459482392047903
0.203436924936758661841551543148
0.205654213916481226620547317907
0.207871502943209940372781829865
0.210088792014133607377601720145
0.212306081126517193213842915611
0.214523370277696384667009965597
0.216740659465072482703362766188
0.218957948686107212177276437615
0.221175237938318280939142823627
0.223392527219274522609637756432
0.225609816526591733243378712359
0.227827105857928424725855620636
0.230044395210981633681512903422
0.232261684583483229982192597163
0.234478973973196058722123780171
0.236696263377910109948487615839
0.238913552795438938192162936502
0.241130842223616442820954830495
0.243348131660293010014584069722
0.245565421103332265362340081083
0.247782710550607909727460764771
0.250000000000000000000000000000
0.252217289449392145783690466487
0.254434578896667762393235534546
0.256651868339707045496567161535
0.258869157776383584934620785134
0.261086447204561089563412679126
0.263303736622089945562663615419
0.265521026026803941277876219829
0.267738315416516770017807402837
0.269955604789018421829638327836
0.272172894142071630785295610622
0.274390183473408266756621287641
0.276607472780725449634786627939
0.278824762061681719060857176373
0.281042051313892815578299178014
0.283259340534927572807788465070
0.285476629722303643088565650032
0.287693918873482834541732700018
0.289911207985866392622398279855
0.292128497056790115138369401393
0.294345786083518801135028297722
0.296563075063241365914024072481
0.298780363993064568273183567726
0.300997652870007015302178388083
0.303214941690993056155889462389
0.305432230452845621115898211428
0.307649519152279060651977715679
0.309866807785891762438978958016
0.312084096350157769172994903784
0.314301384841418118831768424570
0.316518673255871851868192834445
0.318735961589565686136182875998
0.320953249838384135905755556450
0.323170537998037521454364195961
0.325387826064050256213988632226
0.327605114031748023695200799921
0.329822401896243122543239678635
0.332039689652420200172144859607
0.334256977294919710441689630898
0.336474264818120261111289437395
0.338691552216120184137793103218
0.340908839482716552460317416262
0.343126126611383530651266937639
0.345343413595248172054397173270
0.347560700427064384054887113962
0.349777987099184783925664987692
0.351995273603529335026962598931
0.354212559931552373182483961500
0.356429846074205469719231587078
0.358647132021897296905166285796
0.360864417764450329251246785134
0.363081703291051549609136372965
0.365298988590200268689045515202
0.367516273649650004884392728854
0.369733558456343758269468935396
0.371950842996343955526583613391
0.374168127254753568600165181124
0.376385411215629905878898853189
0.378602694861888577904096564453
0.380819978175196194314366948674
0.383037261135852180604643990591
0.385254543722655828918988163423
0.387471825912757250609530501606
0.389689107681492619139618227564
0.391906389002196264836896943962
0.394123669845991175808563866667
0.396340950181551965325610353830
0.398558229974836975006979855607
0.400775509188783851666215696241
0.402992787782964489995407575407
0.405210065713190625835693481349
0.407427342931063085629261877330
0.409644619383455255157144847544
0.411861895011917444886506700641
0.414079169751990050496459616625
0.416296443532407689502861103392
0.418513716274172331566205684794
0.420730987889472052287942460680
0.422948258280413047494050715613
0.425165527337525550599650614458
0.427382794937997134709917190776
0.429600060943571560034826006813
0.431817325198038282074719518278
0.434034587524215753617795598984
0.436251847720305230282633601746
0.438469105555457594469714877050
0.440686360764344642326761913864
0.442903613040468380201986065003
0.445120862027847674635694374956
0.447338107310607357991472099457
0.449555348399822751748189375576
0.451772584716739644683514143253
0.453989815571145149952769770607
0.456207040133175478757721066358
0.458424257396112033724477896612
0.460641466126617604714965636958
0.462858664797170638038892320765
0.465075851492801339848170982805
0.467293023779956739893748363102
0.469510178518255272273052014498
0.471727311583863606614386299043
0.473944417451988841971655119778
0.476161488547077793587192218183
0.478378514194620629851328885707
0.480595478857434310615559525104
0.482812359014093028797276474506
0.485029117282256339027668445851
0.487245690466748426761256496320
0.489461962702973818473139999696
0.491677696432010702398684998116
0.493892317317693563261116196372
0.496104004445242163789941969299
0.498302707045839787802776754688
0.000000000000000000000000000000
0.002222222222222222220294751693
0.004444444444444444440589503387
0.006666666666666667094565124074
0.008888888888888888881179006773
0.011111111111111111535154627461
0.013333333333333334189130248149
0.015555555555555558577829344813
0.017777777777777777762358013547
0.020000000000000000416333634234
0.022222222222222223070309254922
0.024444444444444445724284875610
0.026666666666666668378260496297
0.028888888888888887562789165031
0.031111111111111117155658689626
0.033333333333333339809634310313
0.035555555555555555524716027094
0.037777777777777778178691647781
0.040000000000000000832667268469
0.042222222222222230425536793064
0.044444444444444446140618509844
0.046666666666666668794594130532
0.048888888888888891448569751219
0.051111111111111114102545371907
0.053333333333333336756520992594
0.055555555555555559410496613282
0.057777777777777775125578330062
0.060000000000000011657341758564
0.062222222222222234311317379252
0.064444444444444456965292999939
0.066666666666666679619268620627
0.068888888888888888395456433500
0.071111111111111111049432054187
0.073333333333333333703407674875
0.075555555555555556357383295563
0.077777777777777779011358916250
0.080000000000000001665334536938
0.082222222222222224319310157625
0.084444444444444460851073586127
0.086666666666666683505049206815
0.088888888888888892281237019688
0.091111111111111114935212640376
0.093333333333333337589188261063
0.095555555555555560243163881751
0.097777777777777782897139502438
0.100000000000000005551115123126
0.102222222222222228205090743813
0.104444444444444450859066364501
0.106666666666666673513041985188
0.108888888888888896167017605876
0.111111111111111118820993226564
0.113333333333333327597181039437
0.115555555555555550251156660124
0.117777777777777772905132280812
0.120000000000000023314683517128
0.122222222222222245968659137816
0.124444444444444468622634758503
0.126666666666666677398822571377
0.128888888888888913930585999879
0.131111111111111122706773812752
0.133333333333333359238537241254
0.135555555555555568014725054127
0.137777777777777776790912867000
0.140000000000000013322676295502
0.142222222222222222098864108375
0.144444444444444458630627536877
0.146666666666666667406815349750
0.148888888888888903938578778252
0.151111111111111112714766591125
0.153333333333333349246530019627
0.155555555555555558022717832500
0.157777777777777766798905645373
0.160000000000000003330669073875
0.162222222222222212106856886749
0.164444444444444448638620315251
0.166666666666666685170383743753
0.168888888888888921702147172255
0.171111111111111130478334985128
0.173333333333333367010098413630
0.175555555555555575786286226503
0.177777777777777784562474039376
0.180000000000000021094237467878
0.182222222222222229870425280751
0.184444444444444466402188709253
0.186666666666666675178376522126
0.188888888888888911710139950628
0.191111111111111120486327763501
0.193333333333333357018091192003
0.195555555555555565794279004876
0.197777777777777774570466817750
0.200000000000000011102230246252
0.202222222222222219878418059125
0.204444444444444456410181487627
0.206666666666666665186369300500
0.208888888888888901718132729002
0.211111111111111110494320541875
0.213333333333333347026083970377
0.215555555555555583557847398879
0.217777777777777792334035211752
0.220000000000000028865798640254
0.222222222222222237641986453127
0.224444444444444446418174266000
0.226666666666666655194362078873
0.228888888888888891726125507375
0.231111111111111100502313320249
0.233333333333333337034076748751
0.235555555555555545810264561624
0.237777777777777810097603605755
0.240000000000000046629367034257
0.242222222222222255405554847130
0.244444444444444491937318275632
0.246666666666666700713506088505
0.248888888888888937245269517007
0.251111111111111173777032945509
0.253333333333333354797645142753
0.255555555555555591329408571255
0.257777777777777827861171999757
0.260000000000000008881784197001
0.262222222222222245413547625503
0.264444444444444481945311054005
0.266666666666666718477074482507
0.268888888888888899497686679751
0.271111111111111136029450108254
0.273333333333333372561213536756
0.275555555555555553581825734000
0.277777777777777790113589162502
0.280000000000000026645352591004
0.282222222222222263177116019506
0.284444444444444444197728216750
0.286666666666666680729491645252
0.288888888888888917261255073754
0.291111111111111153793018502256
0.293333333333333334813630699500
0.295555555555555571345394128002
0.297777777777777807877157556504
0.299999999999999988897769753748
0.302222222222222225429533182250
0.304444444444444461961296610752
0.306666666666666698493060039254
0.308888888888888879513672236499
0.311111111111111116045435665001
0.313333333333333352577199093503
0.315555555555555533597811290747
0.317777777777777770129574719249
0.320000000000000006661338147751
0.322222222222222243193101576253
0.324444444444444424213713773497
0.326666666666666660745477201999
0.328888888888888897277240630501
0.331111111111111133809004059003
0.333333333333333370340767487505
0.335555555555555606872530916007
0.337777777777777843404294344509
0.340000000000000024424906541753
0.342222222222222260956669970255
0.344444444444444497488433398757
0.346666666666666734020196827259
0.348888888888888915040809024504
0.351111111111111151572572453006
0.353333333333333388104335881508
0.355555555555555569124948078752
0.357777777777777805656711507254
0.360000000000000042188474935756
0.362222222222222278720238364258
0.364444444444444459740850561502
0.366666666666666696272613990004
0.368888888888888932804377418506
0.371111111111111113824989615750
0.373333333333333350356753044252
0.375555555555555586888516472754
0.377777777777777823420279901256
0.380000000000000004440892098501
0.382222222222222240972655527003
0.384444444444444477504418955505
0.386666666666666714036182384007
0.388888888888888895056794581251
0.391111111111111131588558009753
0.393333333333333368120321438255
0.395555555555555549140933635499
0.397777777777777785672697064001
0.400000000000000022204460492503
0.402222222222222258736223921005
0.404444444444444439756836118249
0.406666666666666676288599546751
0.408888888888888912820362975253
0.411111111111111149352126403755
0.413333333333333330372738601000
0.415555555555555566904502029502
0.417777777777777803436265458004
0.419999999999999984456877655248
0.422222222222222220988641083750
0.424444444444444457520404512252
0.426666666666666694052167940754
0.428888888888888930583931369256
0.431111111111111167115694797758
0.433333333333333403647458226260
0.435555555555555584668070423504
0.437777777777777821199833852006
0.440000000000000057731597280508
0.442222222222222294263360709010
0.444444444444444475283972906254
0.446666666666666711815736334756
0.448888888888888892836348532001
0.451111111111111129368111960503
0.453333333333333310388724157747
0.455555555555555602431638817507
0.457777777777777783452251014751
0.460000000000000019984014443253
0.462222222222222201004626640497
0.464444444444444493047541300257
0.466666666666666674068153497501
0.468888888888888910599916926003
0.471111111111111091620529123247
0.473333333333333383663443783007
0.475555555555555620195207211509
0.477777777777777801215819408753
0.480000000000000093258734068513
0.482222222222222274279346265757
0.484444444444444510811109694259
0.486666666666666691831721891504
0.488888888888888983874636551263
0.491111111111111109384097517250
0.493333333333333401427012177010
0.495555555555555582447624374254
0.497777777777777874490539034014
0.500000000000000000000000000000
0.502222222222222347554065891018
0.504444444444444473063526857004
0.506666666666666709595290285506
0.508888888888888946127053714008
0.511111111111111182658817142510
0.513333333333333308168278108496
0.515555555555555655722343999514
0.517777777777777781231804965500
0.520000000000000017763568394003
0.522222222222222254295331822505
0.524444444444444490827095251007
0.526666666666666727358858679509
0.528888888888888963890622108011
0.531111111111111089400083073997
0.533333333333333436954148965015
0.535555555555555562463609931001
0.537777777777777798995373359503
0.540000000000000035527136788005
0.542222222222222272058900216507
0.544444444444444397568361182493
0.546666666666666745122427073511
0.548888888888888870631888039497
0.551111111111111107163651467999
0.553333333333333343695414896501
0.555555555555555580227178325003
0.557777777777777816758941753505
0.560000000000000053290705182008
0.562222222222222178800166147994
0.564444444444444526354232039012
0.566666666666666651863693004998
0.568888888888888888395456433500
0.571111111111111235949522324518
0.573333333333333361458983290504
0.575555555555555597990746719006
0.577777777777777834522510147508
0.580000000000000071054273576010
0.582222222222222307586037004512
0.584444444444444544117800433014
0.586666666666666669627261399000
0.588888888888889017181327290018
0.591111111111111142690788256004
0.593333333333333379222551684506
0.595555555555555615754315113008
0.597777777777777852286078541511
0.599999999999999977795539507497
0.602222222222222325349605398515
0.604444444444444450859066364501
0.606666666666666687390829793003
0.608888888888888923922593221505
0.611111111111111160454356650007
0.613333333333333396986120078509
0.615555555555555633517883507011
0.617777777777777759027344472997
0.620000000000000106581410364015
0.622222222222222232090871330001
0.624444444444444468622634758503
0.626666666666666705154398187005
0.628888888888888941686161615507
0.631111111111111067195622581494
0.633333333333333414749688472511
0.635555555555555540259149438498
0.637777777777777887813215329516
0.640000000000000013322676295502
0.642222222222222249854439724004
0.644444444444444486386203152506
0.646666666666666722917966581008
0.648888888888888848427427546994
0.651111111111111195981493438012
0.653333333333333321490954403998
0.655555555555555558022717832500
0.657777777777777794554481261002
0.660000000000000031086244689504
0.662222222222222267618008118006
0.664444444444444504149771546508
0.666666666666666740681534975010
0.668888888888888977213298403512
0.671111111111111213745061832014
0.673333333333333339254522798001
0.675555555555555686808588689019
0.677777777777777812318049655005
0.680000000000000048849813083507
0.682222222222222285381576512009
0.684444444444444521913339940511
0.686666666666666647422800906497
0.688888888888888994976866797515
0.691111111111111120486327763501
0.693333333333333468040393654519
0.695555555555555593549854620505
0.697777777777777830081618049007
0.700000000000000066613381477509
0.702222222222222303145144906011
0.704444444444444428654605871998
0.706666666666666776208671763015
0.708888888888888901718132729002
0.711111111111111138249896157504
0.713333333333333374781659586006
0.715555555555555611313423014508
0.717777777777777847845186443010
0.720000000000000084376949871512
0.722222222222222209886410837498
0.724444444444444557440476728516
0.726666666666666682949937694502
0.728888888888888919481701123004
0.731111111111111156013464551506
0.733333333333333392545227980008
0.735555555555555518054688945995
0.737777777777777865608754837012
0.739999999999999991118215802999
0.742222222222222227649979231501
0.744444444444444464181742660003
0.746666666666666700713506088505
0.748888888888888937245269517007
0.751111111111111173777032945509
0.753333333333333299286493911495
0.755555555555555646840559802513
0.757777777777777772350020768499
0.760000000000000008881784197001
0.762222222222222356435850088019
0.764444444444444481945311054005
0.766666666666666718477074482507
0.768888888888888955008837911009
0.771111111111111191540601339511
0.773333333333333428072364768013
0.775555555555555664604128196515
0.777777777777777790113589162502
0.780000000000000137667655053519
0.782222222222222263177116019506
0.784444444444444499708879448008
0.786666666666666736240642876510
0.788888888888888972772406305012
0.791111111111111098281867270998
0.793333333333333445835933162016
0.795555555555555571345394128002
0.797777777777777807877157556504
0.800000000000000044408920985006
0.802222222222222280940684413508
0.804444444444444517472447842010
0.806666666666666754004211270512
0.808888888888888879513672236499
0.811111111111111227067738127516
0.813333333333333352577199093503
0.815555555555555589108962522005
0.817777777777777825640725950507
0.820000000000000062172489379009
0.822222222222222298704252807511
0.824444444444444535236016236013
0.826666666666666660745477201999
0.828888888888889008299543093017
0.831111111111111133809004059003
0.833333333333333370340767487505
0.835555555555555606872530916007
0.837777777777777843404294344509
0.839999999999999968913755310496
0.842222222222222316467821201513
0.844444444444444441977282167500
0.846666666666666678509045596002
0.848888888888888915040809024504
0.851111111111111151572572453006
0.853333333333333388104335881508
0.855555555555555624636099310010
0.857777777777777861167862738512
0.860000000000000097699626167014
0.862222222222222334231389595516
0.864444444444444459740850561502
0.866666666666666807294916452520
0.868888888888888932804377418506
0.871111111111111169336140847008
0.873333333333333405867904275510
0.875555555555555642399667704012
0.877777777777777878931431132514
0.880000000000000115463194561016
0.882222222222222240972655527003
0.884444444444444588526721418020
0.886666666666666714036182384007
0.888888888888888950567945812509
0.891111111111111187099709241011
0.893333333333333423631472669513
0.895555555555555549140933635499
0.897777777777777785672697064001
0.900000000000000133226762955019
0.902222222222222258736223921005
0.904444444444444495267987349507
0.906666666666666620777448315494
0.908888888888888968331514206511
0.911111111111111204863277635013
0.913333333333333330372738601000
0.915555555555555566904502029502
0.917777777777777914458567920519
0.920000000000000039968028886506
0.922222222222222276499792315008
0.924444444444444402009253280994
0.926666666666666749563319172012
0.928888888888888986095082600514
0.931111111111111111604543566500
0.933333333333333348136306995002
0.935555555555555695690372886020
0.937777777777777821199833852006
0.940000000000000057731597280508
0.942222222222222183241058246495
0.944444444444444530795124137512
0.946666666666666767326887566014
0.948888888888888892836348532001
0.951111111111111240390414423018
0.953333333333333476922177851520
0.955555555555555602431638817507
0.957777777777777838963402246009
0.960000000000000186517468137026
0.962222222222222312026929103013
0.964444444444444548558692531515
0.966666666666666674068153497501
0.968888888888889021622219388519
0.971111111111111258153982817021
0.973333333333333383663443783007
0.975555555555555509172904748993
0.977777777777777967749273102527
0.980000000000000093258734068513
0.982222222222222218768195034500
0.984444444444444455299958463002
0.986666666666666802854024354019
0.988888888888889039385787782521
0.991111111111111164895248748508
0.993333333333333290404709714494
0.995555555555555748981078068027
0.997777777777777874490539034014
0.000145930620816949640139101319
0.000339671220327483899207449136
0.000533632826809985741020603278
0.000727515785238826086407659677
0.000921262545688666511373154933
0.001114831998903977701084744290
0.001308185645916860699589090444
0.001501285643036066874689282713
0.001694094384641543814609687679
0.001886574390980043066171067956
0.002078688275069094648639378420
0.002270398734347472014666324824
0.002461668551219742349239760770
0.002652460597159130885336342232
0.002842737838356273853690492359
0.003032463342084670485099273662
0.003221600283413761020567811499
0.003410111952093151672232851368
0.003597961759520268507778206768
0.003785113245744926250418993519
0.003971530086483853090595363966
0.004157176100130935067489268420
0.004342015254752991555708963034
0.004526011675064937032908485293
0.004709129649380424699478542294
0.004891333636534180712152064530
0.005072588272773870601839441008
0.005252858378619311256751966965
0.005432108965687197470184610637
0.005610305243479206740997433656
0.005787412626132875173579073191
0.005963396739132834079022416063
0.006138223425981419352492896024
0.006311858754827022119360258046
0.006484269025049802480376026637
0.006655420773801461707674942403
0.006825280782500112858324214926
0.006993816083276841941152035531
0.007160993965374547708113706079
0.007326781981496176959778310334
0.007491147954102618175542538381
0.007654059981657449288072747606
0.007815486444818746034068901452
0.007975396012575909979180899256
0.008133757648330536965675108263
0.008290540615920475100986131167
0.008445714485584796329953327643
0.008599249139870167313315363344
0.008751114779476376615008348381
0.008901281929039585316676408411
0.009049721442853628922131647982
0.009196404510526277539805839467
0.009341302662571510789790707463
0.009484387775934858405557648098
0.009625632079451629588562333595
0.009765008159237219265147444958
0.009902488964007600397154718053
0.010038047810329736933554478640
0.010171658387800781159215901539
0.010303294764153911322601686607
0.010432931390292358650451198798
0.010560543105247446535321920180
0.010686105141062692339137818465
0.010809593127600188380843526659
0.010930983097271314286036414387
0.011050251489688236658515130273
0.011167375156236624550443181647
0.011282331364568689083260899508
0.011395097803015192400311050847
0.011505652584915876043836213682
0.011613974252867457007121210211
0.011720041782888202669399291267
0.011823834588498486133922860120
0.011925332524716343585158284668
0.012024515891967360592396119046
0.012121365439908320105200090211
0.012215862371163122013228985452
0.012307988344971407951300435002
0.012397725480748331833291686621
0.012485056361554697224036658554
0.012569964037477619409055584754
0.012652432028920230708268768183
0.012732444329800134130703526125
0.012809985410656083218428058501
0.012885040221661994697122111120
0.012957594195548120460936836196
0.013027633250427996317033496609
0.013095143792532048729326810133
0.013160112718845613094531543652
0.013222527419652260402549437401
0.013282375780981273485914506693
0.013339646186958546009160286872
0.013394327522061407267917054753
0.013446409173275650217327381597
0.013495881032155957954254965614
0.013542733496787228916757861441
0.013586957473648504299279515806
0.013628544379377820205956339805
0.013667486142438447713209903611
0.013703775204684834690405104141
0.013737404522830299821722910281
0.013768367569813469084016865907
0.013796658336065423591798584368
0.013822271330675973272095191646
0.013845201582459455355578192837
0.013865444640919433183512410324
0.013882996577112597172409813595
0.013897853984411383948538443178
0.013910013979165129771597975150
0.013919474201259560489085664869
0.013926232814575075988350327805
0.013930288507343163012519582367
0.013931640492400722969312809596
0.013930288507343163012519582367
0.013926232814575075988350327805
0.013919474201259560489085664869
0.013910013979165129771597975150
0.013897853984411383948538443178
0.013882996577112597172409813595
0.013865444640919433183512410324
0.013845201582459455355578192837
0.013822271330675973272095191646
0.013796658336065423591798584368
0.013768367569813469084016865907
0.013737404522830299821722910281
0.013703775204684834690405104141
0.013667486142438447713209903611
0.013628544379377820205956339805
0.013586957473648504299279515806
0.013542733496787228916757861441
0.013495881032155957954254965614
0.013446409173275650217327381597
0.013394327522061407267917054753
0.013339646186958546009160286872
0.013282375780981273485914506693
0.013222527419652260402549437401
0.013160112718845613094531543652
0.013095143792532048729326810133
0.013027633250427996317033496609
0.012957594195548120460936836196
0.012885040221661994697122111120
0.012809985410656083218428058501
0.012732444329800134130703526125
0.012652432028920230708268768183
0.012569964037477619409055584754
0.012485056361554697224036658554
0.012397725480748331833291686621
0.012307988344971407951300435002
0.012215862371163122013228985452
0.012121365439908320105200090211
0.012024515891967360592396119046
0.011925332524716343585158284668
0.011823834588498486133922860120
0.011720041782888202669399291267
0.011613974252867457007121210211
0.011505652584915876043836213682
0.011395097803015192400311050847
0.011282331364568689083260899508
0.011167375156236624550443181647
0.011050251489688236658515130273
0.010930983097271314286036414387
0.010809593127600188380843526659
0.010686105141062692339137818465
0.010560543105247446535321920180
0.010432931390292358650451198798
0.010303294764153911322601686607
0.010171658387800781159215901539
0.010038047810329736933554478640
0.009902488964007600397154718053
0.009765008159237219265147444958
0.009625632079451629588562333595
0.009484387775934858405557648098
0.009341302662571510789790707463
0.009196404510526277539805839467
0.009049721442853628922131647982
0.008901281929039585316676408411
0.008751114779476376615008348381
0.008599249139870167313315363344
0.008445714485584796329953327643
0.008290540615920475100986131167
0.008133757648330536965675108263
0.007975396012575909979180899256
0.007815486444818746034068901452
0.007654059981657449288072747606
0.007491147954102618175542538381
0.007326781981496176959778310334
0.007160993965374547708113706079
0.006993816083276841941152035531
0.006825280782500112858324214926
0.006655420773801461707674942403
0.006484269025049802480376026637
0.006311858754827022119360258046
0.006138223425981419352492896024
0.005963396739132834079022416063
0.005787412626132875173579073191
0.005610305243479206740997433656
0.005432108965687197470184610637
0.005252858378619311256751966965
0.005072588272773870601839441008
0.004891333636534180712152064530
0.004709129649380424699478542294
0.004526011675064937032908485293
0.004342015254752991555708963034
0.004157176100130935067489268420
0.003971530086483853090595363966
0.003785113245744926250418993519
0.003597961759520268507778206768
0.003410111952093151672232851368
0.003221600283413761020567811499
0.003032463342084670485099273662
0.002842737838356273853690492359
0.002652460597159130885336342232
0.002461668551219742349239760770
0.002270398734347472014666324824
0.002078688275069094648639378420
0.001886574390980043066171067956
0.001694094384641543814609687679
0.001501285643036066874689282713
0.001308185645916860699589090444
0.001114831998903977701084744290
0.000921262545688666511373154933
0.000727515785238826086407659677
0.000533632826809985741020603278
0.000339671220327483899207449136
0.000145930620816949640139101319
