0.001639141680022695481133698792
0.003762514115992916883396413041
0.005898426213619445065972080045
0.008037171555387136526182878526
0.010176991613239372291843665153
0.012317331728468470380954968846
0.014457962481220748562904532264
0.016598771976578139547564560985
0.018739699184524675340535182499
0.020880708003500388775242058159
0.023021775717970819480351352126
0.025162887323092710673000382826
0.027304032510096547248235054894
0.029445203962994579566236907908
0.031586396346298666049090542174
0.033727605677481564683262149629
0.035868828923773965478005720797
0.038010063735018057018422155124
0.040151308261872513394319383906
0.042292561029169832564900133320
0.044433820845847994684962856127
0.046575086739699421423122061015
0.048716357909312398011270062170
0.050857633688142001027188143780
0.052998913517282961183063605404
0.055140196924582572657325130194
0.057281483508434857809810125673
0.059422772925076437766644943395
0.061564064878531409019668529936
0.063705359112584430958392545108
0.065846655404317083748466643556
0.067987953558867275649646444435
0.070129253405146613209453221316
0.072270554792319641190800894037
0.074411857586890547966440578875
0.076553161670278507822118285731
0.078694466936788567967830942962
0.080835773291905638204823958404
0.082977080650851534060485903410
0.085118388937360608959004082408
0.087259698082635048232980068406
0.089401008024450445699216061257
0.091542318706386918703010735499
0.093683630077165458427401745212
0.095824942090073542133588091474
0.097966254702465657699939072245
0.100107567875328207218643683518
0.102248881572898756009415421886
0.104390195762332632645197350030
0.106531510413408969650816970898
0.108672825498272382360731569406
0.110814140991203624597716270728
0.112955456868417181137687066439
0.115096773107880745445896764068
0.117238089689155000616693769189
0.119379406593250178558740515200
0.121520723802498190058152260917
0.123662041300437661184297155614
0.125803359071710807448596369795
0.127944677101970938348785011840
0.130085995377798552263826081798
0.132227313886625896799387192004
0.134368632616668925994218852793
0.136509951556865155586351079364
0.138651270696817346950169280717
0.140792590026742880926491352511
0.142933909537427017433230957977
0.145075229220180262901251921903
0.147216549066800345135774819028
0.149357869069536020045774193932
0.151499189221055208243171819049
0.153640509514414991265596199810
0.155781829943034494379006105191
0.157923150500669712270607192295
0.160064471181390333143212956202
0.162205791979558477944323158226
0.164347112889809271463192885676
0.166488433907032246095170080480
0.168629755026355049318809165015
0.170771076243127373217589592969
0.172912397552906993425381187990
0.175053718951445974605363176124
0.177195040434678541263480155976
0.179336361998709198362078609534
0.181477683639802184201172963185
0.183619005354371200855467805013
0.185760327138970227078829111633
0.187901648990284414475482321905
0.190042970905122066138659420176
0.192184292880407031622880253963
0.194325614913171018649507004739
0.196466937000547320346655055801
0.198608259139763931866440316298
0.200749581328137860491978017308
0.202890903563069324722079045387
0.205032225842036203156126816793
0.207173548162589094001617695540
0.209314870522346652137457567733
0.211456192918990509843624181485
0.213597515350261391020580958866
0.215738837813954809075056573420
0.217880160307916903583702605829
0.220021482830040970846141590300
0.222162805378263633615532057775
0.224304127950561288384889735426
0.226445450544946941251467364964
0.228586773159466821736529595910
0.230728095792197357427610882041
0.232869418441241982087319684069
0.235010741104728360095776906746
0.237152063780805472115176257830
0.239293386467640672998768991420
0.241434709163417166033482885723
0.243576031866331144115633833280
0.245717354574589180726817971845
0.247858677286405648665379430895
0.250000000000000000000000000000
0.252141322713594351334620569105
0.254282645425410847028757643784
0.256423968133668855884366166720
0.258565290836582861722092729906
0.260706613532359354756806624209
0.262847936219194555640399357799
0.264989258895271695415374324512
0.267130581558758017912680315931
0.269271904207802670327964733588
0.271413226840533206019046019719
0.273554549455053086504108250665
0.275695872049438739370685880203
0.277837194621736394140043557854
0.279978517169959029153858409700
0.282119839692083151927448625429
0.284261162186045246436094657838
0.286402484649738664490570272392
0.288543807081009517911951434144
0.290685129477653403373693663525
0.292826451837410905998382304460
0.294967774157963824599448798836
0.297109096436930675277920954613
0.299250418671862139508021982692
0.301391740860236068133559683702
0.303533062999452707408920559828
0.305674385086829036861644226519
0.307815707119592996132695361666
0.309957029094877933861340579824
0.312098351009715613280093293724
0.314239672861029772921170888367
0.316380994645628799144532194987
0.318522316360197843554402652444
0.320663638001290829393497006095
0.322804959565321514247671075282
0.324946281048554053150212439505
0.327087602447093062085770043268
0.329228923756872682293561638289
0.331370244973645033947917681871
0.333511566092967781660405535149
0.335652887110190756292382729953
0.337794208020441577566828073032
0.339935528818609722367938275056
0.342076849499330315484968423334
0.344218170056965533376569510438
0.346359490485585064245555031448
0.348500810778944791756828180951
0.350642130930463979954225806068
0.352783450933199682619800796601
0.354924770779819764854323693726
0.357066090462572982566769042023
0.359207409973257174584659878747
0.361348729303182625294255103654
0.363490048443134872169224536265
0.365631367383331129516932378465
0.367772686113374158711764039253
0.369914004622201475491749533830
0.372055322898029061651214988160
0.374196640928289192551403630205
0.376337958699562380449066267829
0.378479276197501879330786778155
0.380620593406749863074622908243
0.382761910310844999383306230811
0.384903226892119310065254467190
0.387044543131582818862312933561
0.389185859008796375402283729272
0.391327174501727659272631854037
0.393468489586591030349183029102
0.395609804237667395110378265599
0.397751118427101257868372385929
0.399892432124671848292507547740
0.402033745297534383933424351198
0.404175057909926527255350947598
0.406316369922834541572598254788
0.408457681293613095174777072316
0.410598991975549609811935170001
0.412740301917364993400383355038
0.414881611062639432674359341036
0.417022919349148479817301904404
0.419164226708094389550751657225
0.421305533063211445909956864853
0.423446838329721519933457329898
0.425588142413109438155771613310
0.427729445207680358809199105963
0.429870746594853414546122394313
0.432012046441132779861504786822
0.434153344595682888495957740815
0.436294640887415596797183070521
0.438435935121468611797013181786
0.440577227074923583050036768327
0.442718516491565183823553297771
0.444859803075417448159356581527
0.447001086482717024939148586782
0.449142366311857998972811856220
0.451283642090687608927623841737
0.453424913260300654904710881965
0.455566179154152040009506663409
0.457707438970830160496205962772
0.459848691738127479666786712187
0.461989936264982026248304691762
0.464131171076226090033145510461
0.466272394322518490827889081629
0.468413603653701382523166785177
0.470554796037005451658785659674
0.472695967489903501324022272456
0.474837112676907369124279512107
0.476978224282029239500246831085
0.479119291996499663266462221145
0.481260300815475328128911769454
0.483401228023421891677458006598
0.485542037518779279192671083365
0.487682668271531616355218829995
0.489823008386760683219307566105
0.491962828444612920719691828708
0.494101573786380587893773963515
0.496237485884007067937773172162
0.498360858319977395591848789991
0.000000000000000000000000000000
0.002145922746781115872383161047
0.004291845493562231744766322095
0.006437768240343347617149483142
0.008583690987124463489532644189
0.010729613733905581096639281213
0.012875536480686695234298966284
0.015021459227467812841405603308
0.017167381974248926979065288378
0.019313304721030044586171925403
0.021459227467811162193278562427
0.023605150214592276330938247497
0.025751072961373390468597932568
0.027896995708154504606257617638
0.030042918454935625682811206616
0.032188841201716743289917843640
0.034334763948497853958130576757
0.036480686695278971565237213781
0.038626609442060089172343850805
0.040772532188841206779450487829
0.042918454935622324386557124853
0.045064377682403435054769857970
0.047210300429184552661876494994
0.049356223175965663330089228111
0.051502145922746780937195865135
0.053648068669527905483196406067
0.055793991416309009212515235276
0.057939914163090140697409680115
0.060085836909871251365622413232
0.062231759656652368972729050256
0.064377682403433486579835687280
0.066523605150214604186942324304
0.068669527896995707916261153514
0.070815450643776825523367790538
0.072961373390557943130474427562
0.075107296137339060737581064586
0.077253218884120178344687701610
0.079399141630901282074006530820
0.081545064377682413558900975659
0.083690987124463531166007612683
0.085836909871244648773114249707
0.087982832618025752502433078917
0.090128755364806870109539715941
0.092274678111587987716646352965
0.094420600858369105323752989989
0.096566523605150222930859627013
0.098712446351931326660178456223
0.100858369098712444267285093247
0.103004291845493561874391730271
0.105150214592274693359286175109
0.107296137339055810966392812134
0.109442060085836900817923833529
0.111587982832618018425030470553
0.113733905579399136032137107577
0.115879828326180281394819360230
0.118025751072961385124138189440
0.120171673819742502731244826464
0.122317596566523620338351463488
0.124463519313304737945458100512
0.126609442060085841674776929722
0.128755364806866973159671374560
0.130901287553648076888990203770
0.133047210300429208373884648609
0.135193133047210312103203477818
0.137339055793991415832522307028
0.139484978540772547317416751866
0.141630901287553651046735581076
0.143776824034334782531630025915
0.145922746781115886260948855124
0.148068669527896989990267684334
0.150214592274678121475162129173
0.152360515021459225204480958382
0.154506437768240356689375403221
0.156652360515021460418694232430
0.158798283261802564148013061640
0.160944206008583723388483122108
0.163090128755364827117801951317
0.165236051502145930847120780527
0.167381974248927062332015225365
0.169527896995708166061334054575
0.171673819742489297546228499414
0.173819742489270401275547328623
0.175965665236051505004866157833
0.178111587982832636489760602672
0.180257510729613740219079431881
0.182403433476394871703973876720
0.184549356223175975433292705929
0.186695278969957079162611535139
0.188841201716738210647505979978
0.190987124463519314376824809187
0.193133047210300445861719254026
0.195278969957081549591038083236
0.197424892703862653320356912445
0.199570815450643784805251357284
0.201716738197424888534570186494
0.203862660944206020019464631332
0.206008583690987123748783460542
0.208154506437768255233677905380
0.210300429184549386718572350219
0.212446351931330490447891179429
0.214592274678111621932785624267
0.216738197424892697906528837848
0.218884120171673801635847667058
0.221030042918454933120742111896
0.223175965665236036850060941106
0.225321888412017168334955385944
0.227467811158798272064274215154
0.229613733905579431304744275621
0.231759656652360562789638720460
0.233905579399141666518957549670
0.236051502145922770248276378879
0.238197424892703901733170823718
0.240343347639485005462489652928
0.242489270386266136947384097766
0.244635193133047240676702926976
0.246781115879828344406021756186
0.248927038626609475890916201024
0.251072961373390579620235030234
0.253218884120171683349553859443
0.255364806866952842590023919911
0.257510729613733946319342749121
0.259656652360515050048661578330
0.261802575107296153777980407540
0.263948497854077257507299236750
0.266094420600858416747769297217
0.268240343347639520477088126427
0.270386266094420624206406955636
0.272532188841201727935725784846
0.274678111587982831665044614056
0.276824034334763990905514674523
0.278969957081545094634833503733
0.281115879828326198364152332942
0.283261802575107302093471162152
0.285407725321888405822789991362
0.287553648068669565063260051829
0.289699570815450668792578881039
0.291845493562231772521897710249
0.293991416309012876251216539458
0.296137339055793979980535368668
0.298283261802575139221005429135
0.300429184549356242950324258345
0.302575107296137346679643087555
0.304721030042918450408961916764
0.306866952789699554138280745974
0.309012875536480713378750806442
0.311158798283261817108069635651
0.313304721030042920837388464861
0.315450643776824024566707294071
0.317596566523605128296026123280
0.319742489270386287536496183748
0.321888412017167446776966244215
0.324034334763948550506285073425
0.326180257510729654235603902634
0.328326180257510757964922731844
0.330472103004291861694241561054
0.332618025751073020934711621521
0.334763948497854124664030450731
0.336909871244635228393349279941
0.339055793991416332122668109150
0.341201716738197435851986938360
0.343347639484978595092456998827
0.345493562231759698821775828037
0.347639484978540802551094657247
0.349785407725321906280413486456
0.351931330472103010009732315666
0.354077253218884169250202376134
0.356223175965665272979521205343
0.358369098712446376708840034553
0.360515021459227480438158863763
0.362660944206008584167477692972
0.364806866952789743407947753440
0.366952789699570847137266582649
0.369098712446351950866585411859
0.371244635193133054595904241069
0.373390557939914158325223070278
0.375536480686695317565693130746
0.377682403433476421295011959955
0.379828326180257525024330789165
0.381974248927038628753649618375
0.384120171673819732482968447584
0.386266094420600891723438508052
0.388412017167381995452757337262
0.390557939914163099182076166471
0.392703862660944202911394995681
0.394849785407725306640713824891
0.396995708154506465881183885358
0.399141630901287569610502714568
0.401287553648068673339821543777
0.403433476394849777069140372987
0.405579399141630880798459202197
0.407725321888412040038929262664
0.409871244635193143768248091874
0.412017167381974247497566921083
0.414163090128755406738036981551
0.416309012875536510467355810761
0.418454935622317669707825871228
0.420600858369098773437144700438
0.422746781115879877166463529647
0.424892703862660980895782358857
0.427038626609442084625101188067
0.429184549356223243865571248534
0.431330472103004347594890077744
0.433476394849785395813057675696
0.435622317596566555053527736163
0.437768240343347603271695334115
0.439914163090128818023316625840
0.442060085836909866241484223792
0.444206008583691025481954284260
0.446351931330472073700121882212
0.448497854077253232940591942679
0.450643776824034336669910771889
0.452789699570815495910380832356
0.454935622317596544128548430308
0.457081545064377703369018490775
0.459227467811158862609488551243
0.461373390557939966338807380453
0.463519313304721125579277440920
0.465665236051502173797445038872
0.467811158798283333037915099339
0.469957081545064381256082697291
0.472103004291845540496552757759
0.474248927038626644225871586968
0.476394849785407803466341647436
0.478540772532188851684509245388
0.480686695278970010924979305855
0.482832618025751114654298135065
0.484978540772532273894768195532
0.487124463519313322112935793484
0.489270386266094481353405853952
0.491416309012875529571573451904
0.493562231759656688812043512371
0.495708154506437792541362341581
0.497854077253218951781832402048
0.500000000000000000000000000000
0.502145922746781159240470060467
0.504291845493562207458637658419
0.506437768240343366699107718887
0.508583690987124414917275316839
0.510729613733905685180047839822
0.512875536480686733398215437774
0.515021459227467892638685498241
0.517167381974248940856853096193
0.519313304721030100097323156660
0.521459227467811148315490754612
0.523605150214592307555960815080
0.525751072961373355774128413032
0.527896995708154515014598473499
0.530042918454935563232766071451
0.532188841201716833495538594434
0.534334763948497881713706192386
0.536480686695279040954176252853
0.538626609442060089172343850805
0.540772532188841248412813911273
0.542918454935622296630981509225
0.545064377682403455871451569692
0.547210300429184504089619167644
0.549356223175965663330089228111
0.551502145922746822570559288579
0.553648068669527981811029349046
0.555793991416309141051499409514
0.557939914163090189269667007466
0.560085836909871348510137067933
0.562231759656652396728304665885
0.564377682403433555968774726352
0.566523605150214604186942324304
0.568669527896995763427412384772
0.570815450643776811645579982724
0.572961373390557970886050043191
0.575107296137339130126520103659
0.577253218884120289366990164126
0.579399141630901337585157762078
0.581545064377682496825627822545
0.583690987124463545043795420497
0.585836909871244704284265480965
0.587982832618025752502433078917
0.590128755364806911742903139384
0.592274678111587959961070737336
0.594420600858369119201540797803
0.596566523605150278442010858271
0.598712446351931437682480918738
0.600858369098712485900648516690
0.603004291845493645141118577158
0.605150214592274693359286175109
0.607296137339055852599756235577
0.609442060085836900817923833529
0.611587982832618060058393893996
0.613733905579399108276561491948
0.615879828326180267517031552416
0.618025751072961426757501612883
0.620171673819742585997971673351
0.622317596566523634216139271302
0.624463519313304793456609331770
0.626609442060085841674776929722
0.628755364806867000915246990189
0.630901287553648049133414588141
0.633047210300429208373884648609
0.635193133047210256592052246560
0.637339055793991415832522307028
0.639484978540772575072992367495
0.641630901287553734313462427963
0.643776824034334893553932488430
0.645922746781115941772100086382
0.648068669527897101012570146850
0.650214592274678149230737744801
0.652360515021459308471207805269
0.654506437768240356689375403221
0.656652360515021515929845463688
0.658798283261802564148013061640
0.660944206008583723388483122108
0.663090128755364882628953182575
0.665236051502146041869423243043
0.667381974248927090087590840994
0.669527896995708249328060901462
0.671673819742489297546228499414
0.673819742489270456786698559881
0.675965665236051505004866157833
0.678111587982832664245336218301
0.680257510729613712463503816252
0.682403433476394871703973876720
0.684549356223176030944443937187
0.686695278969957190184913997655
0.688841201716738238403081595607
0.690987124463519397643551656074
0.693133047210300445861719254026
0.695278969957081605102189314493
0.697424892703862653320356912445
0.699570815450643812560826972913
0.701716738197424860778994570865
0.703862660944206020019464631332
0.706008583690987179259934691800
0.708154506437768338500404752267
0.710300429184549386718572350219
0.712446351931330545959042410686
0.714592274678111594177210008638
0.716738197424892753417680069106
0.718884120171673801635847667058
0.721030042918454960876317727525
0.723175965665236009094485325477
0.725321888412017168334955385944
0.727467811158798327575425446412
0.729613733905579486815895506879
0.731759656652360535034063104831
0.733905579399141694274533165299
0.736051502145922853515003225766
0.738197424892703901733170823718
0.740343347639485060973640884185
0.742489270386266109191808482137
0.744635193133047268432278542605
0.746781115879828316650446140557
0.748927038626609475890916201024
0.751072961373390635131386261492
0.753218884120171794371856321959
0.755364806866952842590023919911
0.757510729613734001830493980378
0.759656652360515050048661578330
0.761802575107296209289131638798
0.763948497854077257507299236750
0.766094420600858416747769297217
0.768240343347639464965936895169
0.770386266094420624206406955636
0.772532188841201783446877016104
0.774678111587982942687347076571
0.776824034334763990905514674523
0.778969957081545150145984734991
0.781115879828326198364152332942
0.783261802575107357604622393410
0.785407725321888405822789991362
0.787553648068669565063260051829
0.789699570815450613281427649781
0.791845493562231772521897710249
0.793991416309012931762367770716
0.796137339055794091002837831184
0.798283261802575139221005429135
0.800429184549356298461475489603
0.802575107296137346679643087555
0.804721030042918505920113148022
0.806866952789699554138280745974
0.809012875536480713378750806442
0.811158798283261761596918404393
0.813304721030042920837388464861
0.815450643776824080077858525328
0.817596566523605239318328585796
0.819742489270386287536496183748
0.821888412017167446776966244215
0.824034334763948494995133842167
0.826180257510729654235603902634
0.828326180257510813476073963102
0.830472103004291861694241561054
0.832618025751073020934711621521
0.834763948497854180175181681989
0.836909871244635339415651742456
0.839055793991416387633819340408
0.841201716738197546874289400876
0.843347639484978595092456998827
0.845493562231759754332927059295
0.847639484978540802551094657247
0.849785407725321961791564717714
0.851931330472103010009732315666
0.854077253218884169250202376134
0.856223175965665328490672436601
0.858369098712446487731142497069
0.860515021459227535949310095020
0.862660944206008695189780155488
0.864806866952789743407947753440
0.866952789699570791626115351391
0.869098712446352061888887874375
0.871244635193133110107055472326
0.873390557939914158325223070278
0.875536480686695206543390668230
0.877682403433476476806163191213
0.879828326180257636046633251681
0.881974248927038684264800849633
0.884120171673819732482968447584
0.886266094420601002745740970568
0.888412017167382050963908568519
0.890557939914163099182076166471
0.892703862660944147400243764423
0.894849785407725417663016287406
0.896995708154506465881183885358
0.899141630901287625121653945826
0.901287553648068673339821543777
0.903433476394849943602594066761
0.905579399141630991820761664712
0.907725321888412040038929262664
0.909871244635193088257096860616
0.912017167381974358519869383599
0.914163090128755406738036981551
0.916309012875536454956204579503
0.918454935622317725218977102486
0.920600858369098773437144700438
0.922746781115879932677614760905
0.924892703862660980895782358857
0.927038626609442251158554881840
0.929184549356223299376722479792
0.931330472103004347594890077744
0.933476394849785395813057675696
0.935622317596566666075830198679
0.937768240343347714293997796631
0.939914163090128762512165394583
0.942060085836909921752635455050
0.944206008583691080993105515518
0.946351931330472240233575575985
0.948497854077253288451743173937
0.950643776824034336669910771889
0.952789699570815606932683294872
0.954935622317596655150850892824
0.957081545064377703369018490775
0.959227467811158751587186088727
0.961373390557940021849958611710
0.963519313304721070068126209662
0.965665236051502229308596270130
0.967811158798283277526763868082
0.969957081545064547789536391065
0.972103004291845596007703989017
0.974248927038626644225871586968
0.976394849785407692444039184920
0.978540772532188962706811707903
0.980686695278970010924979305855
0.982832618025751059143146903807
0.984978540772532218383616964275
0.987124463519313377624087024742
0.989270386266094536864557085210
0.991416309012875585082724683161
0.993562231759656633300892281113
0.995708154506437903563664804096
0.997854077253218951781832402048
0.000136102579100479869006826150
0.000316796987677807697931370301
0.000497701658658288525159674176
0.000678539482307387309401036646
0.000859259146062590429063221542
0.001039824667442755751559091415
0.001220202494242831215559563773
0.001400359680306395527768503761
0.001580263495536236330318846655
0.001759881320365583702927669840
0.001939180614012182011021701022
0.002118128905813944622832378784
0.002296693794863036326703298329
0.002474842952959715580013577707
0.002652544129012337874307103647
0.002829765154108580642311476794
0.003006473946913419161008906855
0.003182638519231741156684245553
0.003358226981651587887689469625
0.003533207549226419132842869075
0.003707548547171222574209137335
0.003881218416558670884775050780
0.004054185720007150335597589930
0.004226419147354372116143217397
0.004397887521313692364699488024
0.004568559803109283751210156765
0.004738405098089011960316163652
0.004907392661312489148817128637
0.005075491903113566252714328186
0.005242672394635048901956331235
0.005408903873335582299097801240
0.005574156248465723072216260192
0.005738399606514517359290294962
0.005901604216623063635382973047
0.006063740535966214741103730290
0.006224779215099480490780425868
0.006384691103271568878019248672
0.006543447253700876257986873696
0.006701018928815092971784661557
0.006857377605452973784450065864
0.007012494980027522868681888468
0.007166342973649146574910417939
0.007318893737208106119174200188
0.007470119656416232024886969754
0.007619993356804757866918009768
0.007768487708680220545087724560
0.007915575832034619369048655813
0.008061231101411752558716372619
0.008205427150726526258628368282
0.008348137878037719186719023412
0.008489337450272726667832579039
0.008629000307904007363579701462
0.008767101169575528332722491598
0.008903615036679263933239170115
0.009038517197880341705329421131
0.009171783233590240225208134461
0.009303389020386878399682117902
0.009433310735381566711210687970
0.009561524860531678965402946346
0.009688008186897042670060464786
0.009812737818841853892903870360
0.009935691178178730417758224291
0.010056846008255949237453208411
0.010176180377986357439290543425
0.010293672685816939935121716587
0.010409301663639430879371161609
0.010523046380639921801303238169
0.010634886247088005950534039812
0.010744801018063394534851617834
0.010852770797121127216433578155
0.010958776039892731413161186538
0.011062797557624313993240861009
0.011164816520650119521795851085
0.011264814461800644329603215965
0.011362773279746047130900343802
0.011458675242272417169053788655
0.011552502989491470614114021487
0.011644239536983611027487484080
0.011733868278871672011232085708
0.011821372990827401158742127052
0.011906737833007982607647079476
0.011989947352923574844241194626
0.012070986488234316386103373020
0.012149840569477017918065264723
0.012226495322720257186155379259
0.012300936872148652070912966394
0.012373151742574212824665735866
0.012443126861876032882014975200
0.012510849563365905243172981898
0.012576307588082024160880401098
0.012639489087007245438076807886
0.012700382623214627117458341843
0.012758977173937358778887940502
0.012815262132564043950910814829
0.012869227310558980018062591455
0.012920862939305992334038108993
0.012970159671877343893209300063
0.013017108584724957145994927998
0.013061701179296301977839078745
0.013103929383572529912549420317
0.013143785553529763535096641647
0.013181262474522536728982480270
0.013216353362590124720377104950
0.013249051865684313700199936648
0.013279352064819373302473337617
0.013307248475143347229976420465
0.013332736046930974277424652996
0.013355810166497941379737390832
0.013376466657035583976420589636
0.013394701779367511676466229176
0.013410512232626055004192089370
0.013423895154850122232725873062
0.013434848123502750663615934457
0.013443369155910324733160798871
0.013449456709620728755982810299
0.013453109682683145678638858556
0.013454327413847387215350970280
0.013453109682683145678638858556
0.013449456709620728755982810299
0.013443369155910324733160798871
0.013434848123502750663615934457
0.013423895154850122232725873062
0.013410512232626055004192089370
0.013394701779367511676466229176
0.013376466657035583976420589636
0.013355810166497941379737390832
0.013332736046930974277424652996
0.013307248475143347229976420465
0.013279352064819373302473337617
0.013249051865684313700199936648
0.013216353362590124720377104950
0.013181262474522536728982480270
0.013143785553529763535096641647
0.013103929383572529912549420317
0.013061701179296301977839078745
0.013017108584724957145994927998
0.012970159671877343893209300063
0.012920862939305992334038108993
0.012869227310558980018062591455
0.012815262132564043950910814829
0.012758977173937358778887940502
0.012700382623214627117458341843
0.012639489087007245438076807886
0.012576307588082024160880401098
0.012510849563365905243172981898
0.012443126861876032882014975200
0.012373151742574212824665735866
0.012300936872148652070912966394
0.012226495322720257186155379259
0.012149840569477017918065264723
0.012070986488234316386103373020
0.011989947352923574844241194626
0.011906737833007982607647079476
0.011821372990827401158742127052
0.011733868278871672011232085708
0.011644239536983611027487484080
0.011552502989491470614114021487
0.011458675242272417169053788655
0.011362773279746047130900343802
0.011264814461800644329603215965
0.011164816520650119521795851085
0.011062797557624313993240861009
0.010958776039892731413161186538
0.010852770797121127216433578155
0.010744801018063394534851617834
0.010634886247088005950534039812
0.010523046380639921801303238169
0.010409301663639430879371161609
0.010293672685816939935121716587
0.010176180377986357439290543425
0.010056846008255949237453208411
0.009935691178178730417758224291
0.009812737818841853892903870360
0.009688008186897042670060464786
0.009561524860531678965402946346
0.009433310735381566711210687970
0.009303389020386878399682117902
0.009171783233590240225208134461
0.009038517197880341705329421131
0.008903615036679263933239170115
0.008767101169575528332722491598
0.008629000307904007363579701462
0.008489337450272726667832579039
0.008348137878037719186719023412
0.008205427150726526258628368282
0.008061231101411752558716372619
0.007915575832034619369048655813
0.007768487708680220545087724560
0.007619993356804757866918009768
0.007470119656416232024886969754
0.007318893737208106119174200188
0.007166342973649146574910417939
0.007012494980027522868681888468
0.006857377605452973784450065864
0.006701018928815092971784661557
0.006543447253700876257986873696
0.006384691103271568878019248672
0.006224779215099480490780425868
0.006063740535966214741103730290
0.005901604216623063635382973047
0.005738399606514517359290294962
0.005574156248465723072216260192
0.005408903873335582299097801240
0.005242672394635048901956331235
0.005075491903113566252714328186
0.004907392661312489148817128637
0.004738405098089011960316163652
0.004568559803109283751210156765
0.004397887521313692364699488024
0.004226419147354372116143217397
0.004054185720007150335597589930
0.003881218416558670884775050780
0.003707548547171222574209137335
0.003533207549226419132842869075
0.003358226981651587887689469625
0.003182638519231741156684245553
0.003006473946913419161008906855
0.002829765154108580642311476794
0.002652544129012337874307103647
0.002474842952959715580013577707
0.002296693794863036326703298329
0.002118128905813944622832378784
0.001939180614012182011021701022
0.001759881320365583702927669840
0.001580263495536236330318846655
0.001400359680306395527768503761
0.001220202494242831215559563773
0.001039824667442755751559091415
0.000859259146062590429063221542
0.000678539482307387309401036646
0.000497701658658288525159674176
0.000316796987677807697931370301
0.000136102579100479869006826150
