0.015008444801922251818360187769
0.034450637744058425215865071323
0.054007633814107745828803075483
0.073590550080534139487653533251
0.093183276075239102054226236760
0.112780723329000340249272937854
0.132380780005165288315538418829
0.151982408532032570169789664760
0.171585034612932757491776669667
0.191188308890321650990173907303
0.210792000074068702764051863596
0.230395941288174255223708541962
0.250000000000000000000000000000
0.269604058711825744776291458038
0.289207999925931324991523752033
0.308811691109678376765401708326
0.328414965387067270263798945962
0.348017591467967457585785950869
0.367619219994834711684461581171
0.387219276670999701384090485590
0.406816723924760925701349378869
0.426409449919465888267922082377
0.445992366185892274987878636239
0.465549362255941567845241024770
0.484991555198077739508022432346
0.000000000000000000000000000000
0.020000000000000003885780586188
0.040000000000000007771561172376
0.060000000000000004718447854657
0.080000000000000015543122344752
0.100000000000000019428902930940
0.120000000000000009436895709314
0.140000000000000013322676295502
0.160000000000000031086244689504
0.180000000000000021094237467878
0.200000000000000038857805861880
0.220000000000000028865798640254
0.240000000000000018873791418628
0.260000000000000008881784197001
0.280000000000000026645352591004
0.300000000000000044408920985006
0.320000000000000062172489379009
0.340000000000000024424906541753
0.360000000000000042188474935756
0.380000000000000059952043329758
0.400000000000000077715611723761
0.420000000000000039968028886506
0.440000000000000057731597280508
0.460000000000000019984014443253
0.480000000000000037747582837255
0.500000000000000111022302462516
0.520000000000000017763568394003
0.540000000000000146549439250521
0.560000000000000053290705182008
0.580000000000000071054273576010
0.600000000000000088817841970013
0.620000000000000106581410364015
0.640000000000000124344978758018
0.660000000000000031086244689504
0.680000000000000048849813083507
0.700000000000000066613381477509
0.720000000000000084376949871512
0.739999999999999991118215802999
0.760000000000000119904086659517
0.780000000000000137667655053519
0.800000000000000155431223447522
0.820000000000000062172489379009
0.840000000000000079936057773011
0.860000000000000097699626167014
0.880000000000000115463194561016
0.900000000000000022204460492503
0.920000000000000039968028886506
0.940000000000000057731597280508
0.960000000000000075495165674511
0.980000000000000204281036531029
0.011393798501026173794481444190
0.026354986615031886915128112037
0.040939156701306038399490461188
0.054904695975835068888493140093
0.068038333812356688312661390228
0.080140700335000966680887302118
0.091028261982963695753134913957
0.100535949067050614513796347183
0.108519624474263623459258099047
0.114858259145711613657958594104
0.119455763535784839635134346736
0.122242442990310090644712204266
0.123176053726715459268881147636
0.122242442990310090644712204266
0.119455763535784839635134346736
0.114858259145711613657958594104
0.108519624474263623459258099047
0.100535949067050614513796347183
0.091028261982963695753134913957
0.080140700335000966680887302118
0.068038333812356688312661390228
0.054904695975835068888493140093
0.040939156701306038399490461188
0.026354986615031886915128112037
0.011393798501026173794481444190
