0.001584843069739512617932764016
0.003637876148374442897281966225
0.005703033496771285279502983201
0.007770930234607408698677133430
0.009839866087273278077995897206
0.011909304769835918000331353994
0.013979024462275255885623792551
0.016048916976346309232193121375
0.018118923303742255626058721418
0.020189008538828105004947488510
0.022259150718563221194035151029
0.024329335335174707977135000192
0.026399552421397992629792383923
0.028469794903611584518943189437
0.030540057623087278615425788075
0.032610336729239040864936072239
0.034680629289777234469660527338
0.036750933032411392531457750010
0.038821246169077401610980615487
0.040891567273490192491181005607
0.042961895194058949409843251033
0.045032228990797930345824084952
0.047102567888859171729709629517
0.049172911243793963886883346959
0.051243258515228040650413277035
0.053313609246666116003865454331
0.055383963049822938773392166922
0.057454319592339507527523068120
0.059524678588062020223592440971
0.061595039789279805442223647560
0.063665402980477070471465594892
0.065735767973264511154773970247
0.067806134602239456765637726221
0.069876502721581884580714927324
0.071946872202236764048954853479
0.074017242929570542520067988335
0.076087614801409186870984058260
0.078157987726388100657715085617
0.080228361622557656240850576523
0.082298736416198906007402058549
0.084369112040813890041057732105
0.086439488436260633608121395355
0.088509865548009603042345361246
0.090580243326502621337148468683
0.092650621726596896210459419763
0.094721000707082281255821953891
0.096791380230260723460666838491
0.098861760261578376929314515564
0.100932140769302597371748220212
0.103002521724238488287639370355
0.105072903099478365263053092349
0.107143284870180877099699046084
0.109213667013374635117450850430
0.111284049507784213450811705570
0.113354432333674620680952216389
0.115424815472713410136051948029
0.117495198907846445934843870873
0.119565582623187061095393346477
0.121635966603916415018638019774
0.123706350836193856856937145494
0.125776735307075893111061759555
0.127847120004443565166596386007
0.129917504916936349390610416776
0.131987890033891996921511235996
0.134058275345292715607925515542
0.136128660841715626306225317421
0.138199046514287882114757621821
0.140269432354645590121933196315
0.142339818354896563423750421862
0.144410204507586154010212453613
0.146480590805665888964881560241
0.148550977242464687932965716755
0.150621363811662661857937450804
0.152691750507266771341718936128
0.154762137323588649939765105046
0.156832524255224009523956851808
0.158902911297033655468879942418
0.160973298444126000639187168417
0.163043685691840967155741282113
0.165114073035734776340177631937
0.167184460471566403994003735534
0.169254847995284174455576930995
0.171325235603014353058526353379
0.173395623291049655323448064337
0.175466011055838977394927269415
0.177536398893977681590072847939
0.179606786802198575836442273612
0.181677174777363642510508157102
0.183747562816455989320729713654
0.185817950916572466324439005803
0.187888339074916838056239498655
0.189958727288793288723312002730
0.192029115555600315978779235593
0.194099503872824930006402155414
0.196169892238037379961212991475
0.198240280648885880410148274677
0.200310669103092114928799105655
0.202381057598446351120102804089
0.204451446132803277278000564365
0.206521834704078088851275651905
0.208592223310242352862786674450
0.210662611949320482951364397195
0.212733000619386186658132942284
0.214803389318559190268587144601
0.216873778045001963654669907555
0.218944166796916722672605715161
0.221014555572542542583036606629
0.223084944370152332693280072817
0.225155333188050477133401727770
0.227225722024569920520775667683
0.229296110878069808736157142448
0.231366499746932990921877149049
0.233436888629563632502339487473
0.235507277524384939226820279146
0.237577666429836908967843100982
0.239648055344374139030705350706
0.241718444266463605707428996539
0.243788833194582638119740636284
0.245859222127216586750719784504
0.247929611062857158110261934780
0.250000000000000000000000000000
0.252070388937142897400889296478
0.254140777872783441004855831125
0.256211166805417445146986210602
0.258281555733536394292571003461
0.260351944655625888724870264923
0.262422333570163091032156899018
0.264492722475615060773179720854
0.266563111370436423008811743784
0.268633500253067036833698466580
0.270703889121930219019418473181
0.272774277975430134990375563575
0.274844666811949522866598272230
0.276915055629847695062295542812
0.278985444427457485172539009000
0.281055833203083305082969900468
0.283126221954998091856481323703
0.285196610681440865242564086657
0.287266999380613841097442673345
0.289337388050679544804211218434
0.291407776689757702648364556808
0.293478165295921966659875579353
0.295548553867196694966423820006
0.297618942401553676635472811540
0.299689330896907912826776509974
0.301759719351114119589851725323
0.303830107761962675549938239783
0.305900496127175069993597844586
0.307970884444399739532371995665
0.310041272711206739032263612899
0.312111660925083189699336116973
0.314182049083427561431136609826
0.316252437183544010679270286346
0.318322825222636385245067458527
0.320393213197801451919133342017
0.322463601106022346165502767690
0.324533988944161078116223961842
0.326604376708950372432127551292
0.328674764396985674697049262249
0.330745152004715881055574300262
0.332815539528433679272723111353
0.334885926964265223659822368063
0.336956314308159032844258717887
0.339026701555873999360812831583
0.341097088702966400042271288839
0.343167475744776018231618763821
0.345237862676411433326961741841
0.347308249492733256413856679501
0.349378636188337365897638164824
0.351449022757535367578185514503
0.353519409194334111035118439759
0.355589795492413873745363162016
0.357660181645103436576249578138
0.359730567645354493144793650572
0.361800953485712173396393609437
0.363871339158284401449350298208
0.365941724654707312147650100087
0.368012109966108003078488764004
0.370082495083063678364965198853
0.372152879995556462588979229622
0.374223264692924162400089471703
0.376293649163806143143062854506
0.378364033396083598859149788041
0.380434417376812938904606653523
0.382504801092153567942943936941
0.384575184527286617619523667599
0.386645567666325407074623399239
0.388715950492215800426976102244
0.390786332986625351004761341756
0.392856715129819178411452185173
0.394927096900521634736946907651
0.396997478275761594979087476531
0.399067859230697430383827395417
0.401138239738421664704048907879
0.403208619769739318172696584952
0.405278999292917718744178046109
0.407349378273403117667328388052
0.409419756673497392540639339131
0.411490134451990396957654638754
0.413560511563739408025242028089
0.415630887959186123836730075709
0.417701263583801107870385749266
0.419771638377442357636937231291
0.421842012273611954853436145640
0.423912385198590868640167172998
0.425982757070429485235507627294
0.428053127797763277584408569965
0.430123497278418143174860688305
0.432193865397760612623301312851
0.434264232026735530478589453196
0.436334597019522929528534405108
0.438404960210720229252245871976
0.440475321411938014470877078566
0.442545680407660568800309874860
0.444616036950177095921077352614
0.446686390753333883996134545669
0.448756741484771959349586722965
0.450827088756206029174222749134
0.452897432111140862964759890019
0.454967771009202104348645434584
0.457038104805941036712368941153
0.459108432726509807508818994393
0.461178753830922660839064519678
0.463249066967588662979693481248
0.465319370710222834919278511734
0.467389663270760979951745639482
0.469459942376912742201255923646
0.471530205096388432828291570331
0.473600447578602035125783231706
0.475670664664825271206183288086
0.477740849281436785744858752878
0.479810991461171953975650694701
0.481881076696257792946198605932
0.483951083023653749748405061837
0.486020975537724775339398775031
0.488090695230164128837202497380
0.490160133912726725391451054747
0.492229069765392601709663722431
0.494296966503228740741349156451
0.496362123851625591797187553311
0.498415156930260505596663733741
0.000000000000000000000000000000
0.002074688796680497927110709000
0.004149377593360995854221418000
0.006224066390041493347651258006
0.008298755186721991708442836000
0.010373443983402490936596151982
0.012448132780082986695302516011
0.014522821576763487658179307971
0.016597510373443983416885672000
0.018672199170124480910315512006
0.020746887966804981873192303965
0.022821576763485475897175192017
0.024896265560165973390605032023
0.026970954356846470884034872029
0.029045643153526975316358615942
0.031120331950207469340341503994
0.033195020746887966833771344000
0.035269709543568464327201184005
0.037344398340248961820631024011
0.039419087136929466252954767924
0.041493775933609963746384607930
0.043568464730290454300920544028
0.045643153526970951794350384034
0.047717842323651449287780224040
0.049792531120331946781210064046
0.051867219917012451213533807959
0.053941908713692941768069744057
0.056016597510373453139287391878
0.058091286307053950632717231883
0.060165975103734441187253167982
0.062240663900414938680683007988
0.064315352697095443113006751901
0.066390041493775933667542687999
0.068464730290456438099866431912
0.070539419087136928654402368011
0.072614107883817419208938304109
0.074688796680497923641262048022
0.076763485477178414195797984121
0.078838174273858932505909535848
0.080912863070539423060445471947
0.082987551867219927492769215860
0.085062240663900418047305151958
0.087136929460580908601841088057
0.089211618257261413034164831970
0.091286307053941903588700768069
0.093360995850622408021024511982
0.095435684647302898575560448080
0.097510373443983403007884191993
0.099585062240663893562420128092
0.101659751037344397994743872005
0.103734439834024902427067615918
0.105809128630705392981603552016
0.107883817427385883536139488115
0.109958506224066374090675424213
0.112033195020746906278574783755
0.114107883817427396833110719854
0.116182572614107901265434463767
0.118257261410788391819970399865
0.120331950207468882374506335964
0.122406639004149386806830079877
0.124481327800829877361366015975
0.126556016597510367915901952074
0.128630705394190886226013503801
0.130705394190871376780549439900
0.132780082987551867335085375998
0.134854771784232357889621312097
0.136929460580912876199732863824
0.139004149377593366754268799923
0.141078838174273857308804736022
0.143153526970954347863340672120
0.145228215767634838417876608219
0.147302904564315356727988159946
0.149377593360995847282524096045
0.151452282157676337837060032143
0.153526970954356828391595968242
0.155601659751037346701707519969
0.157676348547717865011819071697
0.159751037344398355566355007795
0.161825726141078846120890943894
0.163900414937759336675426879992
0.165975103734439854985538431720
0.168049792531120345540074367818
0.170124481327800836094610303917
0.172199170124481326649146240015
0.174273858921161817203682176114
0.176348547717842335513793727841
0.178423236514522826068329663940
0.180497925311203316622865600038
0.182572614107883807177401536137
0.184647302904564325487513087864
0.186721991701244816042049023963
0.188796680497925306596584960062
0.190871369294605797151120896160
0.192946058091286315461232447888
0.195020746887966806015768383986
0.197095435684647296570304320085
0.199170124481327787124840256183
0.201244813278008305434951807911
0.203319502074688795989487744009
0.205394190871369314299599295737
0.207468879668049804854135231835
0.209543568464730267653095552305
0.211618257261410785963207104032
0.213692946058091276517743040131
0.215767634854771767072278976229
0.217842323651452257626814912328
0.219917012448132748181350848427
0.221991701244813294247038015783
0.224066390041493812557149567510
0.226141078838174303111685503609
0.228215767634854793666221439707
0.230290456431535284220757375806
0.232365145228215802530868927533
0.234439834024896293085404863632
0.236514522821576783639940799731
0.238589211618257274194476735829
0.240663900414937764749012671928
0.242738589211618283059124223655
0.244813278008298773613660159754
0.246887966804979264168196095852
0.248962655601659754722732031951
0.251037344398340245277267968049
0.253112033195020735831803904148
0.255186721991701281897491071504
0.257261410788381772452027007603
0.259336099585062263006562943701
0.261410788381742753561098879800
0.263485477178423244115634815898
0.265560165975103734670170751997
0.267634854771784225224706688095
0.269709543568464715779242624194
0.271784232365145206333778560293
0.273858921161825752399465727649
0.275933609958506242954001663747
0.278008298755186733508537599846
0.280082987551867224063073535945
0.282157676348547714617609472043
0.284232365145228205172145408142
0.286307053941908695726681344240
0.288381742738589186281217280339
0.290456431535269676835753216437
0.292531120331950222901440383794
0.294605809128630713455976319892
0.296680497925311204010512255991
0.298755186721991694565048192089
0.300829875518672185119584128188
0.302904564315352675674120064286
0.304979253112033166228656000385
0.307053941908713656783191936483
0.309128630705394147337727872582
0.311203319502074693403415039938
0.313278008298755239469102207295
0.315352697095435730023638143393
0.317427385892116220578174079492
0.319502074688796711132710015590
0.321576763485477201687245951689
0.323651452282157692241781887788
0.325726141078838182796317823886
0.327800829875518673350853759985
0.329875518672199163905389696083
0.331950207468879709971076863440
0.334024896265560200525612799538
0.336099585062240691080148735637
0.338174273858921181634684671735
0.340248962655601672189220607834
0.342323651452282162743756543932
0.344398340248962653298292480031
0.346473029045643143852828416129
0.348547717842323634407364352228
0.350622406639004180473051519584
0.352697095435684671027587455683
0.354771784232365161582123391781
0.356846473029045652136659327880
0.358921161825726142691195263978
0.360995850622406633245731200077
0.363070539419087123800267136176
0.365145228215767614354803072274
0.367219917012448104909339008373
0.369294605809128650975026175729
0.371369294605809141529562111828
0.373443983402489632084098047926
0.375518672199170122638633984025
0.377593360995850613193169920123
0.379668049792531103747705856222
0.381742738589211594302241792320
0.383817427385892084856777728419
0.385892116182572630922464895775
0.387966804979253121477000831874
0.390041493775933612031536767972
0.392116182572614102586072704071
0.394190871369294593140608640169
0.396265560165975083695144576268
0.398340248962655574249680512366
0.400414937759336120315367679723
0.402489626556016610869903615821
0.404564315352697101424439551920
0.406639004149377591978975488018
0.408713692946058138044662655375
0.410788381742738628599198591473
0.412863070539419119153734527572
0.414937759336099609708270463670
0.417012448132780100262806399769
0.419087136929460535306191104610
0.421161825726141081371878271966
0.423236514522821571926414208065
0.425311203319502117992101375421
0.427385892116182553035486080262
0.429460580912863099101173247618
0.431535269709543534144557952459
0.433609958506224080210245119815
0.435684647302904515253629824656
0.437759336099585061319316992012
0.439834024896265496362701696853
0.441908713692946042428388864209
0.443983402489626588494076031566
0.446058091286307079048611967664
0.448132780082987625114299135021
0.450207468879668060157683839861
0.452282157676348606223371007218
0.454356846473029041266755712059
0.456431535269709587332442879415
0.458506224066390022375827584256
0.460580912863070568441514751612
0.462655601659751058996050687711
0.464730290456431605061737855067
0.466804979253112040105122559908
0.468879668049792586170809727264
0.470954356846473021214194432105
0.473029045643153567279881599461
0.475103734439834002323266304302
0.477178423236514548388953471658
0.479253112033194983432338176499
0.481327800829875529498025343855
0.483402489626556020052561279954
0.485477178423236566118248447310
0.487551867219917001161633152151
0.489626556016597547227320319507
0.491701244813277982270705024348
0.493775933609958528336392191704
0.495850622406638963379776896545
0.497925311203319509445464063901
0.500000000000000000000000000000
0.502074688796680490554535936099
0.504149377593360981109071872197
0.506224066390041471663607808296
0.508298755186721962218143744394
0.510373443983402563794982143008
0.512448132780082943327215616591
0.514522821576763544904054015205
0.516597510373443924436287488788
0.518672199170124526013125887403
0.520746887966804905545359360985
0.522821576763485507122197759600
0.524896265560165886654431233183
0.526970954356846488231269631797
0.529045643153526978785805567895
0.531120331950207469340341503994
0.533195020746888070917179902608
0.535269709543568450449413376191
0.537344398340249052026251774805
0.539419087136929431558485248388
0.541493775933610033135323647002
0.543568464730290412667557120585
0.545643153526971014244395519199
0.547717842323651504798931455298
0.549792531120331995353467391396
0.551867219917012485908003327495
0.553941908713692976462539263593
0.556016597510373467017075199692
0.558091286307053957571611135791
0.560165975103734448126147071889
0.562240663900414938680683007988
0.564315352697095429235218944086
0.566390041493775919789754880185
0.568464730290456410344290816283
0.570539419087137011921129214898
0.572614107883817391453362688480
0.574688796680497993030201087095
0.576763485477178372562434560678
0.578838174273858974139272959292
0.580912863070539353671506432875
0.582987551867219955248344831489
0.585062240663900445802880767587
0.587136929460580936357416703686
0.589211618257261426911952639784
0.591286307053941917466488575883
0.593360995850622408021024511982
0.595435684647302898575560448080
0.597510373443983389130096384179
0.599585062240663879684632320277
0.601659751037344370239168256376
0.603734439834024860793704192474
0.605809128630705351348240128573
0.607883817427385952925078527187
0.609958506224066332457312000770
0.612033195020746934034150399384
0.614107883817427313566383872967
0.616182572614107915143222271581
0.618257261410788294675455745164
0.620331950207468896252294143778
0.622406639004149386806830079877
0.624481327800829877361366015975
0.626556016597510478938204414590
0.628630705394190858470437888172
0.630705394190871460047276286787
0.632780082987551839579509760370
0.634854771784232441156348158984
0.636929460580912820688581632567
0.639004149377593422265420031181
0.641078838174273912819955967279
0.643153526970954403374491903378
0.645228215767634893929027839476
0.647302904564315384483563775575
0.649377593360995875038099711674
0.651452282157676365592635647772
0.653526970954356856147171583871
0.655601659751037346701707519969
0.657676348547717837256243456068
0.659751037344398327810779392166
0.661825726141078818365315328265
0.663900414937759419942153726879
0.665975103734439799474387200462
0.668049792531120401051225599076
0.670124481327800780583459072659
0.672199170124481382160297471273
0.674273858921161761692530944856
0.676348547717842363269369343470
0.678423236514522853823905279569
0.680497925311203344378441215667
0.682572614107883834932977151766
0.684647302904564325487513087864
0.686721991701244816042049023963
0.688796680497925306596584960062
0.690871369294605797151120896160
0.692946058091286287705656832259
0.695020746887966778260192768357
0.697095435684647268814728704456
0.699170124481327759369264640554
0.701244813278008360946103039169
0.703319502074688740478336512751
0.705394190871369342055174911366
0.707468879668049721587408384949
0.709543568464730323164246783563
0.711618257261410813718782719661
0.713692946058091304273318655760
0.715767634854771794827854591858
0.717842323651452285382390527957
0.719917012448132886959228926571
0.721991701244813266491462400154
0.724066390041493868068300798768
0.726141078838174247600534272351
0.728215767634854849177372670965
0.730290456431535228709606144548
0.732365145228215830286444543162
0.734439834024896209818678016745
0.736514522821576811395516415359
0.738589211618257301950052351458
0.740663900414937792504588287557
0.742738589211618283059124223655
0.744813278008298773613660159754
0.746887966804979264168196095852
0.748962655601659754722732031951
0.751037344398340245277267968049
0.753112033195020735831803904148
0.755186721991701226386339840246
0.757261410788381827963178238861
0.759336099585062207495411712443
0.761410788381742809072250111058
0.763485477178423188604483584641
0.765560165975103790181321983255
0.767634854771784169713555456838
0.769709543568464771290393855452
0.771784232365145261844929791550
0.773858921161825752399465727649
0.775933609958506242954001663747
0.778008298755186733508537599846
0.780082987551867224063073535945
0.782157676348547714617609472043
0.784232365145228205172145408142
0.786307053941908695726681344240
0.788381742738589186281217280339
0.790456431535269676835753216437
0.792531120331950167390289152536
0.794605809128630768967127551150
0.796680497925311148499361024733
0.798755186721991750076199423347
0.800829875518672240630735359446
0.802904564315352731185271295544
0.804979253112033221739807231643
0.807053941908713712294343167741
0.809128630705394202848879103840
0.811203319502074693403415039938
0.813278008298755183957950976037
0.815352697095435674512486912136
0.817427385892116276089325310750
0.819502074688796655621558784333
0.821576763485477257198397182947
0.823651452282157636730630656530
0.825726141078838238307469055144
0.827800829875518617839702528727
0.829875518672199219416540927341
0.831950207468879709971076863440
0.834024896265560200525612799538
0.836099585062240691080148735637
0.838174273858921070612382209220
0.840248962655601783211523070349
0.842323651452282162743756543932
0.844398340248962653298292480031
0.846473029045643143852828416129
0.848547717842323745429666814744
0.850622406639004235984202750842
0.852697095435684615516436224425
0.854771784232365106070972160524
0.856846473029045707647810559138
0.858921161825726198202346495236
0.860995850622406577734579968819
0.863070539419087068289115904918
0.865145228215767669865954303532
0.867219917012448160420490239630
0.869294605809128650975026175729
0.871369294605809030507259649312
0.873443983402489743106400510442
0.875518672199170122638633984025
0.877593360995850613193169920123
0.879668049792530992725403393706
0.881742738589211705324544254836
0.883817427385892084856777728419
0.885892116182572575411313664517
0.887966804979253176988152063132
0.890041493775933667542687999230
0.892116182572614158097223935329
0.894190871369294537629457408912
0.896265560165975250228598270041
0.898340248962655629760831743624
0.900414937759336120315367679723
0.902489626556016610869903615821
0.904564315352697212446742014436
0.906639004149377591978975488018
0.908713692946058082533511424117
0.910788381742738573088047360216
0.912863070539419174664885758830
0.914937759336099665219421694928
0.917012448132780044751655168511
0.919087136929460535306191104610
0.921161825726141136883029503224
0.923236514522821627437565439322
0.925311203319502117992101375421
0.927385892116182497524334849004
0.929460580912863210123475710134
0.931535269709543589655709183717
0.933609958506224080210245119815
0.935684647302904459742478593398
0.937759336099585172341619454528
0.939834024896265551873852928111
0.941908713692946042428388864209
0.943983402489626532982924800308
0.946058091286307134559763198922
0.948132780082987625114299135021
0.950207468879668004646532608604
0.952282157676348495201068544702
0.954356846473029096777906943316
0.956431535269709587332442879415
0.958506224066389966864676352998
0.960580912863070457419212289096
0.962655601659751058996050687711
0.964730290456431549550586623809
0.966804979253112040105122559908
0.968879668049792419637356033491
0.970954356846473132236496894620
0.973029045643153511768730368203
0.975103734439834002323266304302
0.977178423236514603900104702916
0.979253112033195094454640639015
0.981327800829875585009176575113
0.983402489626555964541410048696
0.985477178423236566118248447310
0.987551867219917056672784383409
0.989626556016597547227320319507
0.991701244813277926759553793090
0.993775933609958639358694654220
0.995850622406639018890928127803
0.997925311203319509445464063901
0.000127234942577642722895403526
0.000296157831902434272568908069
0.000465280775989454162006736526
0.000634346714334447971811448141
0.000803309669784493698800609263
0.000972137993809363450126159734
0.001140802306491203298860481752
0.001309273790460079890662914437
0.001477523825618737990383877445
0.001645523889795387408735427570
0.001813245528373664487015171076
0.001980660345501549651769934712
0.002147740003059689199715887042
0.002314456222735856993910630308
0.002480780789452528226762817454
0.002646685555424742406632754310
0.002812142444526542425786708179
0.002977123456812527397402634577
0.003141600673119181088427387394
0.003305546259704796215050937036
0.003468932472905833942072861831
0.003631731663796793595222478501
0.003793916282845907327753165461
0.003955458884561190158191124056
0.004116332132124414164286996254
0.004276508802008822246465413741
0.004435961788581029886791018413
0.004594664108683853623316117876
0.004752588906199539317554147999
0.004909709456592118229090182524
0.005065999171428613341572333439
0.005221431602877038558041533634
0.005375980448180875913288812029
0.005529619554109529468155503906
0.005682322921383580610621422124
0.005834064709073914084536127689
0.005984819238974263717889545688
0.006134560999946294009010916426
0.006283264652236629499437725599
0.006430905031764389510884338819
0.006577457154379628967433291109
0.006722896220091164817822537714
0.006867197617263125393460843071
0.007010336926779576517676506597
0.007152289926177004923679714210
0.007293032593743106403727516351
0.007432541112581854403362768835
0.007570791874643593988292167296
0.007707761484720384095870038266
0.007843426764404805642816320699
0.007977764756012225080827882095
0.008110752726465686804346866268
0.008242368171143198488093339904
0.008372588817685485546027379655
0.008501392629765439426514639365
0.008628757810816829396105553940
0.008754662807723119152814028610
0.008879086314464506093924178742
0.009002007275723254361987635264
0.009123404890447092685512586741
0.009243258615368885044993874089
0.009361548168483373871806563216
0.009478253532478882886769255833
0.009593354958125244191791125559
0.009706832967615234772362775573
0.009818668357861373360839785107
0.009928842203744802502596300542
0.010037335861318316676538131560
0.010144130970961270921115726651
0.010249209460486187819872050397
0.010352553548197362953686706533
0.010454145745899680319812574680
0.010553968861858080072191334864
0.010652006003706906631101070104
0.010748240581308177860053731933
0.010842656309559437974310291963
0.010935237211149228739315297787
0.011025967619260987340190638406
0.011114832180224158350578811394
0.011201815856112497249430504098
0.011286903927288568019737802217
0.011370081994895062799111329355
0.011451335983290990283567367669
0.011530652142433855250613916610
0.011608017050206505607623519438
0.011683417614688221958241243215
0.011756841076370426121822099219
0.011828275010315750931377820621
0.011897707328260618761528455423
0.011965126280660933269506251975
0.012030520458680273726548293212
0.012093878796120761942578525350
0.012155190571295285129060914642
0.012214445408842217882794400907
0.012271633281481141020119451923
0.012326744511709434096169424322
0.012379769773440331415148563110
0.012430700093580668644244191512
0.012479526853549674850207829024
0.012526241790737318096415897628
0.012570836999902343378288094300
0.012613304934510505966871463102
0.012653638408011090230043116378
0.012691830595053249161607844542
0.012727875032641175825909307662
0.012761765621227473543886077323
0.012793496625745618203162656812
0.012823062676580331345488339423
0.012850458770476233527624287944
0.012875680271384453562388827663
0.012898722911247427827530209754
0.012919582790720815848595215414
0.012938256379833508805110575679
0.012954740518585090847114571488
0.012969032417480394134279286789
0.012981129658001555257640369234
0.012991030193017430796609268384
0.012998732347130037209637087869
0.013004234816957775666690366734
0.013007536671356243265784691232
0.013008637351575921131674462572
0.013007536671356243265784691232
0.013004234816957775666690366734
0.012998732347130037209637087869
0.012991030193017430796609268384
0.012981129658001555257640369234
0.012969032417480394134279286789
0.012954740518585090847114571488
0.012938256379833508805110575679
0.012919582790720815848595215414
0.012898722911247427827530209754
0.012875680271384453562388827663
0.012850458770476233527624287944
0.012823062676580331345488339423
0.012793496625745618203162656812
0.012761765621227473543886077323
0.012727875032641175825909307662
0.012691830595053249161607844542
0.012653638408011090230043116378
0.012613304934510505966871463102
0.012570836999902343378288094300
0.012526241790737318096415897628
0.012479526853549674850207829024
0.012430700093580668644244191512
0.012379769773440331415148563110
0.012326744511709434096169424322
0.012271633281481141020119451923
0.012214445408842217882794400907
0.012155190571295285129060914642
0.012093878796120761942578525350
0.012030520458680273726548293212
0.011965126280660933269506251975
0.011897707328260618761528455423
0.011828275010315750931377820621
0.011756841076370426121822099219
0.011683417614688221958241243215
0.011608017050206505607623519438
0.011530652142433855250613916610
0.011451335983290990283567367669
0.011370081994895062799111329355
0.011286903927288568019737802217
0.011201815856112497249430504098
0.011114832180224158350578811394
0.011025967619260987340190638406
0.010935237211149228739315297787
0.010842656309559437974310291963
0.010748240581308177860053731933
0.010652006003706906631101070104
0.010553968861858080072191334864
0.010454145745899680319812574680
0.010352553548197362953686706533
0.010249209460486187819872050397
0.010144130970961270921115726651
0.010037335861318316676538131560
0.009928842203744802502596300542
0.009818668357861373360839785107
0.009706832967615234772362775573
0.009593354958125244191791125559
0.009478253532478882886769255833
0.009361548168483373871806563216
0.009243258615368885044993874089
0.009123404890447092685512586741
0.009002007275723254361987635264
0.008879086314464506093924178742
0.008754662807723119152814028610
0.008628757810816829396105553940
0.008501392629765439426514639365
0.008372588817685485546027379655
0.008242368171143198488093339904
0.008110752726465686804346866268
0.007977764756012225080827882095
0.007843426764404805642816320699
0.007707761484720384095870038266
0.007570791874643593988292167296
0.007432541112581854403362768835
0.007293032593743106403727516351
0.007152289926177004923679714210
0.007010336926779576517676506597
0.006867197617263125393460843071
0.006722896220091164817822537714
0.006577457154379628967433291109
0.006430905031764389510884338819
0.006283264652236629499437725599
0.006134560999946294009010916426
0.005984819238974263717889545688
0.005834064709073914084536127689
0.005682322921383580610621422124
0.005529619554109529468155503906
0.005375980448180875913288812029
0.005221431602877038558041533634
0.005065999171428613341572333439
0.004909709456592118229090182524
0.004752588906199539317554147999
0.004594664108683853623316117876
0.004435961788581029886791018413
0.004276508802008822246465413741
0.004116332132124414164286996254
0.003955458884561190158191124056
0.003793916282845907327753165461
0.003631731663796793595222478501
0.003468932472905833942072861831
0.003305546259704796215050937036
0.003141600673119181088427387394
0.002977123456812527397402634577
0.002812142444526542425786708179
0.002646685555424742406632754310
0.002480780789452528226762817454
0.002314456222735856993910630308
0.002147740003059689199715887042
0.001980660345501549651769934712
0.001813245528373664487015171076
0.001645523889795387408735427570
0.001477523825618737990383877445
0.001309273790460079890662914437
0.001140802306491203298860481752
0.000972137993809363450126159734
0.000803309669784493698800609263
0.000634346714334447971811448141
0.000465280775989454162006736526
0.000296157831902434272568908069
0.000127234942577642722895403526
