0.001534026527440491855652782149
0.003521230979718041262382932644
0.005520170948169765383350959809
0.007521762470076308153277278024
0.009524359788592364622905606097
0.011527443814281472175831133598
0.013530799839590455790894196753
0.015534323145244006980636441995
0.017537956614994756887604410167
0.019541666462436546591874275691
0.021545431428766605858049487665
0.023549237471401349153232729350
0.025553074942680203268663419180
0.027556936995803370943347587740
0.029560818637464566366324092428
0.031564716140555781898058285151
0.033568626666820887416431418160
0.035572548016841121221176535983
0.037576478459897894035535159674
0.039580416615451030626360306997
0.041584361368847709561347159024
0.043588311810254631861738516818
0.045592267189681852379568027800
0.047596226883357781178851553250
0.049600190368248010808205350486
0.051604157202508188495571062049
0.053608127010316322658134424728
0.055612099469984258015564648758
0.057616074304547522377806245686
0.059620051274252419681864978429
0.061624030170507493320286585003
0.063628010810978741229604338514
0.065631993035581911999365445354
0.067635976703187189462695982911
0.069639961688892887403667941726
0.071643947881756708806477718099
0.073647935182896001604646585292
0.075651923503891924105424493519
0.077655912765438386835548101317
0.079659902896196649324522809366
0.081663893831817560564623192931
0.083667885514104520239264672909
0.085671877890293804402865873726
0.087675870912433631620963581099
0.089679864536846579103901433427
0.091683858723662040035584652742
0.093687853436409285201591501391
0.095691848641661206298358877120
0.097695844308721899174052794024
0.099699840409352036285639542257
0.101703836917526879712880827356
0.103707833809221938725642075951
0.105711831062223204913408380889
0.107715828655958537063419555579
0.109719826571347600641104236274
0.111723824790667822237644202232
0.113727823297434471605527050997
0.115731822076293552892245486419
0.117735821112924826659096311232
0.119739820393955725963408553980
0.121743819906882613790521929786
0.123747819640000228380571911657
0.125751819582338192349268979342
0.127755819723602781490257029873
0.129759820054124536126138877989
0.131763820564810452129478335337
0.133767821247100598958112982473
0.135771822092928567959901897666
0.137775823094685112568669183020
0.139779824245185285702675059838
0.141783825537637991898165523708
0.143787826965618481533937256245
0.145791828523042399368137012061
0.147795830204143080477408034312
0.149799832003449262529670704680
0.151803833915765934436947759423
0.153807835936155379297218814827
0.155811838059920715338080299261
0.157815840282590075238644544697
0.159819842599902145474644044043
0.161823845007792926908862796154
0.163827847502382939470777500901
0.165831850079966230948613770124
0.167835852736998858425465641631
0.169839855470089701183766806025
0.171843858275990774009400752220
0.173847861151588317651928150553
0.175851864093895221552443786095
0.177855867100043002482223641891
0.179859870167275059937850301139
0.181863873292939876025187118103
0.183867876474484631676986623461
0.185871879709449849826796707930
0.187875882995463372449052030788
0.189879886330235614355643747331
0.191883889711554622703459926925
0.193887893137281275279804049205
0.195891896605345311455081969143
0.197895900113740946801854647674
0.199899903660523375892310582458
0.201903907243804747739801541684
0.203907910861750973907646766747
0.205911914512578342328907865522
0.207915918194550436437495477549
0.209919921905975137566002786116
0.211923925645201738365841492850
0.213927929410618417049860795487
0.215931933200649545101512671863
0.217935937013753078250744010802
0.219939940848418474805825439944
0.221943944703164225407121534772
0.223947948576535577069890337043
0.225951952467102729071868338906
0.227955956373458445973767538817
0.229959960294216309018011656917
0.231963964228008578949413731607
0.233967968173484586191790413068
0.235971972129308732446517637982
0.237975976094158769846842460538
0.239979980066723913578741189667
0.241983984045703398590987376338
0.243987988029804592216009950789
0.245991992017741356590931900428
0.247995996008232522100911410234
0.250000000000000000000000000000
0.252004003991767533410239821023
0.254008007982258643409068099572
0.256012011970195463295141280469
0.258016015954296629164588239291
0.260020019933276114176834425962
0.262024023905841285664308770720
0.264028027870691239797906746389
0.266032031826515413808209586932
0.268036035771991421050586268393
0.270040039705783774248715189970
0.272044043626541554026232461183
0.274048047532897298683707276723
0.276052051423464450685685278586
0.278056055296835857859605312115
0.280060059151581552949750175685
0.282064062986246977260407220456
0.284068066799350482654062943766
0.286072070589381610705714820142
0.288076074354798317145309738407
0.290080078094024917945148445142
0.292084081805449591318080138080
0.294088085487421657671092134478
0.296092089138249081603504464510
0.298096092756195252260198458316
0.300100096339476651863265033171
0.302104099886259080953720967955
0.304108103394654716300493646486
0.306112106862718724720195950795
0.308116110288445432807691304333
0.310120113669764385644356252669
0.312124117004536627550947969212
0.314128120290550150173203292070
0.316132123525515396078588992168
0.318136126707060151730388497526
0.320140129832724940062149698861
0.322144132899957025273351973738
0.324148135906104806203131829534
0.326152138848411710103647465075
0.328156141724009253746174863409
0.330160144529910326571808809604
0.332164147263001141574534358369
0.334168149920033852318113076763
0.336172152497617060529222499099
0.338176154992207100846712819475
0.340180157400097937792082802844
0.342184159717410008028082302189
0.344188161940079340173070931996
0.346192164063844620702781185173
0.348196166084234093318627856206
0.350200167996550737470329295320
0.352204169795856947278167581317
0.354208171476957656143014219197
0.356212173034381573977213975013
0.358216174462362035857410091921
0.360220175754814742052900555791
0.362224176905314942942482048238
0.364228177907071459795673717963
0.366232178752899428797462633156
0.368236179435189603381672895921
0.370240179945875547140587968897
0.372244180276397274020894201385
0.374248180417661835406306636287
0.376252180359999799375003703972
0.378256180093117455598417109286
0.380260179606044357303318292907
0.382264178887075145585328073139
0.384268177923706488741117937025
0.386272176702565528394472949003
0.388276175209332219395719221211
0.390280173428652454870046994984
0.392284171344041532325519483493
0.394288168937776795086591619111
0.396292166190778116785509155306
0.398296163082473175798270403902
0.400300159590648019225511689001
0.402304155691278142459310629420
0.404308151358338807579428930694
0.406312146563590714798408498609
0.408316141276337973842203155073
0.410320135463153434773886374387
0.412324129087566382256824226715
0.414328122109706209474921934088
0.416332114485895521394098750534
0.418336106168182508824315846141
0.420340097103803378431052806263
0.422344087234561627042239706498
0.424348076496108062016787698667
0.426352064817104026150929030337
0.428356052118243346704673513159
0.430360038311107140351907673903
0.432364023296812893804030863976
0.434368006964418129633997978090
0.436371989189021258770395661486
0.438375969829492562190864646254
0.440379948725747649707074060643
0.442383925695452540072238889479
0.444387900530015755862223159056
0.446391872989683746730804614344
0.448395842797491839260004553580
0.450399809631752023886264169050
0.452403773116642260454511870194
0.454407732810318154559325876107
0.456411688189745368138261483182
0.458415638631152311255334552698
0.460419583384548969373639693003
0.462423521540102133720040455955
0.464427451983158878778823464017
0.466431373333179133400250293562
0.468435283859444273613092946107
0.470439181362535485675380186876
0.472443063004196694976144499378
0.474446925057319834895253052309
0.476450762528598692480130694094
0.478454568571233418428079176010
0.480458333537563508919276955567
0.482462043385005312501334628905
0.484465676854756055469408693170
0.486469200160409565025787514969
0.488472556185718553845021006055
0.490475640211407659663223057578
0.492478237529923701387701839849
0.494479829051830244157628158064
0.496478769020281984758469207009
0.498465973472559553680838462242
0.000000000000000000000000000000
0.002008032128514056040280433280
0.004016064257028112080560866559
0.006024096385542168120841299839
0.008032128514056224161121733118
0.010040160642570281068763904386
0.012048192771084336241682599677
0.014056224899598394884048246922
0.016064257028112448322243466237
0.018072289156626505229885637505
0.020080321285140562137527808773
0.022088353413654619045169980041
0.024096385542168672483365199355
0.026104417670682729391007370623
0.028112449799196789768096493844
0.030120481927710843206291713159
0.032128514056224896644486932473
0.034136546184738957021576055695
0.036144578313253010459771275009
0.038152610441767070836860398231
0.040160642570281124275055617545
0.042168674698795177713250836860
0.044176706827309238090339960081
0.046184738955823291528535179395
0.048192771084337344966730398710
0.050200803212851405343819521931
0.052208835341365458782014741246
0.054216867469879526097997768375
0.056224899598393579536192987689
0.058232931726907632974388207003
0.060240963855421686412583426318
0.062248995983935739850778645632
0.064257028112449793288973864946
0.066265060240963846727169084261
0.068273092369477914043152111390
0.070281124497991967481347330704
0.072289156626506020919542550018
0.074297188755020074357737769333
0.076305220883534141673720796462
0.078313253012048195111916015776
0.080321285140562248550111235090
0.082329317269076301988306454405
0.084337349397590355426501673719
0.086345381526104422742484700848
0.088353413654618476180679920162
0.090361445783132529618875139477
0.092369477911646583057070358791
0.094377510040160636495265578105
0.096385542168674689933460797420
0.098393574297188757249443824549
0.100401606425702810687639043863
0.102409638554216864125834263177
0.104417670682730917564029482492
0.106425702811244971002224701806
0.108433734939759052195995536749
0.110441767068273105634190756064
0.112449799196787159072385975378
0.114457831325301212510581194692
0.116465863453815265948776414007
0.118473895582329319386971633321
0.120481927710843372825166852635
0.122489959839357426263362071950
0.124497991967871479701557291264
0.126506024096385533139752510579
0.128514056224899586577947729893
0.130522088353413640016142949207
0.132530120481927693454338168522
0.134538152610441774648109003465
0.136546184738955828086304222779
0.138554216867469881524499442094
0.140562248995983934962694661408
0.142570281124497988400889880722
0.144578313253012041839085100037
0.146586345381526095277280319351
0.148594377510040148715475538665
0.150602409638554229909246373609
0.152610441767068283347441592923
0.154618473895582336785636812237
0.156626506024096390223832031552
0.158634538152610443662027250866
0.160642570281124497100222470181
0.162650602409638550538417689495
0.164658634538152603976612908809
0.166666666666666657414808128124
0.168674698795180710853003347438
0.170682730923694764291198566752
0.172690763052208845484969401696
0.174698795180722898923164621010
0.176706827309236952361359840324
0.178714859437751005799555059639
0.180722891566265059237750278953
0.182730923694779112675945498268
0.184738955823293166114140717582
0.186746987951807219552335936896
0.188755020080321272990531156211
0.190763052208835326428726375525
0.192771084337349379866921594839
0.194779116465863461060692429783
0.196787148594377514498887649097
0.198795180722891567937082868411
0.200803212851405621375278087726
0.202811244979919647057897691411
0.204819277108433728251668526354
0.206827309236947781689863745669
0.208835341365461835128058964983
0.210843373493975888566254184298
0.212851405622489942004449403612
0.214859437751004023198220238555
0.216867469879518104391991073499
0.218875502008032157830186292813
0.220883534136546211268381512127
0.222891566265060264706576731442
0.224899598393574318144771950756
0.226907630522088371582967170070
0.228915662650602425021162389385
0.230923694779116478459357608699
0.232931726907630531897552828013
0.234939759036144585335748047328
0.236947791164658638773943266642
0.238955823293172692212138485957
0.240963855421686745650333705271
0.242971887550200799088528924585
0.244979919678714852526724143900
0.246987951807228905964919363214
0.248995983935742959403114582528
0.251004016064257040596885417472
0.253012048192771066279505021157
0.255020080321285147473275856100
0.257028112449799173155895459786
0.259036144578313254349666294729
0.261044176706827280032285898415
0.263052208835341361226056733358
0.265060240963855386908676337043
0.267068273092369468102447171987
0.269076305220883549296218006930
0.271084337349397574978837610615
0.273092369477911656172608445559
0.275100401606425681855228049244
0.277108433734939763048998884187
0.279116465863453788731618487873
0.281124497991967869925389322816
0.283132530120481895608008926501
0.285140562248995976801779761445
0.287148594377510002484399365130
0.289156626506024083678170200074
0.291164658634538109360789803759
0.293172690763052190554560638702
0.295180722891566216237180242388
0.297188755020080297430951077331
0.299196787148594378624721912274
0.301204819277108459818492747218
0.303212851405622485501112350903
0.305220883534136566694883185846
0.307228915662650592377502789532
0.309236947791164673571273624475
0.311244979919678754765044459418
0.313253012048192780447664063104
0.315261044176706861641434898047
0.317269076305220887324054501732
0.319277108433734968517825336676
0.321285140562248994200444940361
0.323293172690763075394215775304
0.325301204819277101076835378990
0.327309236947791182270606213933
0.329317269076305207953225817619
0.331325301204819289146996652562
0.333333333333333314829616256247
0.335341365461847396023387091191
0.337349397590361421706006694876
0.339357429718875502899777529819
0.341365461847389528582397133505
0.343373493975903609776167968448
0.345381526104417690969938803391
0.347389558232931716652558407077
0.349397590361445797846329242020
0.351405622489959823528948845706
0.353413654618473904722719680649
0.355421686746987930405339284334
0.357429718875502011599110119278
0.359437751004016037281729722963
0.361445783132530118475500557906
0.363453815261044144158120161592
0.365461847389558225351890996535
0.367469879518072251034510600221
0.369477911646586332228281435164
0.371485943775100357910901038849
0.373493975903614439104671873793
0.375502008032128520298442708736
0.377510040160642545981062312421
0.379518072289156627174833147365
0.381526104417670652857452751050
0.383534136546184734051223585993
0.385542168674698759733843189679
0.387550200803212840927614024622
0.389558232931726922121384859565
0.391566265060241003315155694509
0.393574297188755028997775298194
0.395582329317269110191546133137
0.397590361445783135874165736823
0.399598393574297217067936571766
0.401606425702811242750556175451
0.403614457831325323944327010395
0.405622489959839294115795382822
0.407630522088353430820717449024
0.409638554216867456503337052709
0.411646586345381537697107887652
0.413654618473895563379727491338
0.415662650602409644573498326281
0.417670682730923670256117929966
0.419678714859437751449888764910
0.421686746987951777132508368595
0.423694779116465858326279203538
0.425702811244979884008898807224
0.427710843373493965202669642167
0.429718875502008046396440477110
0.431726907630522072079060080796
0.433734939759036208783982146997
0.435742971887550178955450519425
0.437751004016064315660372585626
0.439759036144578285831840958053
0.441767068273092422536763024254
0.443775100401606392708231396682
0.445783132530120529413153462883
0.447791164658634499584621835311
0.449799196787148636289543901512
0.451807228915662606461012273940
0.453815261044176743165934340141
0.455823293172690768848553943826
0.457831325301204850042324778769
0.459839357429718875724944382455
0.461847389558232956918715217398
0.463855421686746982601334821084
0.465863453815261063795105656027
0.467871485943775089477725259712
0.469879518072289170671496094656
0.471887550200803196354115698341
0.473895582329317277547886533284
0.475903614457831303230506136970
0.477911646586345384424276971913
0.479919678714859410106896575599
0.481927710843373491300667410542
0.483935742971887516983287014227
0.485943775100401598177057849171
0.487951807228915623859677452856
0.489959839357429705053448287799
0.491967871485943730736067891485
0.493975903614457811929838726428
0.495983935742971837612458330113
0.497991967871485918806229165057
0.499999999999999944488848768742
0.502008032128514081193770834943
0.504016064257028051365239207371
0.506024096385542132559010042314
0.508032128514056213752780877257
0.510040160642570294946551712201
0.512048192771084265118020084628
0.514056224899598346311790919572
0.516064257028112538527864217031
0.518072289156626508699332589458
0.520080321285140589893103424401
0.522088353413654560064571796829
0.524096385542168752280645094288
0.526104417670682722452113466716
0.528112449799196803645884301659
0.530120481927710773817352674087
0.532128514056224966033425971546
0.534136546184738936204894343973
0.536144578313253017398665178916
0.538152610441767098592436013860
0.540160642570281179786206848803
0.542168674698795149957675221231
0.544176706827309231151446056174
0.546184738955823312345216891117
0.548192771084337393538987726060
0.550200803212851363710456098488
0.552208835341365444904226933431
0.554216867469879526097997768375
0.556224899598393607291768603318
0.558232931726907577463236975746
0.560240963855421658657007810689
0.562248995983935739850778645632
0.564257028112449821044549480575
0.566265060240963791216017853003
0.568273092369477872409788687946
0.570281124497991953603559522890
0.572289156626506034797330357833
0.574297188755020004968798730260
0.576305220883534197184872027719
0.578313253012048167356340400147
0.580321285140562248550111235090
0.582329317269076218721579607518
0.584337349397590410937652904977
0.586345381526104381109121277404
0.588353413654618462302892112348
0.590361445783132432474360484775
0.592369477911646624690433782234
0.594377510040160594861902154662
0.596385542168674676055672989605
0.598393574297188757249443824549
0.600401606425702838443214659492
0.602409638554216919636985494435
0.604417670682730889808453866863
0.606425702811244971002224701806
0.608433734939759052195995536749
0.610441767068273133389766371693
0.612449799196787103561234744120
0.614457831325301184755005579063
0.616465863453815265948776414007
0.618473895582329347142547248950
0.620481927710843317314015621378
0.622489959839357509530088918837
0.624497991967871479701557291264
0.626506024096385560895328126207
0.628514056224899531066796498635
0.630522088353413723282869796094
0.632530120481927693454338168522
0.634538152610441774648109003465
0.636546184738955744819577375893
0.638554216867469937035650673351
0.640562248995983907207119045779
0.642570281124497988400889880722
0.644578313253012069594660715666
0.646586345381526150788431550609
0.648594377510040120959899923037
0.650602409638554202153670757980
0.652610441767068283347441592923
0.654618473895582364541212427866
0.656626506024096334712680800294
0.658634538152610415906451635237
0.660642570281124497100222470181
0.662650602409638578293993305124
0.664658634538152548465461677552
0.666666666666666629659232512495
0.668674698795180710853003347438
0.670682730923694792046774182381
0.672690763052208762218242554809
0.674698795180722843412013389752
0.676706827309236924605784224696
0.678714859437751005799555059639
0.680722891566264975971023432066
0.682730923694779057164794267010
0.684738955823293138358565101953
0.686746987951807219552335936896
0.688755020080321300746106771840
0.690763052208835381939877606783
0.692771084337349463133648441726
0.694779116465863433305116814154
0.696787148594377514498887649097
0.698795180722891595692658484040
0.700803212851405676886429318984
0.702811244979919647057897691411
0.704819277108433728251668526354
0.706827309236947809445439361298
0.708835341365461890639210196241
0.710843373493975860810678568669
0.712851405622489942004449403612
0.714859437751004023198220238555
0.716867469879518104391991073499
0.718875502008032074563459445926
0.720883534136546155757230280869
0.722891566265060236951001115813
0.724899598393574318144771950756
0.726907630522088288316240323184
0.728915662650602369510011158127
0.730923694779116450703781993070
0.732931726907630531897552828013
0.734939759036144502069021200441
0.736947791164658694285094497900
0.738955823293172664456562870328
0.740963855421686745650333705271
0.742971887550200715821802077699
0.744979919678714908037875375157
0.746987951807228878209343747585
0.748995983935742959403114582528
0.751004016064257040596885417472
0.753012048192771121790656252415
0.755020080321285091962124624843
0.757028112449799173155895459786
0.759036144578313254349666294729
0.761044176706827335543437129672
0.763052208835341305714905502100
0.765060240963855386908676337043
0.767068273092369468102447171987
0.769076305220883549296218006930
0.771084337349397519467686379357
0.773092369477911600661457214301
0.775100401606425681855228049244
0.777108433734939763048998884187
0.779116465863453844242769719131
0.781124497991967814414238091558
0.783132530120482006630311389017
0.785140562248995976801779761445
0.787148594377510057995550596388
0.789156626506024028167018968816
0.791164658634538220383092266275
0.793172690763052190554560638702
0.795180722891566271748331473646
0.797188755020080352942102308589
0.799196787148594434135873143532
0.801204819277108404307341515960
0.803212851405622485501112350903
0.805220883534136566694883185846
0.807228915662650647888654020790
0.809236947791164618060122393217
0.811244979919678588231590765645
0.813253012048192780447664063104
0.815261044176706861641434898047
0.817269076305220831812903270475
0.819277108433734913006674105418
0.821285140562249105222747402877
0.823293172690763075394215775304
0.825301204819277045565684147732
0.827309236947791126759454982675
0.829317269076305318975528280134
0.831325301204819289146996652562
0.833333333333333259318465024990
0.835341365461847340512235859933
0.837349397590361532728309157392
0.839357429718875502899777529819
0.841365461847389473071245902247
0.843373493975903554265016737190
0.845381526104417746481090034649
0.847389558232931716652558407077
0.849397590361445686824026779504
0.851405622489959768017797614448
0.853413654618473960233870911907
0.855421686746987930405339284334
0.857429718875501900576807656762
0.859437751004016092792880954221
0.861445783132530173986651789164
0.863453815261044144158120161592
0.865461847389558225351890996535
0.867469879518072417567964293994
0.869477911646586387739432666422
0.871485943775100357910901038849
0.873493975903614439104671873793
0.875502008032128631320745171251
0.877510040160642601492213543679
0.879518072289156571663681916107
0.881526104417670652857452751050
0.883534136546184845073526048509
0.885542168674698815244994420937
0.887550200803212785416462793364
0.889558232931726866610233628307
0.891566265060241058826306925766
0.893574297188755028997775298194
0.895582329317268999169243670622
0.897590361445783080363014505565
0.899598393574297272579087803024
0.901606425702811242750556175451
0.903614457831325212922024547879
0.905622489959839294115795382822
0.907630522088353486331868680281
0.909638554216867456503337052709
0.911646586345381537697107887652
0.913654618473895507868576260080
0.915662650602409700084649557539
0.917670682730923670256117929966
0.919678714859437751449888764910
0.921686746987951721621357137337
0.923694779116465913837430434796
0.925702811244979884008898807224
0.927710843373493965202669642167
0.929718875502007935374138014595
0.931726907630522127590211312054
0.933734939759036097761679684481
0.935742971887550178955450519425
0.937751004016064149126918891852
0.939759036144578341342992189311
0.941767068273092311514460561739
0.943775100401606392708231396682
0.945783132530120584924304694141
0.947791164658634555095773066569
0.949799196787148525267241438996
0.951807228915662606461012273940
0.953815261044176798677085571398
0.955823293172690768848553943826
0.957831325301204850042324778769
0.959839357429718820213793151197
0.961847389558233012429866448656
0.963855421686746982601334821084
0.965863453815261063795105656027
0.967871485943775033966574028454
0.969879518072289226182647325913
0.971887550200803196354115698341
0.973895582329317277547886533284
0.975903614457831247719354905712
0.977911646586345439935428203171
0.979919678714859410106896575599
0.981927710843373491300667410542
0.983935742971887461472135782969
0.985943775100401653688209080428
0.987951807228915623859677452856
0.989959839357429705053448287799
0.991967871485943675224916660227
0.993975903614457867440989957686
0.995983935742971837612458330113
0.997991967871485918806229165057
0.000119206533905721279924076750
0.000277471778477826527126159917
0.000435927416434527339756527242
0.000594334299367621477459822099
0.000752651041278403561303467217
0.000910849678568865627620310121
0.001068904370469954921707422812
0.001226789800076790023716788447
0.001384480831571113833636244017
0.001541952416590797745113428086
0.001699179565226407659372931391
0.001856137337235812950764213269
0.002012800840529648839505316715
0.002169145232568502577874536286
0.002325145723030074430132119190
0.002480777577067510078490109038
0.002636016118859389918693825194
0.002790836735307038445758065492
0.002945214879808404333932925212
0.003099126076070519032051864272
0.003252545921939788316212816000
0.003405450093237904346521460752
0.003557814347597019598995471412
0.003709614528287860906602402267
0.003860826568040081480104319667
0.004011426492850332821415992868
0.004161390425778429928704849061
0.004310694590729137812279425646
0.004459315316219012066689675322
0.004607229039127427872024611588
0.004754412308431033712396995838
0.004900841788920262849515996351
0.005046494264898749963765833826
0.005191346643862808016289811519
0.005335375960162478878312519726
0.005478559378642158458894151352
0.005620874198260535255233794061
0.005762297855689598596873324254
0.005902807928891836211637844656
0.006042382140674628851484406766
0.006180998362222539337096360867
0.006318634616605207053596782174
0.006455269082261791586951904520
0.006590880096460616753561989611
0.006725446158733535371998524255
0.006858945934284665230107336242
0.006991358257373083383290346404
0.007122662134668261008085821118
0.007252836748578535448761517301
0.007381861460551590765899465652
0.007509715814346725609729205075
0.007636379539277749622927515816
0.007761832553427084301078675566
0.007886054966829604204181514149
0.008009027084625882850210665254
0.008130729410184949976225787793
0.008251142648195075243733320747
0.008370247707723441413230069941
0.008488025705242463123112450774
0.008604457967623622971498065226
0.008719526035098507446563509404
0.008833211664184999201143710934
0.008945496830579926714199778814
0.009056363732016792233991964167
0.009165794791087816459351778065
0.009273772658031467427952598825
0.009380280213482437845495809370
0.009485300571186364160247705968
0.009588817080676735604694016502
0.009690813329914910873030819971
0.009791273147892133946190718063
0.009890180607193429368484416386
0.009987520026522535634971866614
0.010083275973188431801075282124
0.010177433265552073005100197634
0.010269976975433093777101412059
0.010360892430476859038535053514
0.010450165216480679711286150280
0.010537781179678901502527743617
0.010623726428987290137939680790
0.010707987338204869032232124937
0.010790550548174841771764675968
0.010871402968902252328398105874
0.010950531781629489758156381640
0.011027924440868528896397826600
0.011103568676390110012142109497
0.011177452495169043836242828149
0.011249564183285520532762369328
0.011319892307782542309468887254
0.011388425718478561998736608984
0.011455153549734812395977101573
0.011520065222178655153784099241
0.011583150444380489393902955442
0.011644399214485472507374375084
0.011703801821799428642401075251
0.011761348848328070579305482113
0.011817031170270756237905551700
0.011870839959466318244696303452
0.011922766684793292824018351439
0.011972803113522192258733056747
0.012020941312620995328197537333
0.012067173650012509578122177345
0.012111492795784781564827348177
0.012153891723353139539542944192
0.012194363710573996942287955392
0.012232902340810893754285970658
0.012269501503951635995592894801
0.012304155397377119704471759576
0.012336858526881313777301407697
0.012367605707542294116163539286
0.012396392064544259695169081681
0.012423213033950494116330887096
0.012448064363426793871303388528
0.012470942112916067606720460503
0.012491842655262423711359787148
0.012510762676786612787593888640
0.012527699177811492739498255844
0.012542649473137146981516210076
0.012555611192467104261782928631
0.012566582280783935784973515126
0.012575560998674944340747217097
0.012582545922608176156010095781
0.012587535945157834332830404378
0.012590530275180334199291998232
0.012591528437939132276102149888
0.012590530275180391445166705466
0.012587535945157834332830404378
0.012582545922608176156010095781
0.012575560998674944340747217097
0.012566582280783935784973515126
0.012555611192467104261782928631
0.012542649473137146981516210076
0.012527699177811492739498255844
0.012510762676786612787593888640
0.012491842655262423711359787148
0.012470942112916067606720460503
0.012448064363426793871303388528
0.012423213033950494116330887096
0.012396392064544259695169081681
0.012367605707542294116163539286
0.012336858526881313777301407697
0.012304155397377119704471759576
0.012269501503951635995592894801
0.012232902340810893754285970658
0.012194363710573996942287955392
0.012153891723353139539542944192
0.012111492795784781564827348177
0.012067173650012509578122177345
0.012020941312620995328197537333
0.011972803113522192258733056747
0.011922766684793292824018351439
0.011870839959466318244696303452
0.011817031170270756237905551700
0.011761348848328070579305482113
0.011703801821799428642401075251
0.011644399214485472507374375084
0.011583150444380489393902955442
0.011520065222178655153784099241
0.011455153549734812395977101573
0.011388425718478561998736608984
0.011319892307782542309468887254
0.011249564183285520532762369328
0.011177452495169043836242828149
0.011103568676390110012142109497
0.011027924440868528896397826600
0.010950531781629489758156381640
0.010871402968902252328398105874
0.010790550548174841771764675968
0.010707987338204869032232124937
0.010623726428987290137939680790
0.010537781179678901502527743617
0.010450165216480679711286150280
0.010360892430476859038535053514
0.010269976975433093777101412059
0.010177433265552073005100197634
0.010083275973188431801075282124
0.009987520026522535634971866614
0.009890180607193429368484416386
0.009791273147892133946190718063
0.009690813329914910873030819971
0.009588817080676735604694016502
0.009485300571186364160247705968
0.009380280213482437845495809370
0.009273772658031467427952598825
0.009165794791087816459351778065
0.009056363732016792233991964167
0.008945496830579926714199778814
0.008833211664184999201143710934
0.008719526035098507446563509404
0.008604457967623622971498065226
0.008488025705242463123112450774
0.008370247707723441413230069941
0.008251142648195075243733320747
0.008130729410184949976225787793
0.008009027084625882850210665254
0.007886054966829604204181514149
0.007761832553427084301078675566
0.007636379539277749622927515816
0.007509715814346725609729205075
0.007381861460551590765899465652
0.007252836748578535448761517301
0.007122662134668261008085821118
0.006991358257373083383290346404
0.006858945934284665230107336242
0.006725446158733535371998524255
0.006590880096460616753561989611
0.006455269082261791586951904520
0.006318634616605207053596782174
0.006180998362222539337096360867
0.006042382140674628851484406766
0.005902807928891836211637844656
0.005762297855689598596873324254
0.005620874198260535255233794061
0.005478559378642158458894151352
0.005335375960162478878312519726
0.005191346643862808016289811519
0.005046494264898749963765833826
0.004900841788920262849515996351
0.004754412308431033712396995838
0.004607229039127427872024611588
0.004459315316219012066689675322
0.004310694590729137812279425646
0.004161390425778429928704849061
0.004011426492850332821415992868
0.003860826568040081480104319667
0.003709614528287860906602402267
0.003557814347597019598995471412
0.003405450093237904346521460752
0.003252545921939788316212816000
0.003099126076070519032051864272
0.002945214879808404333932925212
0.002790836735307038445758065492
0.002636016118859389918693825194
0.002480777577067510078490109038
0.002325145723030074430132119190
0.002169145232568502577874536286
0.002012800840529648839505316715
0.001856137337235812950764213269
0.001699179565226407659372931391
0.001541952416590797745113428086
0.001384480831571113833636244017
0.001226789800076790023716788447
0.001068904370469954921707422812
0.000910849678568865627620310121
0.000752651041278403561303467217
0.000594334299367621477459822099
0.000435927416434527339756527242
0.000277471778477826527126159917
0.000119206533905721279924076750
