0.001486367511716310974706489745
0.003411833652090759828184873825
0.005348670710555882175374353693
0.007288076944251944098984719034
0.009228457726582362657952174345
0.011169310095151801370816357917
0.013110426012935725084695981479
0.015051704014076875901007035452
0.016993088756822212481711886767
0.018934547504448451249459139945
0.020876059658629809306917834988
0.022817611613066290238149846914
0.024759194019840318617964314285
0.026700800244877666983489561403
0.028642425450014486615346598342
0.030584066023945911255710328192
0.032525719216605526729058084356
0.034467382896915775558621675145
0.036409055387938045467155490087
0.038350735352033767100454753063
0.040292421709190166800862442642
0.042234113577851693788201004054
0.044175810231339811273709727857
0.046117511065272662196257158485
0.048059215572876907984767314019
0.050000923326045935979333734167
0.051942633960645467894323701330
0.053884347164992553447238066155
0.055826062670739154403243276192
0.057767780245591510146496716516
0.059709499687450637295249578074
0.061651220819659006966428904661
0.063592943487117872813918495467
0.065534667553094366754251609564
0.067476392896579626135000751219
0.069418119410090170506855145049
0.071359846997828740855496221229
0.073301575574135829915789486222
0.075243305062182616604893325984
0.077185035392859868697001957116
0.079126766503831200139096324619
0.081068498338721595164457767169
0.083010230846420646200201076681
0.084951963980480382776505621223
0.086893697698594771217095455995
0.088835431962146507722799526618
0.090777166735812861442234122933
0.092718901987220395111144455313
0.094660637686642123966862527595
0.096602373806732005911968030887
0.098544110322289754644309311971
0.100485847210053533262730240949
0.102427584448516073578616669693
0.104369322017761334553398455682
0.106311059899319187982413836835
0.108252798076035078311818438124
0.110194536531954670466326717815
0.112136275252219114184626391761
0.114078014222972007329914845286
0.116019753431275282617995969758
0.117961492865033351629122648774
0.119903232512924673436316425068
0.121844972364340095594137380886
0.123786712409326551953547834728
0.125728452638536436491989434217
0.127670193043181084968651362033
0.129611933614988850127502928444
0.131553674346166826758519619034
0.133495415229365615994439053793
0.135437156257647517421105476387
0.137378897424456941633863493735
0.139320638723593820396118303506
0.141262380149188931932613400022
0.143204121695680836046093986624
0.145145863357795723569410029086
0.147087605130527432351073002792
0.149029347009120377576252280960
0.150971088989052815154678910403
0.152912831066021742687510709402
0.154854573235929215968553762650
0.156796315494868943041240072489
0.158738057839114626856868994764
0.160679800265108529977453599713
0.162621542769451454812923429927
0.164563285348892668347176027055
0.166505028000321214642909239956
0.168446770720757504902209689135
0.170388513507345379371926696876
0.172330256357344946405163454983
0.174271999268125726834099964435
0.176213742237160186920874593852
0.178155485262017881931129181794
0.180097228340359877263310295348
0.182038971469933197333546104346
0.183980714648566329172396649483
0.185922457874164254176818644737
0.187864201144704173751520670521
0.189805944458231429239347676230
0.191747687812855505118392329678
0.193689431206746531799467447854
0.195631174638131649645700349538
0.197572918105291844836912673600
0.199514661606558757478424581677
0.201456405140311795021190732768
0.203398148704975356704238720340
0.205339892299016113508258740694
0.207281635920940482398222570737
0.209223379569292211588305008263
0.211165123242650132340259006014
0.213106866939625966272942036994
0.215048610658862188182993691044
0.216990354399029888865513271412
0.218932098158827054268371625767
0.220873841936976594846342436540
0.222815585732224513693111589419
0.224757329543338324473467082498
0.226699073369105136288581547888
0.228640817208330349163958317149
0.230582561059835794425865174162
0.232524304922458346922553573677
0.234466048795048509489902244241
0.236407792676468775372455866091
0.238349536565592323711371136596
0.240291280461301659521211604442
0.242233024362487142644440041295
0.244174768268045710994940122873
0.246116512176879576045962494391
0.248058256087894807295768373478
0.250000000000000000000000000000
0.251941743912105220459807242150
0.253883487823120423954037505609
0.255825231731954261249484261498
0.257766975637512885111135574334
0.259708719538698340478788395558
0.261650463434407731799780094661
0.263592207323531280138695365167
0.265533951204951490510097755759
0.267475695077541653077446426323
0.269417438940164233329710441467
0.271359182791669650836041682851
0.273300926630894891466994067741
0.275242670456661731037684148760
0.277184414267775514062464026210
0.279126158063023432909233179089
0.281067901841172973487203989862
0.283009645600970138890062344217
0.284951389341137839572581924585
0.286893133060374061482633578635
0.288834876757349867659740993986
0.290776620430707843922846222995
0.292718364079059545357353044892
0.294660107700983942002892490564
0.296601851295024698806912510918
0.298543594859688232734384882860
0.300485338393441270277151033952
0.302427081894708238429814173287
0.304368825361868378109875266091
0.306310568793253523711683783404
0.308252312187144494881607670322
0.310194055541768598516227939399
0.312135798855295854004054945108
0.314077542125835773578756970892
0.316019285351433698583178966146
0.317961028530066858177605126912
0.319902771659640150492265320281
0.321844514737982145824446433835
0.323786257762839813079125406148
0.325728000731874300921475651194
0.327669743642655109105987776275
0.329611486492654648383648918752
0.331553229279242522853365926494
0.333494971999678757601515144415
0.335436714651107359408399588574
0.337378457230548545187076570073
0.339320199734891470022546400287
0.341261942160885400898706620865
0.343203684505131112469911158769
0.345145426764070839542597468608
0.347087168933978285068064906227
0.349028911010947184845321089597
0.350970652990879650179323334669
0.352912394869472623160078228466
0.354854136642204331941741202172
0.356795878304319247220632860262
0.358737619850811095822962215607
0.360679361276406207359457312123
0.362621102575543030610560890636
0.364562843742352482578894523613
0.366504584770634411761136561836
0.368446325653833228752631612224
0.370388066385011149872497071556
0.372329806956818998298075484854
0.374271547361463619019161797041
0.376213287590673517435391204344
0.378155027635659946039226042558
0.380096767487075326563683574932
0.382038507134966731637604198113
0.383980246568724703504216222427
0.385921985777027964914509539085
0.387863724747780858059797992610
0.389805463468045398922612321257
0.391747201923964949443757177505
0.393688940100680839773161778794
0.395630677982238720957752775575
0.397572415551483926421383330307
0.399514152789946452859481951236
0.401455889677710286989054111473
0.403397626193267966332456353484
0.405339362313357931544288703662
0.407281098012779674277794583759
0.409222833264187180191129300511
0.411164568037853561666139512454
0.413106302301405214905116736190
0.415048036019519617223494378777
0.416989769153579381555374538948
0.418931501661278460346693464089
0.420873233496168841494267098824
0.422814964607140131302998042884
0.424756694937817425028470097459
0.426698424425864253350937360665
0.428640153002171342411230625657
0.430581880589909871126508278394
0.432523607103420415498362672224
0.434465332446905661001324006065
0.436407056512882196575020543605
0.438348779180340986094677191431
0.440290500312549404338113845370
0.442232219754408517609078899113
0.444173937329260859474544531622
0.446115652835007425736080222123
0.448057366039354587616827529928
0.449999076673954112592923593184
0.451940784427123098954126589888
0.453882488934727379437106264959
0.455824189768660237298547599494
0.457765886422148382539631938926
0.459707578290809881771394884709
0.461649264647966239838439150844
0.463590944612062016982889645078
0.465532617103084245258060036576
0.467474280783394535720987050809
0.469415933976054078335948815948
0.471357574549985558487463777055
0.473299199755122412813790333530
0.475240805980159719545952157205
0.477182388386933720170191008947
0.479123940341370180284741309151
0.481065452495551604261692091313
0.483006911243177849968333248398
0.484948295985923150119845104200
0.486889573987064283588921398405
0.488830689904848236793100113573
0.490771542273417626933706969794
0.492711923055748068911441350792
0.494651329289444163794797759692
0.496588166347909254483283802983
0.498513632488283731092337802693
0.000000000000000000000000000000
0.001945525291828793801318653323
0.003891050583657587602637306645
0.005836575875486380536594221979
0.007782101167315175205274613290
0.009727626459143969006593266613
0.011673151750972761073188443959
0.013618677042801556609230573258
0.015564202334630350410549226581
0.017509727626459144211867879903
0.019455252918287938013186533226
0.021400778210116731814505186549
0.023346303501945522146376887918
0.025291828793774315947695541240
0.027237354085603113218461146516
0.029182879377431907019779799839
0.031128404669260700821098453162
0.033073929961089494622417106484
0.035019455252918288423735759807
0.036964980544747082225054413129
0.038910505836575876026373066452
0.040856031128404669827691719775
0.042801556420233463629010373097
0.044747081712062257430329026420
0.046692607003891044292753775835
0.048638132295719845032966333065
0.050583657587548631895391082480
0.052529182879377439574497543617
0.054474708171206226436922293033
0.056420233463035020238240946355
0.058365758754863814039559599678
0.060311284046692607840878253000
0.062256809338521401642196906323
0.064202334630350188504621655738
0.066147859922178989244834212968
0.068093385214007776107258962384
0.070038910505836576847471519613
0.071984435797665363709896269029
0.073929961089494164450108826259
0.075875486381322965190321383488
0.077821011673151752052746132904
0.079766536964980552792958690134
0.081712062256809339655383439549
0.083657587548638126517808188964
0.085603112840466927258020746194
0.087548638132295714120445495610
0.089494163424124514860658052839
0.091439688715953301723082802255
0.093385214007782088585507551670
0.095330739299610903203507916714
0.097276264591439690065932666130
0.099221789883268476928357415545
0.101167315175097263790782164961
0.103112840466926064530994722190
0.105058365758754879148995087235
0.107003891050583666011419836650
0.108949416342412452873844586065
0.110894941634241253614057143295
0.112840466926070040476481892711
0.114785992217898841216694449940
0.116731517509727628079119199356
0.118677042801556428819331756586
0.120622568093385215681756506001
0.122568093385214002544181255416
0.124513618677042803284393812646
0.126459143968871590146818562062
0.128404669260700377009243311477
0.130350194552529191627243676521
0.132295719844357978489668425937
0.134241245136186765352093175352
0.136186770428015552214517924767
0.138132295719844339076942674183
0.140077821011673153694943039227
0.142023346303501940557367788642
0.143968871595330727419792538058
0.145914396887159542037792903102
0.147859922178988328900217652517
0.149805447470817115762642401933
0.151750972762645930380642766977
0.153696498054474717243067516392
0.155642023346303504105492265808
0.157587548638132290967917015223
0.159533073929961105585917380267
0.161478599221789892448342129683
0.163424124513618679310766879098
0.165369649805447466173191628513
0.167315175097276253035616377929
0.169260700389105067653616742973
0.171206225680933854516041492388
0.173151750972762641378466241804
0.175097276264591428240890991219
0.177042801556420215103315740635
0.178988326848249029721316105679
0.180933852140077816583740855094
0.182879377431906603446165604510
0.184824902723735390308590353925
0.186770428015564177171015103340
0.188715953307392991789015468385
0.190661478599221806407015833429
0.192607003891050593269440582844
0.194552529182879380131865332260
0.196498054474708166994290081675
0.198443579766536953856714831090
0.200389105058365740719139580506
0.202334630350194527581564329921
0.204280155642023314443989079336
0.206225680933852129061989444381
0.208171206225680943679989809425
0.210116731517509758297990174469
0.212062256809338545160414923885
0.214007782101167332022839673300
0.215953307392996118885264422715
0.217898832684824905747689172131
0.219844357976653720365689537175
0.221789883268482507228114286590
0.223735408560311294090539036006
0.225680933852140080952963785421
0.227626459143968867815388534837
0.229571984435797682433388899881
0.231517509727626469295813649296
0.233463035019455256158238398712
0.235408560311284043020663148127
0.237354085603112857638663513171
0.239299610894941644501088262587
0.241245136186770431363513012002
0.243190661478599218225937761417
0.245136186770428005088362510833
0.247081712062256819706362875877
0.249027237354085606568787625292
0.250972762645914393431212374708
0.252918287937743180293637124123
0.254863813229571967156061873538
0.256809338521400754018486622954
0.258754863813229540880911372369
0.260700389105058383254487353042
0.262645914396887170116912102458
0.264591439688715956979336851873
0.266536964980544743841761601288
0.268482490272373530704186350704
0.270428015564202317566611100119
0.272373540856031104429035849535
0.274319066147859891291460598950
0.276264591439688678153885348365
0.278210116731517520527461329038
0.280155642023346307389886078454
0.282101167315175094252310827869
0.284046692607003881114735577285
0.285992217898832667977160326700
0.287937743190661454839585076115
0.289883268482490241702009825531
0.291828793774319084075585806204
0.293774319066147870938010555619
0.295719844357976657800435305035
0.297665369649805444662860054450
0.299610894941634231525284803865
0.301556420233463073898860784539
0.303501945525291860761285533954
0.305447470817120647623710283369
0.307392996108949434486135032785
0.309338521400778221348559782200
0.311284046692607008210984531615
0.313229571984435795073409281031
0.315175097276264581935834030446
0.317120622568093368798258779861
0.319066147859922211171834760535
0.321011673151750998034259509950
0.322957198443579784896684259365
0.324902723735408571759109008781
0.326848249027237358621533758196
0.328793774319066145483958507612
0.330739299610894932346383257027
0.332684824902723719208808006442
0.334630350194552506071232755858
0.336575875486381292933657505273
0.338521400778210135307233485946
0.340466926070038922169658235362
0.342412451361867709032082984777
0.344357976653696495894507734192
0.346303501945525282756932483608
0.348249027237354069619357233023
0.350194552529182856481781982438
0.352140077821011643344206731854
0.354085603112840430206631481269
0.356031128404669272580207461942
0.357976653696498059442632211358
0.359922178988326846305056960773
0.361867704280155633167481710188
0.363813229571984420029906459604
0.365758754863813206892331209019
0.367704280155641993754755958435
0.369649805447470780617180707850
0.371595330739299567479605457265
0.373540856031128354342030206681
0.375486381322957196715606187354
0.377431906614785983578030936769
0.379377431906614825951606917442
0.381322957198443612814031666858
0.383268482490272399676456416273
0.385214007782101186538881165689
0.387159533073929973401305915104
0.389105058365758760263730664519
0.391050583657587547126155413935
0.392996108949416333988580163350
0.394941634241245120851004912765
0.396887159533073907713429662181
0.398832684824902750087005642854
0.400778210116731481438279161011
0.402723735408560323811855141685
0.404669260700389055163128659842
0.406614785992217897536704640515
0.408560311284046628887978158673
0.410505836575875471261554139346
0.412451361867704258123978888761
0.414396887159533044986403638177
0.416342412451361887359979618850
0.418287937743190674222404368265
0.420233463035019516595980348939
0.422178988326848247947253867096
0.424124513618677090320829847769
0.426070038910505821672103365927
0.428015564202334664045679346600
0.429961089494163395396952864758
0.431906614785992237770528845431
0.433852140077821024632953594846
0.435797665369649811495378344262
0.437743190661478598357803093677
0.439688715953307440731379074350
0.441634241245136172082652592508
0.443579766536965014456228573181
0.445525291828793745807502091338
0.447470817120622588181078072012
0.449416342412451319532351590169
0.451361867704280161905927570842
0.453307392996108948768352320258
0.455252918287937735630777069673
0.457198443579766522493201819088
0.459143968871595364866777799762
0.461089494163424096218051317919
0.463035019455252938591627298592
0.464980544747081669942900816750
0.466926070038910512316476797423
0.468871595330739243667750315581
0.470817120622568086041326296254
0.472762645914396872903751045669
0.474708171206225715277327026342
0.476653696498054446628600544500
0.478599221789883289002176525173
0.480544747081712020353450043331
0.482490272373540862727026024004
0.484435797665369594078299542161
0.486381322957198436451875522835
0.488326848249027223314300272250
0.490272373540856010176725021665
0.492217898832684797039149771081
0.494163424124513639412725751754
0.496108949416342370763999269911
0.498054474708171213137575250585
0.500000000000000000000000000000
0.501945525291828786862424749415
0.503891050583657573724849498831
0.505836575875486360587274248246
0.507782101167315258472001460177
0.509727626459143934312123747077
0.511673151750972832196850959008
0.513618677042801508036973245908
0.515564202334630405921700457839
0.517509727626459081761822744738
0.519455252918287979646549956669
0.521400778210116766508974706085
0.523346303501945553371399455500
0.525291828793774340233824204915
0.527237354085603127096248954331
0.529182879377431913958673703746
0.531128404669260700821098453162
0.533073929961089487683523202577
0.535019455252918274545947951992
0.536964980544747061408372701408
0.538910505836575848270797450823
0.540856031128404635133222200238
0.542801556420233533017949412169
0.544747081712062208858071699069
0.546692607003891106742798911000
0.548638132295719782582921197900
0.550583657587548680467648409831
0.552529182879377356307770696731
0.554474708171206254192497908662
0.556420233463035041054922658077
0.558365758754863827917347407492
0.560311284046692614779772156908
0.562256809338521401642196906323
0.564202334630350188504621655738
0.566147859922178975367046405154
0.568093385214007762229471154569
0.570038910505836549091895903985
0.571984435797665335954320653400
0.573929961089494122816745402815
0.575875486381322909679170152231
0.577821011673151696541594901646
0.579766536964980483404019651061
0.581712062256809381288746862992
0.583657587548638168151171612408
0.585603112840466955013596361823
0.587548638132295741876021111239
0.589494163424124528738445860654
0.591439688715953315600870610069
0.593385214007782102463295359485
0.595330739299610889325720108900
0.597276264591439676188144858315
0.599221789883268463050569607731
0.601167315175097249912994357146
0.603112840466926147797721569077
0.605058365758754823637843855977
0.607003891050583721522571067908
0.608949416342412397362693354808
0.610894941634241295247420566739
0.612840466926069971087542853638
0.614785992217898868972270065569
0.616731517509727655834694814985
0.618677042801556442697119564400
0.620622568093385229559544313815
0.622568093385214016421969063231
0.624513618677042803284393812646
0.626459143968871590146818562062
0.628404669260700377009243311477
0.630350194552529163871668060892
0.632295719844357950734092810308
0.634241245136186737596517559723
0.636186770428015524458942309138
0.638132295719844422343669521069
0.640077821011673098183791807969
0.642023346303501996068519019900
0.643968871595330671908641306800
0.645914396887159569793368518731
0.647859922178988245633490805631
0.649805447470817143518218017562
0.651750972762645819358340304461
0.653696498054474717243067516392
0.655642023346303504105492265808
0.657587548638132290967917015223
0.659533073929961077830341764638
0.661478599221789864692766514054
0.663424124513618651555191263469
0.665369649805447438417616012885
0.667315175097276336302343224816
0.669260700389105012142465511715
0.671206225680933910027192723646
0.673151750972762585867315010546
0.675097276264591483752042222477
0.677042801556420270614466971892
0.678988326848249057476891721308
0.680933852140077844339316470723
0.682879377431906631201741220139
0.684824902723735418064165969554
0.686770428015564204926590718969
0.688715953307392991789015468385
0.690661478599221778651440217800
0.692607003891050565513864967215
0.694552529182879352376289716631
0.696498054474708139238714466046
0.698443579766537037123441677977
0.700389105058365712963563964877
0.702334630350194610848291176808
0.704280155642023286688413463708
0.706225680933852184573140675639
0.708171206225680860413262962538
0.710116731517509758297990174469
0.712062256809338545160414923885
0.714007782101167332022839673300
0.715953307392996118885264422715
0.717898832684824905747689172131
0.719844357976653692610113921546
0.721789883268482479472538670962
0.723735408560311266334963420377
0.725680933852140053197388169792
0.727626459143968840059812919208
0.729571984435797626922237668623
0.731517509727626413784662418038
0.733463035019455200647087167454
0.735408560311283987509511916869
0.737354085603112885394239128800
0.739299610894941561234361415700
0.741245136186770459119088627631
0.743190661478599134959210914531
0.745136186770428032843938126462
0.747081712062256708684060413361
0.749027237354085606568787625292
0.750972762645914393431212374708
0.752918287937743180293637124123
0.754863813229571967156061873538
0.756809338521400754018486622954
0.758754863813229651903213834885
0.760700389105058327743336121785
0.762645914396887225628063333716
0.764591439688715901468185620615
0.766536964980544799352912832546
0.768482490272373475193035119446
0.770428015564202373077762331377
0.772373540856031159940187080792
0.774319066147859946802611830208
0.776264591439688733665036579623
0.778210116731517520527461329038
0.780155642023346307389886078454
0.782101167315175094252310827869
0.784046692607003881114735577285
0.785992217898832667977160326700
0.787937743190661565861887538631
0.789883268482490241702009825531
0.791828793774319028564434574946
0.793774319066147815426859324361
0.795719844357976713311586536292
0.797665369649805500174011285708
0.799610894941634176014133572608
0.801556420233462962876558322023
0.803501945525291860761285533954
0.805447470817120647623710283369
0.807392996108949434486135032785
0.809338521400778110326257319684
0.811284046692607008210984531615
0.813229571984435795073409281031
0.815175097276264581935834030446
0.817120622568093257775956317346
0.819066147859922266682985991793
0.821011673151750942523108278692
0.822957198443579729385533028108
0.824902723735408516247957777523
0.826848249027237414132684989454
0.828793774319066089972807276354
0.830739299610894876835232025769
0.832684824902723774719959237700
0.834630350194552561582383987115
0.836575875486381348444808736531
0.838521400778210024284931023431
0.840466926070039033191960697877
0.842412451361867709032082984777
0.844357976653696495894507734192
0.846303501945525282756932483608
0.848249027237354180641659695539
0.850194552529182856481781982438
0.852140077821011643344206731854
0.854085603112840430206631481269
0.856031128404669328091358693200
0.857976653696498114953783442616
0.859922178988326790793905729515
0.861867704280155577656330478931
0.863813229571984475541057690862
0.865758754863813262403482440277
0.867704280155642049265907189692
0.869649805447470725106029476592
0.871595330739299622990756688523
0.873540856031128409853181437938
0.875486381322957196715606187354
0.877431906614785872555728474254
0.879377431906614881462758148700
0.881322957198443557302880435600
0.883268482490272344165305185015
0.885214007782101131027729934431
0.887159533073930028912457146362
0.889105058365758815774881895777
0.891050583657587491615004182677
0.892996108949416278477428932092
0.894941634241245176362156144023
0.896887159533073963224580893439
0.898832684824902639064703180338
0.900778210116731425927127929754
0.902723735408560323811855141685
0.904669260700389110674279891100
0.906614785992217897536704640515
0.908560311284046573376826927415
0.910505836575875471261554139346
0.912451361867704258123978888761
0.914396887159533044986403638177
0.916342412451361942871130850108
0.918287937743190729733555599523
0.920233463035019405573677886423
0.922178988326848192436102635838
0.924124513618677090320829847769
0.926070038910505877183254597185
0.928015564202334664045679346600
0.929961089494163339885801633500
0.931906614785992237770528845431
0.933852140077821024632953594846
0.935797665369649811495378344262
0.937743190661478487335500631161
0.939688715953307496242530305608
0.941634241245136172082652592508
0.943579766536964958945077341923
0.945525291828793745807502091338
0.947470817120622643692229303269
0.949416342412451430554654052685
0.951361867704280106394776339584
0.953307392996108893257201089000
0.955252918287937791141928300931
0.957198443579766578004353050346
0.959143968871595253844475337246
0.961089494163424040706900086661
0.963035019455252938591627298592
0.964980544747081725454052048008
0.966926070038910512316476797423
0.968871595330739188156599084323
0.970817120622568197063628758769
0.972762645914396872903751045669
0.974708171206225659766175795085
0.976653696498054446628600544500
0.978599221789883344513327756431
0.980544747081712020353450043331
0.982490272373540807215874792746
0.984435797665369594078299542161
0.986381322957198491963026754092
0.988326848249027278825451503508
0.990272373540855954665573790408
0.992217898832684741527998539823
0.994163424124513639412725751754
0.996108949416342426275150501169
0.998054474708171102115272788069
0.000111914701455883557903135672
0.000260499955801813971173475082
0.000409266482835174004624445576
0.000557991205468742583473140684
0.000706636710515846206380474737
0.000855178184466978100371215010
0.001003592804679653404525963012
0.001151858237782689550407488888
0.001299952317423507018936956747
0.001447852955925505759326998856
0.001595538116617478989131551081
0.001742985805146824492689594521
0.001890174067618973245338831468
0.002037080991472392174634897799
0.002183684707545539924883337690
0.002329963392702211460311145785
0.002475895272730157560536756733
0.002621458625380821468725534018
0.002766631783481843069594230400
0.002911393138087775556144265465
0.003055721141649408306717461414
0.003199594311189942353462756230
0.003342991231482753990145173617
0.003485890558224709681600650413
0.003628271021203781105529673212
0.003770111427458284949348898962
0.003911390664426649815821335210
0.004052087703086489425818861321
0.004192181601082029321347910411
0.004331651505839614717252583631
0.004470476657670089531970702978
0.004608636392857710060988463141
0.004746110146735014329033575109
0.004882877456743326197163845848
0.005018917965477980025479354254
0.005154211423718014356554206756
0.005288737693440070941619524092
0.005422476750815407101069531848
0.005555408689190452498074535015
0.005687513722049429738814030344
0.005818772185959614727523980804
0.005949164543498016398392902460
0.006078671386159409037452938662
0.006207273437244840291748815275
0.006334951554731411103860150291
0.006461686734121066359726182071
0.006587460111269344276152537532
0.006712252965193383699715745649
0.006836046720858444253332564244
0.006958822951942392025237449360
0.007080563383578870710610697614
0.007201249895077103425899966993
0.007320864522619141383230623177
0.007439389461933901964707516186
0.007556807070946969240310409077
0.007673099872406787501366576265
0.007788250556486035237890863669
0.007902241983357987872849115263
0.008015057185748075685438607252
0.008126679371458916945059058889
0.008237091925870137706922058385
0.008346278414411378854254053294
0.008454222585008476509305097579
0.008560908370502190445350265691
0.008666319891040450210106804718
0.008770441456441487385053967785
0.008873257568529370128973532417
0.008974752923440928661924509413
0.009074912413903721275509894895
0.009173721131484598514949091452
0.009271164368808789205123055410
0.009367227621749185662025638521
0.009461896591584995422352655225
0.009555157187130394400020882983
0.009646995526831439807247114970
0.009737397940833001849791905613
0.009826350973012831085950935517
0.009913841382984765054908748994
0.009999856148069575373371620231
0.010084382465233129172466064460
0.010167407752992409578074450849
0.010248919653287672654196072131
0.010328906033322593494006014225
0.010407354987369759474757913154
0.010484254838542870699735765072
0.010559594140534821898880224467
0.010633361679321551296339976034
0.010705546474831115211223675487
0.010776137782578005738787219059
0.010845125095262418343788901609
0.010912498144334545693845406333
0.010978246901522503015113940705
0.011042361580325413261682854227
0.011104832637469972886345992436
0.011165650774330810462986462994
0.011224806938314796020406127752
0.011282292324208303621602134115
0.011338098375487829644336912338
0.011392216785593874822657411983
0.011444639499166917376293817199
0.011495358713246929191487133437
0.011544366878434310016987573988
0.011591656700013962255635391330
0.011637221139040972855971389777
0.011681053413388309963893973986
0.011723146998756324432822140125
0.011763495629643939965891519250
0.011802093300281125964890094338
0.011838934265523005234799214236
0.011874013041704862755909566374
0.011907324407458421550165539315
0.011938863404489004002573260266
0.011968625338313654965505250516
0.011996605778959812046990940360
0.012022800561624623696954650143
0.012047205787294967133105316748
0.012069817823327970082725180134
0.012090633303991391023224366563
0.012109649130964626403961226231
0.012126862473800304950688477845
0.012142270770344999741841007790
0.012155871727121072070620932948
0.012167663319667862062423147052
0.012177643792842878303628317838
0.012185811661083371590375001858
0.012192165708627161757604540071
0.012196704989693760157187796267
0.012199428828625107773531155431
0.012200336819986145817096279131
0.012199428828625107773531155431
0.012196704989693760157187796267
0.012192165708627161757604540071
0.012185811661083371590375001858
0.012177643792842878303628317838
0.012167663319667862062423147052
0.012155871727121072070620932948
0.012142270770344999741841007790
0.012126862473800304950688477845
0.012109649130964626403961226231
0.012090633303991391023224366563
0.012069817823327970082725180134
0.012047205787294967133105316748
0.012022800561624623696954650143
0.011996605778959812046990940360
0.011968625338313654965505250516
0.011938863404489004002573260266
0.011907324407458421550165539315
0.011874013041704862755909566374
0.011838934265523005234799214236
0.011802093300281125964890094338
0.011763495629643939965891519250
0.011723146998756324432822140125
0.011681053413388309963893973986
0.011637221139040972855971389777
0.011591656700013962255635391330
0.011544366878434310016987573988
0.011495358713246929191487133437
0.011444639499166917376293817199
0.011392216785593874822657411983
0.011338098375487829644336912338
0.011282292324208303621602134115
0.011224806938314796020406127752
0.011165650774330810462986462994
0.011104832637469972886345992436
0.011042361580325413261682854227
0.010978246901522503015113940705
0.010912498144334545693845406333
0.010845125095262418343788901609
0.010776137782578005738787219059
0.010705546474831115211223675487
0.010633361679321551296339976034
0.010559594140534821898880224467
0.010484254838542870699735765072
0.010407354987369759474757913154
0.010328906033322593494006014225
0.010248919653287672654196072131
0.010167407752992409578074450849
0.010084382465233129172466064460
0.009999856148069575373371620231
0.009913841382984765054908748994
0.009826350973012831085950935517
0.009737397940833001849791905613
0.009646995526831439807247114970
0.009555157187130394400020882983
0.009461896591584995422352655225
0.009367227621749185662025638521
0.009271164368808789205123055410
0.009173721131484598514949091452
0.009074912413903721275509894895
0.008974752923440928661924509413
0.008873257568529370128973532417
0.008770441456441487385053967785
0.008666319891040450210106804718
0.008560908370502190445350265691
0.008454222585008476509305097579
0.008346278414411378854254053294
0.008237091925870137706922058385
0.008126679371458916945059058889
0.008015057185748075685438607252
0.007902241983357987872849115263
0.007788250556486035237890863669
0.007673099872406787501366576265
0.007556807070946969240310409077
0.007439389461933901964707516186
0.007320864522619141383230623177
0.007201249895077103425899966993
0.007080563383578870710610697614
0.006958822951942392025237449360
0.006836046720858444253332564244
0.006712252965193383699715745649
0.006587460111269344276152537532
0.006461686734121066359726182071
0.006334951554731411103860150291
0.006207273437244840291748815275
0.006078671386159409037452938662
0.005949164543498016398392902460
0.005818772185959614727523980804
0.005687513722049429738814030344
0.005555408689190452498074535015
0.005422476750815407101069531848
0.005288737693440070941619524092
0.005154211423718014356554206756
0.005018917965477980025479354254
0.004882877456743326197163845848
0.004746110146735014329033575109
0.004608636392857710060988463141
0.004470476657670089531970702978
0.004331651505839614717252583631
0.004192181601082029321347910411
0.004052087703086489425818861321
0.003911390664426649815821335210
0.003770111427458284949348898962
0.003628271021203781105529673212
0.003485890558224709681600650413
0.003342991231482753990145173617
0.003199594311189942353462756230
0.003055721141649408306717461414
0.002911393138087775556144265465
0.002766631783481843069594230400
0.002621458625380821468725534018
0.002475895272730157560536756733
0.002329963392702211460311145785
0.002183684707545539924883337690
0.002037080991472392174634897799
0.001890174067618973245338831468
0.001742985805146824492689594521
0.001595538116617478989131551081
0.001447852955925505759326998856
0.001299952317423507018936956747
0.001151858237782689550407488888
0.001003592804679653404525963012
0.000855178184466978100371215010
0.000706636710515846206380474737
0.000557991205468742583473140684
0.000409266482835174004624445576
0.000260499955801813971173475082
0.000111914701455883557903135672
