0.001441580597151009661416320995
0.003309028995042595077541447424
0.005187505684921976147061517537
0.007068474136202199629985809537
0.008950387771252652641118530141
0.010832758782843746048207833610
0.012715385402485124277660588632
0.014598169221677961826522107458
0.016481056566221761322532657346
0.018364015685818770723392034938
0.020247026602814913870398427775
0.022130076120901231995219404780
0.024013155173838254125007196649
0.025896257327456172203650197616
0.027779377889382290967024147221
0.029662513357135319308488519141
0.031545661063521496236816687997
0.033428818941685242704942027103
0.035311985365225589950100015812
0.037195159036818643827349006870
0.039078338909002412193682829411
0.040961524126793359690257290140
0.042844713985417733070892865044
0.044727907898714155954245086377
0.046611105375187936172842739779
0.048494305999641447446624198392
0.050377509418921412320813146835
0.052260715330746228268754549617
0.054143923474862638844928852677
0.056027133625985964249238691082
0.057910345588116717008286826740
0.059793559189929797181850545940
0.061676774281009809353104600405
0.063559990728753998356914678425
0.065443208415809611677715906808
0.067326427237942410020110628466
0.069209647102251692363239499173
0.071092867925669878115257915852
0.072976089633693536073977270462
0.074859312159306870548824974776
0.076742535442062678741059755794
0.078625759427295729975249116706
0.080508984065447056210906850993
0.082392209311479711053571861612
0.084275435124374020734450141390
0.086158661466688352126297445466
0.088041888304176321722316345131
0.089925115605451994005292704060
0.091808343341697018491487369829
0.093691571486401697965717971783
0.095574800015138058895125539038
0.097458028905358290439053803311
0.099341258136216789575989594141
0.101224487688411163288648708658
0.103107717544041535551180288621
0.104990947686484689671537751110
0.106874178100281339021115911692
0.108757408771035055106146671733
0.110640639685322020313584800988
0.112523870830609287740919910448
0.114407102195181381576460921679
0.116290333768073891884675674646
0.118173565539013619707375823964
0.120056797498364065113207743707
0.121940029637076202684298209533
0.123823261946643517483757079845
0.125706494419061454159702861944
0.127589727046790002429332844258
0.129472959822719807521096413438
0.131356192740141042296642126530
0.133239425792715193708204424183
0.135122658974448917046373708217
0.137005892279669916344886360093
0.138889125703005322787220165992
0.140772359239361433136394907706
0.142655592883904808187978119349
0.144538826632045452891262016237
0.146422060479420662604255198858
0.148305294421880728972240603980
0.150188528455475089895543305829
0.152071762576439811764927867443
0.153954996781186181920020317193
0.155838231066289689685788744100
0.157721465428479951098594824543
0.159604699864631632832967511604
0.161487934371755487150679186925
0.163371168946990497072846437732
0.165254403587596021552030833845
0.167137638290945134134091176747
0.169020873054517767331006439235
0.170904107875894578638664711434
0.172787342752751288399437612497
0.174670577682853184198208396083
0.176553812664050097103185521519
0.178437047694271599951321150002
0.180320282771522732989666337744
0.182203517893879479716545688461
0.184086753059485047634424859098
0.185969988266546037980475603035
0.187853223513328976279623816481
0.189736458798157092697778125512
0.191619694119406880350453548090
0.193502929475505541789814856202
0.195386164864927769357905162906
0.197269400286193441473869825131
0.199152635737864958098697343303
0.201035871218544659466687107852
0.202919106726872938706307536449
0.204802342261525743838390667406
0.206685577821212634885839065646
0.208568813404674840983332728683
0.210452049010683261975884761341
0.212335284638036858595455669274
0.214218520285560737326235880573
0.216101755952104651603562501805
0.217984991636541197701504302131
0.219868227337764648998685856895
0.221751463054689040843570069228
0.223634698786247032575857929260
0.225517934531388547503283348306
0.227401170289079329611681146162
0.229284406058299611297357500916
0.231167641838043058655216555053
0.233050877627315355944404018373
0.234934113425133123120858158472
0.236817349230522694591982713064
0.238700585042518981238046649196
0.240583820860164471211462000610
0.242467056682507897669154317555
0.244350292508603406105294197914
0.246233528337509249839243352653
0.248116764168286929592710521320
0.250000000000000000000000000000
0.251883235831713125918440709938
0.253766471662490777916332262976
0.255649707491396649405857033344
0.257532943317492157841996913703
0.259416179139835556544113615018
0.261299414957481046517528966433
0.263182650769477388674744133823
0.265065886574866904634717457157
0.266949122372684644055595981627
0.268832358161956941344783444947
0.270715593941700416458218114713
0.272598829710920698143894469467
0.274482065468611480252292267323
0.276365301213753022935293301998
0.278248536945310986912005546401
0.280131772662235378756889758733
0.282015008363458830054071313498
0.283898244047895431663164345082
0.285781479714439290429339735056
0.287664715361963196915695561984
0.289547950989316793535266469917
0.291431186595325242283394118203
0.293314422178787392869736549983
0.295197657738474283917184948223
0.297080893273127089049268079179
0.298964128781455340533312892148
0.300847364262135097412453887955
0.302730599713806558526130174869
0.304613835135072286153246068352
0.306497070524494485965760759427
0.308380305880593119649546451910
0.310263541201842907302221874488
0.312146776486671051475951799148
0.314030011733453962019524396965
0.315913246940514980121150756531
0.317796482106120548039029927168
0.319679717228477267010333662256
0.321562952305728400048678849998
0.323446187335949930652390094110
0.325329422317146843557367219546
0.327212657247248739356138003131
0.329095892124105449116910904195
0.330979126945482260424569176394
0.332862361709054921377060054510
0.334745596412403978447969166155
0.336628831053009613949456024784
0.338512065628244540604896428704
0.340395300135368394922608104025
0.342278534571520076656980791086
0.344161768933710365825362487158
0.346045003218813873591130914065
0.347928237423560215990647748185
0.349811471544524910104456694171
0.351694705578119326538910627278
0.353577939520579365151320416771
0.355461173367954574864313599392
0.357344407116095219567597496280
0.359227640760638622374756323552
0.361110874296994677212779834008
0.362994107720330139166264871164
0.364877341025551082953626291783
0.366760574207284861802946807074
0.368643807259859013214509104728
0.370527040177280275745630433448
0.372410272953209997570667155742
0.374293505580938545840297138056
0.376176738053356496394030727970
0.378059970362923825071277406096
0.379943202501635990397943487551
0.381826434460986408048199791665
0.383709666231926094237536517539
0.385592897804818646179114693950
0.387476129169390726136867897367
0.389359360314677993564203006827
0.391242591228964986527216751711
0.393125821899718730367823127381
0.395009052313515296450674441076
0.396892282455958533837758750451
0.398775512311588864466926906971
0.400658741863783252057373829302
0.402541971094641737316521812318
0.404425199984861927227086653147
0.406308428513598329789857643846
0.408191656658302981508512630171
0.410074884394548033750282911569
0.411958111695823747666622693941
0.413841338533311675629278170163
0.415724564875626034776701089868
0.417607790688520275068640330574
0.419491015934552957666880956822
0.421374240572704283902538691109
0.423257464557937390647879283279
0.425140687840693198840114064296
0.427023910366306491681598345167
0.428907132074330177395893315406
0.430790352897748363147911732085
0.432673572762057589979889371534
0.434556791584190416077859708821
0.436440009271246043276448745019
0.438323225718990239219152726946
0.440206440810070209757043357968
0.442089654411883303808394884982
0.443972866374014063506336924547
0.445856076525137368093965051230
0.447739284669253778670139354290
0.449622490581078615434762468794
0.451505694000358615003420936773
0.453388894624812133216096299293
0.455272092101285885679118337066
0.457155286014582273868001038863
0.459038475873206675004212229396
0.460921661090997636378574497940
0.462804840963181418622696128296
0.464688014634774437805475599816
0.466571181058314798928421396340
0.468454338936478587029910158890
0.470337486642864677222064528905
0.472220622110617771483020987944
0.474103742672543848613031514105
0.475986844826161770161121467027
0.477869923879098768004780595220
0.479752973397185089599048524178
0.481635984314181253562736628737
0.483518943433778269902489910237
0.485401830778322107562416931614
0.487284614597514875722339411368
0.489167241217156323340731205462
0.491049612228747378583904037441
0.492931525863797848074909779825
0.494812494315078066353663643895
0.496690971004957404488777683582
0.498558419402849062329607932043
0.000000000000000000000000000000
0.001886792452830188693974067249
0.003773584905660377387948134498
0.005660377358490565648241332752
0.007547169811320754775896268995
0.009433962264150943036189467250
0.011320754716981131296482665505
0.013207547169811321291499339736
0.015094339622641509551792537991
0.016981132075471697812085736246
0.018867924528301886072378934500
0.020754716981132074332672132755
0.022641509433962262592965331010
0.024528301886792450853258529264
0.026415094339622642582998679472
0.028301886792452830843291877727
0.030188679245283019103585075982
0.032075471698113207363878274236
0.033962264150943395624171472491
0.035849056603773590823358574653
0.037735849056603772144757869000
0.039622641509433960405051067255
0.041509433962264148665344265510
0.043396226415094336925637463764
0.045283018867924525185930662019
0.047169811320754720385117764181
0.049056603773584901706517058528
0.050943396226415096905704160690
0.052830188679245285165997358945
0.054716981132075473426290557200
0.056603773584905661686583755454
0.058490566037735849946876953709
0.060377358490566038207170151964
0.062264150943396226467463350218
0.064150943396226414727756548473
0.066037735849056602988049746727
0.067924528301886791248342944982
0.069811320754716979508636143237
0.071698113207547181646717149306
0.073584905660377356029222539746
0.075471698113207544289515738001
0.077358490566037732549808936255
0.079245283018867920810102134510
0.081132075471698109070395332765
0.083018867924528297330688531019
0.084905660377358485590981729274
0.086792452830188673851274927529
0.088679245283018862111568125783
0.090566037735849050371861324038
0.092452830188679252509942330107
0.094339622641509440770235528362
0.096226415094339615152740918802
0.098113207547169803413034117057
0.099999999999999991673327315311
0.101886792452830193811408321380
0.103773584905660382071701519635
0.105660377358490570331994717890
0.107547169811320758592287916144
0.109433962264150946852581114399
0.111320754716981135112874312654
0.113207547169811323373167510908
0.115094339622641511633460709163
0.116981132075471699893753907418
0.118867924528301888154047105672
0.120754716981132076414340303927
0.122641509433962264674633502182
0.124528301886792452934926700436
0.126415094339622641195219898691
0.128301886792452829455513096946
0.130188679245283017715806295200
0.132075471698113205976099493455
0.133962264150943394236392691710
0.135849056603773582496685889964
0.137735849056603770756979088219
0.139622641509433959017272286474
0.141509433962264175033141100357
0.143396226415094363293434298612
0.145283018867924523798151881238
0.147169811320754712058445079492
0.149056603773584900318738277747
0.150943396226415088579031476002
0.152830188679245276839324674256
0.154716981132075465099617872511
0.156603773584905653359911070766
0.158490566037735841620204269020
0.160377358490566029880497467275
0.162264150943396218140790665529
0.164150943396226406401083863784
0.166037735849056594661377062039
0.167924528301886782921670260293
0.169811320754716971181963458548
0.171698113207547159442256656803
0.173584905660377347702549855057
0.175471698113207535962843053312
0.177358490566037724223136251567
0.179245283018867912483429449821
0.181132075471698100743722648076
0.183018867924528316759591461960
0.184905660377358505019884660214
0.186792452830188693280177858469
0.188679245283018881540471056724
0.190566037735849042045188639349
0.192452830188679230305481837604
0.194339622641509418565775035859
0.196226415094339606826068234113
0.198113207547169795086361432368
0.199999999999999983346654630623
0.201886792452830199362523444506
0.203773584905660387622816642761
0.205660377358490575883109841016
0.207547169811320764143403039270
0.209433962264150952403696237525
0.211320754716981140663989435780
0.213207547169811328924282634034
0.215094339622641517184575832289
0.216981132075471705444869030543
0.218867924528301893705162228798
0.220754716981132081965455427053
0.222641509433962270225748625307
0.224528301886792458486041823562
0.226415094339622646746335021817
0.228301886792452835006628220071
0.230188679245283023266921418326
0.232075471698113211527214616581
0.233962264150943399787507814835
0.235849056603773588047801013090
0.237735849056603776308094211345
0.239622641509433964568387409599
0.241509433962264152828680607854
0.243396226415094341088973806109
0.245283018867924529349267004363
0.247169811320754717609560202618
0.249056603773584905869853400873
0.250943396226415094130146599127
0.252830188679245282390439797382
0.254716981132075470650732995637
0.256603773584905658911026193891
0.258490566037735847171319392146
0.260377358490566035431612590401
0.262264150943396223691905788655
0.264150943396226411952198986910
0.266037735849056600212492185165
0.267924528301886788472785383419
0.269811320754716976733078581674
0.271698113207547164993371779929
0.273584905660377353253664978183
0.275471698113207541513958176438
0.277358490566037729774251374693
0.279245283018867918034544572947
0.281132075471698106294837771202
0.283018867924528350066282200714
0.284905660377358538326575398969
0.286792452830188726586868597224
0.288679245283018914847161795478
0.290566037735849047596303762475
0.292452830188679235856596960730
0.294339622641509424116890158984
0.296226415094339612377183357239
0.298113207547169800637476555494
0.299999999999999988897769753748
0.301886792452830177158062952003
0.303773584905660365418356150258
0.305660377358490553678649348512
0.307547169811320741938942546767
0.309433962264150930199235745022
0.311320754716981118459528943276
0.313207547169811306719822141531
0.315094339622641494980115339786
0.316981132075471683240408538040
0.318867924528301871500701736295
0.320754716981132059760994934550
0.322641509433962248021288132804
0.324528301886792436281581331059
0.326415094339622624541874529314
0.328301886792452812802167727568
0.330188679245283001062460925823
0.332075471698113189322754124078
0.333962264150943377583047322332
0.335849056603773565843340520587
0.337735849056603754103633718842
0.339622641509433942363926917096
0.341509433962264130624220115351
0.343396226415094318884513313606
0.345283018867924507144806511860
0.347169811320754695405099710115
0.349056603773584883665392908370
0.350943396226415071925686106624
0.352830188679245260185979304879
0.354716981132075448446272503134
0.356603773584905636706565701388
0.358490566037735824966858899643
0.360377358490566013227152097897
0.362264150943396201487445296152
0.364150943396226445258889725665
0.366037735849056633519182923919
0.367924528301886821779476122174
0.369811320754717010039769320429
0.371698113207547198300062518683
0.373584905660377386560355716938
0.375471698113207574820648915193
0.377358490566037763080942113447
0.379245283018867951341235311702
0.381132075471698084090377278699
0.383018867924528327861821708211
0.384905660377358460610963675208
0.386792452830188704382408104721
0.388679245283018837131550071717
0.390566037735849080902994501230
0.392452830188679213652136468227
0.394339622641509457423580897739
0.396226415094339590172722864736
0.398113207547169833944167294248
0.399999999999999966693309261245
0.401886792452830210464753690758
0.403773584905660398725046889012
0.405660377358490586985340087267
0.407547169811320775245633285522
0.409433962264150963505926483776
0.411320754716981151766219682031
0.413207547169811340026512880286
0.415094339622641528286806078540
0.416981132075471716547099276795
0.418867924528301904807392475050
0.420754716981132093067685673304
0.422641509433962281327978871559
0.424528301886792469588272069814
0.426415094339622657848565268068
0.428301886792452846108858466323
0.430188679245283034369151664578
0.432075471698113167118293631574
0.433962264150943410889738061087
0.435849056603773543638880028084
0.437735849056603787410324457596
0.439622641509433920159466424593
0.441509433962264163930910854106
0.443396226415094296680052821102
0.445283018867924540451497250615
0.447169811320754673200639217612
0.449056603773584916972083647124
0.450943396226415049721225614121
0.452830188679245293492670043634
0.454716981132075426241812010630
0.456603773584905670013256440143
0.458490566037735802762398407140
0.460377358490566046533842836652
0.462264150943396179282984803649
0.464150943396226423054429233161
0.466037735849056555803571200158
0.467924528301886799575015629671
0.469811320754716932324157596668
0.471698113207547176095602026180
0.473584905660377308844743993177
0.475471698113207552616188422689
0.477358490566037685365330389686
0.479245283018867929136774819199
0.481132075471698061885916786196
0.483018867924528305657361215708
0.484905660377358549428805645221
0.486792452830188682177947612217
0.488679245283018925949392041730
0.490566037735849058698534008727
0.492452830188679302469978438239
0.494339622641509435219120405236
0.496226415094339678990564834749
0.498113207547169811739706801745
0.500000000000000000000000000000
0.501886792452830188260293198255
0.503773584905660376520586396509
0.505660377358490564780879594764
0.507547169811320753041172793019
0.509433962264150941301465991273
0.511320754716981129561759189528
0.513207547169811317822052387783
0.515094339622641506082345586037
0.516981132075471694342638784292
0.518867924528301882602931982547
0.520754716981132070863225180801
0.522641509433962259123518379056
0.524528301886792447383811577311
0.526415094339622635644104775565
0.528301886792452823904397973820
0.530188679245283012164691172075
0.532075471698113200424984370329
0.533962264150943388685277568584
0.535849056603773576945570766839
0.537735849056603765205863965093
0.539622641509433953466157163348
0.541509433962264141726450361602
0.543396226415094329986743559857
0.545283018867924518247036758112
0.547169811320754706507329956366
0.549056603773584894767623154621
0.550943396226415083027916352876
0.552830188679245271288209551130
0.554716981132075459548502749385
0.556603773584905647808795947640
0.558490566037735836069089145894
0.560377358490566024329382344149
0.562264150943396212589675542404
0.564150943396226400849968740658
0.566037735849056700132564401429
0.567924528301886777370555137168
0.569811320754717076653150797938
0.571698113207547153891141533677
0.573584905660377453173737194447
0.575471698113207530411727930186
0.577358490566037829694323590957
0.579245283018867906932314326696
0.581132075471698095192607524950
0.583018867924528283452900723205
0.584905660377358471713193921460
0.586792452830188659973487119714
0.588679245283018848233780317969
0.590566037735849036494073516224
0.592452830188679224754366714478
0.594339622641509413014659912733
0.596226415094339601274953110988
0.598113207547169789535246309242
0.599999999999999977795539507497
0.601886792452830166055832705752
0.603773584905660354316125904006
0.605660377358490542576419102261
0.607547169811320730836712300516
0.609433962264150919097005498770
0.611320754716981107357298697025
0.613207547169811295617591895279
0.615094339622641483877885093534
0.616981132075471672138178291789
0.618867924528301860398471490043
0.620754716981132048658764688298
0.622641509433962236919057886553
0.624528301886792425179351084807
0.626415094339622613439644283062
0.628301886792452801699937481317
0.630188679245282989960230679571
0.632075471698113178220523877826
0.633962264150943366480817076081
0.635849056603773554741110274335
0.637735849056603743001403472590
0.639622641509433931261696670845
0.641509433962264119521989869099
0.643396226415094307782283067354
0.645283018867924496042576265609
0.647169811320754795325171926379
0.649056603773584872563162662118
0.650943396226415171845758322888
0.652830188679245249083749058627
0.654716981132075548366344719398
0.656603773584905625604335455137
0.658490566037735924886931115907
0.660377358490566002124921851646
0.662264150943396301407517512416
0.664150943396226378645508248155
0.666037735849056677928103908926
0.667924528301886755166094644665
0.669811320754717054448690305435
0.671698113207547131686681041174
0.673584905660377430969276701944
0.675471698113207508207267437683
0.677358490566037807489863098453
0.679245283018867884727853834193
0.681132075471698184010449494963
0.683018867924528261248440230702
0.684905660377358560531035891472
0.686792452830188637769026627211
0.688679245283018937051622287981
0.690566037735849014289613023720
0.692452830188679313572208684491
0.694339622641509390810199420230
0.696226415094339690092795081000
0.698113207547169767330785816739
0.700000000000000066613381477509
0.701886792452830143851372213248
0.703773584905660443133967874019
0.705660377358490520371958609758
0.707547169811320819654554270528
0.709433962264150896892545006267
0.711320754716981196175140667037
0.713207547169811273413131402776
0.715094339622641572695727063547
0.716981132075471649933717799286
0.718867924528301949216313460056
0.720754716981132026454304195795
0.722641509433962214714597394050
0.724528301886792402974890592304
0.726415094339622591235183790559
0.728301886792452890517779451329
0.730188679245282967755770187068
0.732075471698113267038365847839
0.733962264150943344276356583578
0.735849056603773643558952244348
0.737735849056603720796942980087
0.739622641509434020079538640857
0.741509433962264097317529376596
0.743396226415094396600125037367
0.745283018867924473838115773106
0.747169811320754773120711433876
0.749056603773584850358702169615
0.750943396226415149641297830385
0.752830188679245226879288566124
0.754716981132075526161884226894
0.756603773584905603399874962633
0.758490566037735902682470623404
0.760377358490565979920461359143
0.762264150943396168180754557397
0.764150943396226467463350218168
0.766037735849056655723643416422
0.767924528301886732961634152161
0.769811320754716921221927350416
0.771698113207547220504523011186
0.773584905660377408764816209441
0.775471698113207486002806945180
0.777358490566037674263100143435
0.779245283018867973545695804205
0.781132075471698161805989002460
0.783018867924528239043979738199
0.784905660377358427304272936453
0.786792452830188726586868597224
0.788679245283018914847161795478
0.790566037735848992085152531217
0.792452830188679180345445729472
0.794339622641509479628041390242
0.796226415094339667888334588497
0.798113207547169745126325324236
0.799999999999999933386618522491
0.801886792452830232669214183261
0.803773584905660420929507381516
0.805660377358490498167498117255
0.807547169811320797450093778025
0.809433962264150985710386976280
0.811320754716981173970680174534
0.813207547169811251208670910273
0.815094339622641550491266571044
0.816981132075471738751559769298
0.818867924528301927011852967553
0.820754716981132004249843703292
0.822641509433962303532439364062
0.824528301886792491792732562317
0.826415094339622680053025760571
0.828301886792452757291016496310
0.830188679245283056573612157081
0.832075471698113244833905355335
0.833962264150943433094198553590
0.835849056603773510332189289329
0.837735849056603809614784950099
0.839622641509433997875078148354
0.841509433962264186135371346609
0.843396226415094263373362082348
0.845283018867924562655957743118
0.847169811320754750916250941373
0.849056603773584939176544139627
0.850943396226415016414534875366
0.852830188679245315697130536137
0.854716981132075503957423734391
0.856603773584905692217716932646
0.858490566037735769455707668385
0.860377358490566068738303329155
0.862264150943396256998596527410
0.864150943396226334236587263149
0.866037735849056522496880461404
0.867924528301886821779476122174
0.869811320754717010039769320429
0.871698113207547087277760056168
0.873584905660377275538053254422
0.875471698113207574820648915193
0.877358490566037763080942113447
0.879245283018867840318932849186
0.881132075471698028579226047441
0.883018867924528327861821708211
0.884905660377358516122114906466
0.886792452830188593360105642205
0.888679245283019003665003765491
0.890566037735849080902994501230
0.892452830188679269163287699484
0.894339622641509346401278435224
0.896226415094339756706176558509
0.898113207547169833944167294248
0.900000000000000022204460492503
0.901886792452830099442451228242
0.903773584905660509747349351528
0.905660377358490586985340087267
0.907547169811320775245633285522
0.909433962264150852483624021261
0.911320754716981262788522144547
0.913207547169811340026512880286
0.915094339622641528286806078540
0.916981132075471605524796814279
0.918867924528301904807392475050
0.920754716981132093067685673304
0.922641509433962281327978871559
0.924528301886792358565969607298
0.926415094339622657848565268068
0.928301886792452846108858466323
0.930188679245283034369151664578
0.932075471698113111607142400317
0.933962264150943410889738061087
0.935849056603773599150031259342
0.937735849056603787410324457596
0.939622641509433864648315193335
0.941509433962264163930910854106
0.943396226415094352191204052360
0.945283018867924540451497250615
0.947169811320754617689487986354
0.949056603773584916972083647124
0.950943396226415105232376845379
0.952830188679245293492670043634
0.954716981132075370730660779373
0.956603773584905670013256440143
0.958490566037735858273549638398
0.960377358490566046533842836652
0.962264150943396123771833572391
0.964150943396226423054429233161
0.966037735849056611314722431416
0.967924528301886799575015629671
0.969811320754717098857611290441
0.971698113207547176095602026180
0.973584905660377364355895224435
0.975471698113207552616188422689
0.977358490566037851898784083460
0.979245283018867929136774819199
0.981132075471698117397068017453
0.983018867924528305657361215708
0.984905660377358604939956876478
0.986792452830188682177947612217
0.988679245283018870438240810472
0.990566037735849058698534008727
0.992452830188679357981129669497
0.994339622641509435219120405236
0.996226415094339623479413603491
0.998113207547169811739706801745
0.000105272021729996428126945041
0.000245038923973791406517308555
0.000384978503721450848393259569
0.000524882160882249966180057577
0.000664715938049144838481452346
0.000804457728287380773209147566
0.000944087295663937264497689306
0.001083584862422830048106492384
0.001222930805506102685045743961
0.001362105573098111024540890490
0.001501089658243652882885221800
0.001639863590321973246116682432
0.001778407932944186392587582191
0.001916703284423278618939234796
0.002054730279367384965932830099
0.002192469590798164138373271825
0.002329901932528465145072482656
0.002467008061672893055871202961
0.002603768781228792822401985063
0.002740164942693719320881973189
0.002876177448702400482605234799
0.003011787255671489766523096776
0.003146975376446610201536246976
0.003281722882947934322173111354
0.003416010908811269002061106193
0.003549820652023211869918739580
0.003683133377549155894337129524
0.003815930419953058802540191152
0.003948193186008812534393275229
0.004079903157301291959091482653
0.004211041892818055167035939945
0.004341591031530352660927629671
0.004471532294963124522235720093
0.004600847489753391410249871996
0.004729518510197402818284739823
0.004857527340785172155490645451
0.004984856058722343143119193343
0.005111486836439806460963275470
0.005237401944089445544883165695
0.005362583752026086128528170605
0.005487014733276102292081066736
0.005610677465991239197540263461
0.005733554635887756593948250128
0.005855629038670366603991368493
0.005976883582441446310373756035
0.006097301290093737509423466037
0.006216865301687382779072255090
0.006335558876810508562027468571
0.006453365396923075973656391824
0.006570268367683441620985540510
0.006686251421258253800627979757
0.006801298318613658785980469190
0.006915392951789008091356691921
0.007028519346152515070991206869
0.007140661662637250162166679956
0.007251804199959576389955540066
0.007361931396816865334764568018
0.007471027834066607323237896310
0.007579078236884973819587063559
0.007686067476905843361134618164
0.007791980574339062853850279566
0.007896802700066747268681233152
0.008000519177721069838393752605
0.008103115485737909240437915059
0.008204577259390647206438451633
0.008304890292801174467296476678
0.008404040540929053060281717080
0.008502014121537688345897620934
0.008598797317138523813029316045
0.008694376576911154452798058401
0.008788738518600663213176105160
0.008881869930391679199277454870
0.008973757772757844433653140470
0.009064389180287494088283928306
0.009153751463485170283829184257
0.009241832110548272097294564276
0.009328618789118718612751735009
0.009414099348009657974856168039
0.009498261818906839071274816888
0.009581094418044432473036131626
0.009662585547854693479585819205
0.009742723798591753497921885696
0.009821497949929345466779651019
0.009898896972531706986431210282
0.009974910029597449517835272559
0.010049526478377529895014141914
0.010122735871664841761363717865
0.010194527959256988181024894402
0.010264892689391735824955276257
0.010333820210154097754551294486
0.010401300870855891347876998054
0.010467325223386739208031315229
0.010531884023537078573506953205
0.010594968232292667487115522817
0.010656569017099670054760096605
0.010716677753101682551983842018
0.010775286024347234536957529372
0.010832385624968103240983730018
0.010887968560328172354378928333
0.010942027048142866432756115103
0.010994553519568864285993470276
0.011045540620263567463399390078
0.011094981211414856395180983384
0.011142868370740950309527583784
0.011189195393459184374451709232
0.011233955793224937452778888769
0.011277143303039714739011145639
0.011318751876128855388126126513
0.011358775686787832975843670624
0.011397209131198137582741125584
0.011434046828211821833498618162
0.011469283620104778545489843111
0.011502914573299216627333407814
0.011534934979054015102839514384
0.011565340354124488755904742732
0.011594126441389438625373387026
0.011621289210447929840519520894
0.011646824858183113179932455239
0.011670729809294783443918142041
0.011693000716800152488650255123
0.011713634462502231503577831973
0.011732628157426559789566766767
0.011749979142225712783198510181
0.011765684987551431467389662089
0.011779743494395211039771353967
0.011792152694395598502841160382
0.011802910850114246149589192214
0.011812016455278982751675442842
0.011819468234994693484063432720
0.011825265145921991238875392582
0.011829406376422994112695974422
0.011831891346675350515371683002
0.011832719708753046058968827481
0.011831891346675350515371683002
0.011829406376422994112695974422
0.011825265145921991238875392582
0.011819468234994693484063432720
0.011812016455278982751675442842
0.011802910850114246149589192214
0.011792152694395598502841160382
0.011779743494395211039771353967
0.011765684987551431467389662089
0.011749979142225712783198510181
0.011732628157426559789566766767
0.011713634462502231503577831973
0.011693000716800152488650255123
0.011670729809294783443918142041
0.011646824858183113179932455239
0.011621289210447929840519520894
0.011594126441389438625373387026
0.011565340354124488755904742732
0.011534934979054015102839514384
0.011502914573299216627333407814
0.011469283620104778545489843111
0.011434046828211821833498618162
0.011397209131198137582741125584
0.011358775686787832975843670624
0.011318751876128855388126126513
0.011277143303039714739011145639
0.011233955793224937452778888769
0.011189195393459184374451709232
0.011142868370740950309527583784
0.011094981211414856395180983384
0.011045540620263567463399390078
0.010994553519568864285993470276
0.010942027048142866432756115103
0.010887968560328172354378928333
0.010832385624968103240983730018
0.010775286024347234536957529372
0.010716677753101682551983842018
0.010656569017099670054760096605
0.010594968232292667487115522817
0.010531884023537078573506953205
0.010467325223386739208031315229
0.010401300870855891347876998054
0.010333820210154097754551294486
0.010264892689391735824955276257
0.010194527959256988181024894402
0.010122735871664841761363717865
0.010049526478377529895014141914
0.009974910029597449517835272559
0.009898896972531706986431210282
0.009821497949929345466779651019
0.009742723798591753497921885696
0.009662585547854693479585819205
0.009581094418044432473036131626
0.009498261818906839071274816888
0.009414099348009657974856168039
0.009328618789118718612751735009
0.009241832110548272097294564276
0.009153751463485170283829184257
0.009064389180287494088283928306
0.008973757772757844433653140470
0.008881869930391679199277454870
0.008788738518600663213176105160
0.008694376576911154452798058401
0.008598797317138523813029316045
0.008502014121537688345897620934
0.008404040540929053060281717080
0.008304890292801174467296476678
0.008204577259390647206438451633
0.008103115485737909240437915059
0.008000519177721069838393752605
0.007896802700066747268681233152
0.007791980574339062853850279566
0.007686067476905843361134618164
0.007579078236884973819587063559
0.007471027834066607323237896310
0.007361931396816865334764568018
0.007251804199959576389955540066
0.007140661662637250162166679956
0.007028519346152515070991206869
0.006915392951789008091356691921
0.006801298318613658785980469190
0.006686251421258253800627979757
0.006570268367683441620985540510
0.006453365396923075973656391824
0.006335558876810508562027468571
0.006216865301687382779072255090
0.006097301290093737509423466037
0.005976883582441446310373756035
0.005855629038670366603991368493
0.005733554635887756593948250128
0.005610677465991239197540263461
0.005487014733276102292081066736
0.005362583752026086128528170605
0.005237401944089445544883165695
0.005111486836439806460963275470
0.004984856058722343143119193343
0.004857527340785172155490645451
0.004729518510197402818284739823
0.004600847489753391410249871996
0.004471532294963124522235720093
0.004341591031530352660927629671
0.004211041892818055167035939945
0.004079903157301291959091482653
0.003948193186008812534393275229
0.003815930419953058802540191152
0.003683133377549155894337129524
0.003549820652023211869918739580
0.003416010908811269002061106193
0.003281722882947934322173111354
0.003146975376446610201536246976
0.003011787255671489766523096776
0.002876177448702400482605234799
0.002740164942693719320881973189
0.002603768781228792822401985063
0.002467008061672893055871202961
0.002329901932528465145072482656
0.002192469590798164138373271825
0.002054730279367384965932830099
0.001916703284423278618939234796
0.001778407932944186392587582191
0.001639863590321973246116682432
0.001501089658243652882885221800
0.001362105573098111024540890490
0.001222930805506102685045743961
0.001083584862422830048106492384
0.000944087295663937264497689306
0.000804457728287380773209147566
0.000664715938049144838481452346
0.000524882160882249966180057577
0.000384978503721450848393259569
0.000245038923973791406517308555
0.000105272021729996428126945041
