0.001399413753509189681581426079
0.003212238494043560040752671725
0.005035768944360345493460595634
0.006861718271019925409481832190
0.008688585134448043381660831130
0.010515895995991765554666841354
0.012343454988980423828182075852
0.014171166583413205564134784709
0.015998978675089779721840699267
0.017826860442428045516738421838
0.019654792492135714915280075843
0.021482762013909511428222387508
0.023310760206706571812107497976
0.025138780824567795446622398003
0.026966819312380208017998484138
0.028794872270119335755378386921
0.030622937108615171791781151001
0.032451011821474966267953021770
0.034279094829878578587489812435
0.036107184874455862388931137730
0.037935280938391630067840765150
0.039763382191717544511533333207
0.041591487950282647612088027245
0.043419597645078390757422681645
0.045247710798993999448125435947
0.047075827008984195976015740825
0.048903945932233093552010672056
0.050732067275308705134317932561
0.052560190785578310423975523236
0.054388316244354570350161282022
0.056216443461378808044148769341
0.058044572270345894116072571478
0.059872702525247942229036368644
0.061700834097369025577073387012
0.063528966872797631992852984695
0.065357100750356611484903623932
0.067185235639871415669333032383
0.069013371460712555349736874177
0.070841508140565001561128610774
0.072669645614381897513744945627
0.074497783823493188282149901625
0.076325922714841828997656136835
0.078154062240327629162983669175
0.079982202356240525431552157443
0.081810343022770251608655200926
0.083638484203580013010004279295
0.085466625865434880937598904893
0.087294767977877205100689650408
0.089122910512941591609781255556
0.090951053444904159106521035483
0.092779196750061979082069285596
0.094607340406537593358038407132
0.096435484394105847050226998363
0.098263628694039983901831192270
0.100091773288975241507081648251
0.101919918162785852477902892588
0.103748063300476409120953746879
0.105576208688083733600038272016
0.107404354312588545816709029168
0.109232500161836901253487042140
0.111060646224468664855500321664
0.112888792489853007072753143802
0.114716938948030228173635691746
0.116545085589659064284617784324
0.118373232405968933922402186454
0.120201379388715959284361645132
0.122029526530143983542586738622
0.123857673822947975117436669734
0.125685821260241414876190901850
0.127513968835525848266598814007
0.129342116542663643219412961116
0.131170264375852441141034887551
0.132998412329602244685844425476
0.134826560398713768407219504297
0.136654708578259065365756441679
0.138482856863563541516271016008
0.140311005250189024806672932755
0.142139153733918527366952844204
0.143967302310742284454647688108
0.145795450976844126467213413889
0.147623599728589821600266418500
0.149451748562515307483522519760
0.151279897475316699173575329951
0.153108046463840186124372166887
0.154936195525073150403017052668
0.156764344656135784505934793742
0.158592493854273153264244911043
0.160420643116847894127374729578
0.162248792441333528069336011868
0.164076941825307937028455285144
0.165905091266447479725343328028
0.167733240762521357281045197851
0.169561390311386506191126954946
0.171389539910982546810913618174
0.173217689559327342463390664307
0.175045839254512558547105527396
0.176873988994699749000005795097
0.178702138778116331740974942477
0.180530288603052313511909687804
0.182358438467856570630587498272
0.184186588370933906899651333333
0.186014738310741972737716309894
0.187842888285788323088354445645
0.189671038294627808395986789947
0.191499188335860215381956095371
0.193327338408127408220238407921
0.195155488510111496669452435526
0.196983638640532421337780988324
0.198811788798145983037102269009
0.200639938981741733359243085033
0.202468089190141364852593142132
0.204296239422196740376236334669
0.206124389676788200009838192273
0.207952539952823117763713867134
0.209780690249234125221988733756
0.211608840564977723763817607505
0.213436990899032924540179578798
0.215265141250399777428370384769
0.217093291618098205297826552851
0.218921442001166477453466541192
0.220749592398660293701695422897
0.222577742809651535349502182726
0.224405893233226877425678935651
0.226234043668486983769128073618
0.228062194114545424561413256015
0.229890344570527455081432322004
0.231718495035569099771421974765
0.233546645508816291814113697001
0.235374795989423651887406663263
0.237202946476553822030552964861
0.239031096969376355421132984702
0.240859247467066855952211312797
0.242687397968806201076219508650
0.244515548473779487093082707361
0.246343698981175168727375535127
0.248171849490184420750082949780
0.250000000000000000000000000000
0.251828150509815607005492665849
0.253656301018824859028200080502
0.255484451526220568418068523897
0.257312602031193826679356106979
0.259140752532933171803364302832
0.260968903030623700090018246556
0.262797053523446233480598266397
0.264625204010576375868168952366
0.266453354491183735941461918628
0.268281504964430927984153640864
0.270109655429472572674143293625
0.271937805885454575438586743985
0.273765956331513016230871926382
0.275594106766773150329896679978
0.277422257190348520161649048532
0.279250407601339734053880192732
0.281078557998833578057684690066
0.282906708381901850213324678407
0.284734858749600250327205230860
0.286563009100967103215396036830
0.288391159435022303991758008124
0.290219309750765930289162497502
0.292047460047176909991861748495
0.293875610323211799990161807727
0.295703760577803287379339280960
0.297531910809858635147406857868
0.299360061018258294396332530596
0.301188211201854072474048962249
0.303016361359467578662219011676
0.304844511489888558841698795732
0.306672661591872619535337207708
0.308500811664139784618043904629
0.310328961705372219359588825682
0.312157111714211676911645554355
0.313985261689258055017859305735
0.315813411629066120855924282296
0.317641561532143457124988117357
0.319469711396947741999241543454
0.321297861221883696014600673152
0.323126011005300306511145436161
0.324954160745487441452894472604
0.326782310440672685292184951322
0.328610460089017508700237613084
0.330438609688613549320024276312
0.332266759237478670474530417778
0.334094908733552520274656671972
0.335923058174692090727120330484
0.337751207558666499686239603761
0.339579356883152161383776501680
0.341407506145726902246906320215
0.343235655343864243249640821887
0.345063804474926905108134178590
0.346891953536159869386779064371
0.348720102524683328582000285678
0.350548251437484692516477480240
0.352376400271410261666460428387
0.354204549023155956799513432998
0.356032697689257771056503543150
0.357860846266081500388622771425
0.359688994749811030704478298503
0.361517143136436458483728983992
0.363345291421740934634243558321
0.365173439601286231592780495703
0.367001587670397755314155574524
0.368829735624147558858965112449
0.370657883457336412291738270142
0.372486031164474151733401185993
0.374314178739758696146111560665
0.376142326177052066515926753709
0.377970473469856071968564492636
0.379798620611284054593426162683
0.381626767594031135466536852618
0.383454914410340907959806600047
0.385283061051969799581939923883
0.387111207510147048438398087455
0.388939353775531349022287486150
0.390767499838163168135451996932
0.392595645687411454183290970832
0.394423791311916238644386112355
0.396251936699523577001258445307
0.398080081837214216911036146485
0.399908226711024772370706159563
0.401736371305959960587017576472
0.403564515605894180705348617266
0.405392659593462378886385977239
0.407220803249938090306869753476
0.409048946555095882526842387961
0.410877089487058477779157783516
0.412705232022122836532673773036
0.414533374134565091306825479478
0.416361515796420000867783528520
0.418189656977229817780283838147
0.420017797643759516201811266001
0.421845937759672384714804138639
0.423674077285158212635707286609
0.425502216176506853351213521819
0.427330354385618171875194093445
0.429158491859434998438871389226
0.430986628539287486283626549266
0.432814764360128612086242583246
0.434642899249643388515096376068
0.436471033127202423518298246563
0.438299165902631016056290036431
0.440127297474752043893175823541
0.441955427729654126700609140244
0.443783556538621226650320750196
0.445611683755645471283202141421
0.447439809214421668759342765043
0.449267932724691287926788163531
0.451096054067766927264671039666
0.452924172991015838718453778711
0.454752289201006076879707507032
0.456580402354921643937046837891
0.458408512049717331571230261034
0.460236617808282510999617898051
0.462064719061608397687734850479
0.463892815125544144549962766177
0.465720905170121435290297995380
0.467548988178525026793153074323
0.469377062891384866372135320489
0.471205127729880712816878940430
0.473033180687619847493152747120
0.474861219175432225370059313718
0.476689239793293417779551646163
0.478517237986090526735694083982
0.480345207507864302431954683925
0.482173139557571961422155482069
0.484001021324910241094841012455
0.485828833416586836069228638735
0.487656545011019626478798727476
0.489484104004008269139802678183
0.491311414865551965291956548754
0.493138281728980054641198194076
0.494964231055639691803094137867
0.496787761505956437790842983304
0.498600586246490840025558100024
0.000000000000000000000000000000
0.001831501831501831500242927220
0.003663003663003663000485854440
0.005494505494505494067047912665
0.007326007326007326000971708879
0.009157509157509157934895505093
0.010989010989010988134095825330
0.012820512820512820068019621544
0.014652014652014652001943417758
0.016483516483516480466420262019
0.018315018315018315869791010186
0.020146520146520144334267854447
0.021978021978021976268191650661
0.023809523809523804732668494921
0.025641025641025640136039243089
0.027472527472527472069963039303
0.029304029304029304003886835517
0.031135531135531132468363679777
0.032967032967032960932840524038
0.034798534798534799805658224159
0.036630036630036631739582020373
0.038461538461538463673505816587
0.040293040293040288668535708894
0.042124542124542120602459505108
0.043956043956043952536383301322
0.045787545787545784470307097536
0.047619047619047609465336989842
0.049450549450549455277048593871
0.051282051282051280272078486178
0.053113553113553112206002282392
0.054945054945054944139926078606
0.056776556776556776073849874820
0.058608058608058608007773671034
0.060439560439560433002803563340
0.062271062271062264936727359554
0.064102564102564096870651155768
0.065934065934065921865681048075
0.067765567765567760738498748196
0.069597069597069599611316448318
0.071428571428571424606346340624
0.073260073260073263479164040746
0.075091575091575088474193933052
0.076923076923076927347011633174
0.078754578754578752342041525480
0.080586080586080577337071417787
0.082417582417582416209889117908
0.084249084249084241204919010215
0.086080586080586066199948902522
0.087912087912087905072766602643
0.089743589743589743945584302764
0.091575091575091568940614195071
0.093406593406593393935644087378
0.095238095238095218930673979685
0.097069597069597057803491679806
0.098901098901098910554097187742
0.100732600732600735549127080048
0.102564102564102560544156972355
0.104395604395604399416974672476
0.106227106227106224412004564783
0.108058608058608063284822264905
0.109890109890109888279852157211
0.111721611721611713274882049518
0.113553113553113552147699749639
0.115384615384615377142729641946
0.117216117216117216015547342067
0.119047619047619041010577234374
0.120879120879120866005607126681
0.122710622710622704878424826802
0.124542124542124529873454719109
0.126373626373626368746272419230
0.128205128205128193741302311537
0.130036630036630018736332203844
0.131868131868131843731362096150
0.133699633699633696481967604086
0.135531135531135521476997496393
0.137362637362637374227603004329
0.139194139194139199222632896635
0.141025641025641024217662788942
0.142857142857142849212692681249
0.144688644688644701963298189185
0.146520146520146526958328081491
0.148351648351648351953357973798
0.150183150183150176948387866105
0.152014652014652001943417758412
0.153846153846153854694023266347
0.155677655677655679689053158654
0.157509157509157504684083050961
0.159340659340659329679112943268
0.161172161172161154674142835574
0.163003663003662979669172727881
0.164835164835164832419778235817
0.166666666666666657414808128124
0.168498168498168482409838020430
0.170329670329670307404867912737
0.172161172161172132399897805044
0.173992673992673985150503312980
0.175824175824175810145533205286
0.177655677655677662896138713222
0.179487179487179487891168605529
0.181318681318681312886198497836
0.183150183150183137881228390142
0.184981684981684962876258282449
0.186813186813186787871288174756
0.188644688644688612866318067063
0.190476190476190437861347959370
0.192307692307692290611953467305
0.194139194139194115606983359612
0.195970695970695996113164483177
0.197802197802197821108194375483
0.199633699633699646103224267790
0.201465201465201471098254160097
0.203296703296703296093284052404
0.205128205128205121088313944711
0.206959706959706973838919452646
0.208791208791208798833949344953
0.210622710622710623828979237260
0.212454212454212448824009129567
0.214285714285714273819039021873
0.216117216117216126569644529809
0.217948717948717951564674422116
0.219780219780219776559704314423
0.221611721611721601554734206729
0.223443223443223426549764099036
0.225274725274725279300369606972
0.227106227106227104295399499279
0.228937728937728929290429391585
0.230769230769230754285459283892
0.232600732600732579280489176199
0.234432234432234432031094684135
0.236263736263736257026124576441
0.238095238095238082021154468748
0.239926739926739907016184361055
0.241758241758241732011214253362
0.243589743589743584761819761297
0.245421245421245409756849653604
0.247252747252747234751879545911
0.249084249084249059746909438218
0.250915750915750912497514946153
0.252747252747252737492544838460
0.254578754578754562487574730767
0.256410256410256387482604623074
0.258241758241758212477634515380
0.260073260073260037472664407687
0.261904761904761862467694299994
0.263736263736263687462724192301
0.265567765567765512457754084608
0.267399267399267392963935208172
0.269230769230769217958965100479
0.271062271062271042953994992786
0.272893772893772867949024885093
0.274725274725274748455206008657
0.276556776556776573450235900964
0.278388278388278398445265793271
0.280219780219780223440295685577
0.282051282051282048435325577884
0.283882783882783873430355470191
0.285714285714285698425385362498
0.287545787545787523420415254805
0.289377289377289403926596378369
0.291208791208791228921626270676
0.293040293040293053916656162983
0.294871794871794878911686055289
0.296703296703296703906715947596
0.298534798534798528901745839903
0.300366300366300353896775732210
0.302197802197802178891805624517
0.304029304029304003886835516823
0.305860805860805828881865409130
0.307692307692307709388046532695
0.309523809523809534383076425001
0.311355311355311359378106317308
0.313186813186813184373136209615
0.315018315018315009368166101922
0.316849816849816834363195994229
0.318681318681318659358225886535
0.320512820512820484353255778842
0.322344322344322309348285671149
0.324175824175824134343315563456
0.326007326007325959338345455762
0.327838827838827839844526579327
0.329670329670329664839556471634
0.331501831501831489834586363941
0.333333333333333314829616256247
0.335164835164835139824646148554
0.336996336996336964819676040861
0.338827838827838789814705933168
0.340659340659340614809735825474
0.342490842490842439804765717781
0.344322344322344264799795610088
0.346153846153846145305976733653
0.347985347985347970301006625959
0.349816849816849795296036518266
0.351648351648351620291066410573
0.353479853479853500797247534138
0.355311355311355325792277426444
0.357142857142857150787307318751
0.358974358974358975782337211058
0.360805860805860800777367103365
0.362637362637362625772396995671
0.364468864468864450767426887978
0.366300366300366275762456780285
0.368131868131868100757486672592
0.369963369963369925752516564899
0.371794871794871806258697688463
0.373626373626373575742576349512
0.375457875457875456248757473077
0.377289377289377225732636134126
0.379120879120879106238817257690
0.380952380952380875722695918739
0.382783882783882756228877042304
0.384615384615384581223906934611
0.386446886446886406218936826917
0.388278388278388231213966719224
0.390109890109890111720147842789
0.391941391941391992226328966353
0.393772893772893761710207627402
0.395604395604395642216388750967
0.397435897435897411700267412016
0.399267399267399292206448535580
0.401098901098901061690327196629
0.402930402930402942196508320194
0.404761904761904711680386981243
0.406593406593406592186568104808
0.408424908424908417181597997114
0.410256410256410242176627889421
0.412087912087912067171657781728
0.413919413919413947677838905292
0.415750915750915717161717566341
0.417582417582417597667898689906
0.419413919413919367151777350955
0.421245421245421247657958474520
0.423076923076923017141837135568
0.424908424908424897648018259133
0.426739926739926722643048151440
0.428571428571428547638078043747
0.430402930402930372633107936053
0.432234432234432253139289059618
0.434065934065934022623167720667
0.435897435897435903129348844232
0.437728937728937672613227505281
0.439560439560439553119408628845
0.441391941391941322603287289894
0.443223443223443203109468413459
0.445054945054945028104498305765
0.446886446886446853099528198072
0.448717948717948678094558090379
0.450549450549450558600739213944
0.452380952380952328084617874993
0.454212454212454208590798998557
0.456043956043955978074677659606
0.457875457875457858580858783171
0.459706959706959628064737444220
0.461538461538461508570918567784
0.463369963369963333565948460091
0.465201465201465158560978352398
0.467032967032966983556008244705
0.468864468864468864062189368269
0.470695970695970689057219260576
0.472527472527472514052249152883
0.474358974358974394558430276447
0.476190476190476164042308937496
0.478021978021978044548490061061
0.479853479853479814032368722110
0.481684981684981694538549845674
0.483516483516483464022428506723
0.485347985347985344528609630288
0.487179487179487169523639522595
0.489010989010988994518669414902
0.490842490842490819513699307208
0.492673992673992700019880430773
0.494505494505494469503759091822
0.496336996336996350009940215386
0.498168498168498119493818876435
0.500000000000000000000000000000
0.501831501831501824995029892307
0.503663003663003649990059784614
0.505494505494505474985089676920
0.507326007326007299980119569227
0.509157509157509124975149461534
0.510989010989010949970179353841
0.512820512820512774965209246147
0.514652014652014599960239138454
0.516483516483516424955269030761
0.518315018315018360972601385583
0.520146520146520074945328815375
0.521978021978022010962661170197
0.523809523809523724935388599988
0.525641025641025660952720954811
0.527472527472527374925448384602
0.529304029304029310942780739424
0.531135531135531024915508169215
0.532967032967032960932840524038
0.534798534798534785927870416344
0.536630036630036610922900308651
0.538461538461538435917930200958
0.540293040293040260912960093265
0.542124542124542085907989985571
0.543956043956043910903019877878
0.545787545787545735898049770185
0.547619047619047560893079662492
0.549450549450549496910412017314
0.551282051282051210883139447105
0.553113553113553146900471801928
0.554945054945054971895501694235
0.556776556776556796890531586541
0.558608058608058621885561478848
0.560439560439560446880591371155
0.562271062271062271875621263462
0.564102564102564096870651155768
0.565934065934065921865681048075
0.567765567765567746860710940382
0.569597069597069571855740832689
0.571428571428571396850770724996
0.573260073260073221845800617302
0.575091575091575046840830509609
0.576923076923076871835860401916
0.578754578754578807853192756738
0.580586080586080521825920186529
0.582417582417582457843252541352
0.584249084249084171815979971143
0.586080586080586107833312325965
0.587912087912087821806039755757
0.589743589743589757823372110579
0.591575091575091471796099540370
0.593406593406593407813431895192
0.595238095238095232808461787499
0.597069597069597057803491679806
0.598901098901098882798521572113
0.600732600732600707793551464420
0.602564102564102532788581356726
0.604395604395604357783611249033
0.606227106227106182778641141340
0.608058608058608007773671033647
0.609890109890109832768700925953
0.611721611721611657763730818260
0.613553113553113482758760710567
0.615384615384615418776093065389
0.617216117216117132748820495181
0.619047619047619068766152850003
0.620879120879120782738880279794
0.622710622710622718756212634617
0.624542124542124432728940064408
0.626373626373626368746272419230
0.628205128205128193741302311537
0.630036630036630018736332203844
0.631868131868131843731362096150
0.633699633699633668726391988457
0.635531135531135493721421880764
0.637362637362637318716451773071
0.639194139194139254733784127893
0.641025641025640968706511557684
0.642857142857142904723843912507
0.644688644688644618696571342298
0.646520146520146554713903697120
0.648351648351648268686631126911
0.650183150183150204703963481734
0.652014652014651918676690911525
0.653846153846153854694023266347
0.655677655677655679689053158654
0.657509157509157504684083050961
0.659340659340659329679112943268
0.661172161172161154674142835574
0.663003663003662979669172727881
0.664835164835164804664202620188
0.666666666666666629659232512495
0.668498168498168454654262404802
0.670329670329670279649292297108
0.672161172161172104644322189415
0.673992673992673929639352081722
0.675824175824175754634381974029
0.677655677655677579629411866335
0.679487179487179515646744221158
0.681318681318681229619471650949
0.683150183150183165636804005771
0.684981684981684879609531435563
0.686813186813186815626863790385
0.688644688644688529599591220176
0.690476190476190465616923574999
0.692307692307692290611953467305
0.694139194139194115606983359612
0.695970695970695940602013251919
0.697802197802197765597043144226
0.699633699633699590592073036532
0.701465201465201415587102928839
0.703296703296703240582132821146
0.705128205128205065577162713453
0.706959706959707001594495068275
0.708791208791208715567222498066
0.710622710622710651584554852889
0.712454212454212365557282282680
0.714285714285714301574614637502
0.716117216117216126569644529809
0.717948717948717951564674422116
0.719780219780219776559704314423
0.721611721611721601554734206729
0.723443223443223426549764099036
0.725274725274725251544793991343
0.727106227106227076539823883650
0.728937728937728901534853775956
0.730769230769230726529883668263
0.732600732600732551524913560570
0.734432234432234376519943452877
0.736263736263736201514973345184
0.738095238095238026510003237490
0.739926739926739851505033129797
0.741758241758241787522365484620
0.743589743589743612517395376926
0.745421245421245326490122806717
0.747252747252747151485152699024
0.749084249084249087502485053847
0.750915750915750912497514946153
0.752747252747252737492544838460
0.754578754578754451465272268251
0.756410256410256387482604623074
0.758241758241758212477634515380
0.760073260073260037472664407687
0.761904761904761751445391837478
0.763736263736263798485026654816
0.765567765567765512457754084608
0.767399267399267337452783976914
0.769230769230769162447813869221
0.771062271062271098465146224044
0.772893772893772812437873653835
0.774725274725274637432903546141
0.776556776556776462427933438448
0.778388278388278398445265793271
0.780219780219780223440295685577
0.782051282051281937413023115369
0.783882783882783984452657932707
0.785714285714285698425385362498
0.787545787545787523420415254805
0.789377289377289348415445147111
0.791208791208791284432777501934
0.793040293040292998405504931725
0.794871794871794823400534824032
0.796703296703296648395564716338
0.798534798534798584412897071161
0.800366300366300409407926963468
0.802197802197802123380654393259
0.804029304029303948375684285566
0.805860805860805884393016640388
0.807692307692307709388046532695
0.809523809523809423360773962486
0.811355311355311248355803854793
0.813186813186813184373136209615
0.815018315018315009368166101922
0.816849816849816834363195994229
0.818681318681318548335923424020
0.820512820512820484353255778842
0.822344322344322309348285671149
0.824175824175824134343315563456
0.826007326007325959338345455762
0.827838827838827895355677810585
0.829670329670329609328405240376
0.831501831501831434323435132683
0.833333333333333259318465024990
0.835164835164835195335797379812
0.836996336996337020330827272119
0.838827838827838734303554701910
0.840659340659340559298584594217
0.842490842490842495315916949039
0.844322344322344320310946841346
0.846153846153846034283674271137
0.847985347985347859278704163444
0.849816849816849795296036518266
0.851648351648351620291066410573
0.853479853479853445286096302880
0.855311355311355159258823732671
0.857142857142857095276156087493
0.858974358974358920271185979800
0.860805860805860745266215872107
0.862637362637362681283548226929
0.864468864468864506278578119236
0.866300366300366220251305549027
0.868131868131868045246335441334
0.869963369963369981263667796156
0.871794871794871806258697688463
0.873626373626373631253727580770
0.875457875457875345226455010561
0.877289377289377281243787365383
0.879120879120879106238817257690
0.880952380952380931233847149997
0.882783882783882645206574579788
0.884615384615384692246209397126
0.886446886446886406218936826917
0.888278388278388231213966719224
0.890109890109890056208996611531
0.891941391941391992226328966353
0.893772893772893706199056396144
0.895604395604395531194086288451
0.897435897435897356189116180758
0.899267399267399292206448535580
0.901098901098901117201478427887
0.902930402930402831174205857678
0.904761904761904656169235749985
0.906593406593406592186568104808
0.908424908424908417181597997114
0.910256410256410242176627889421
0.912087912087911956149355319212
0.913919413919413892166687674035
0.915750915750915717161717566341
0.917582417582417542156747458648
0.919413919413919256129474888439
0.921245421245421303169109705777
0.923076923076923017141837135568
0.924908424908424842136867027875
0.926739926739926667131896920182
0.928571428571428603149229275004
0.930402930402930317121956704796
0.932234432234432142116986597102
0.934065934065933967112016489409
0.935897435897435903129348844232
0.937728937728937728124378736538
0.939560439560439442097106166329
0.941391941391941378114438521152
0.943223443223443203109468413459
0.945054945054945028104498305765
0.946886446886446853099528198072
0.948717948717948789116860552895
0.950549450549450503089587982686
0.952380952380952328084617874993
0.954212454212454153079647767299
0.956043956043956089096980122122
0.957875457875457914092010014429
0.959706959706959628064737444220
0.961538461538461453059767336526
0.963369963369963389077099691349
0.965201465201465214072129583656
0.967032967032966928044857013447
0.968864468864468753039886905754
0.970695970695970689057219260576
0.972527472527472514052249152883
0.974358974358974339047279045189
0.976190476190476053020006474981
0.978021978021977989037338829803
0.979853479853479814032368722110
0.981684981684981639027398614417
0.983516483516483464022428506723
0.985347985347985400039760861546
0.987179487179487114012488291337
0.989010989010988939007518183644
0.990842490842490764002548075950
0.992673992673992700019880430773
0.994505494505494525014910323080
0.996336996336996238987637752871
0.998168498168498063982667645178
0.000099203666796703957714807787
0.000230914550378671191510973615
0.000362790020706199275220965594
0.000494634566680790489431873702
0.000626417251743146608934653674
0.000758118305592566342487881315
0.000889719719701167663893082160
0.001021203915642975978278483851
0.001152553458820200753959239748
0.001283750979531169886249664103
0.001414779147820737544710700817
0.001545620665159664697610453210
0.001676258262175931053328259424
0.001806674698812159697916546186
0.001936852765541918243441532610
0.002066775285081365928080421313
0.002196425114346429573880525865
0.002325785146535665898204214841
0.002454838313280748984118728728
0.002583567586832357602238952055
0.002711955982265029999056515919
0.002839986559690933862892814332
0.002967642426476790017131346389
0.003094906739460486031628727588
0.003221762707164706977108759034
0.003348193592006777977165832283
0.003474182712502538010468366991
0.003599713445464290065972656762
0.003724769228191890900470095715
0.003849333560656361535867731050
0.003973390007675743108850330287
0.004096922201082341119526830653
0.004219913841882147811923609027
0.004342348702404300736512610115
0.004464210628442007340599406717
0.004585483541383580767536454204
0.004706151440333572119611993401
0.004826198404223739843454943355
0.004945608593913465925173689186
0.005064366254279705631402563881
0.005182455716295177559904683307
0.005299861399096193921576247732
0.005416567812037916679335225467
0.005532559556738314565649261567
0.005647821329109830451598028844
0.005762337921378486715884292835
0.005876094224090543972904843173
0.005989075228105839726611137053
0.006101266026578218079623461279
0.006212651816922254259523139552
0.006323217902766291309557544764
0.006432949695891632818645078373
0.006541832718157181321416704378
0.006649852603409705381620753428
0.006756995099379364995428876028
0.006863246069560124083819285801
0.006968591495074901755180096785
0.007073017476525473613835348630
0.007176510235825910542784011881
0.007279056118020779675426013000
0.007380641593086949628355064590
0.007481253257718313044721814009
0.007580877837094606060130974612
0.007679502186632741755900610769
0.007777113293721091280552570879
0.007873698279436449828927457872
0.007969244400243357881463701631
0.008063739049675238204639704520
0.008157169759998084135332874212
0.008249524203855081519454195416
0.008340790195893427183548851644
0.008430955694371820852150989367
0.008520008802749409401733338143
0.008607937771255420172922256938
0.008694730998439339358929700552
0.008780377032701805473102751876
0.008864864573805262062955456770
0.008948182474365214481015762260
0.009030319741320914569970845776
0.009111265537385754287313943678
0.009191009182477196531868557372
0.009269540155125875410813129918
0.009346848093863826048566245674
0.009422922798591646179056091626
0.009497754231924320639235403974
0.009571332520515405187233604067
0.009643647956359855874519659835
0.009714690998075051209248442774
0.009784452272159151892116923932
0.009852922574228676830254691765
0.009920092870232167722721605685
0.009985954297642674407087248767
0.010050498166626883889129828731
0.010113715961191482861636359303
0.010175599340307196066790496047
0.010236140139008883739868416285
0.010295330369473233364518982569
0.010353162222072333567557400613
0.010409628066404153640123197988
0.010464720452299704905874122574
0.010518432110805249826701590621
0.010570755955142207768715501004
0.010621685081641695641563316599
0.010671212770655417317877677874
0.010719332487442535806199117587
0.010766037883031607039208132903
0.010811322795058390597300324032
0.010855181248578869498966348317
0.010897607456857666408112095269
0.010938595822131587376180306137
0.010978140936347871581268975660
0.011016237581878333615104104126
0.011052880732207117156495890242
0.011088065552594353335713606157
0.011121787400713895391235475074
0.011154041827265865141627365631
0.011184824576563763207093238350
0.011214131587095690217870114225
0.011241958992060726782447055427
0.011268303119878605653148007093
0.011293160494674535712644747321
0.011316527836737444792647444558
0.011338402062953143595303018287
0.011358780287210703749400941831
0.011377659820783500230212403892
0.011395038172684000474244037093
0.011410913049992145798516851585
0.011425282358158176873597078327
0.011438144201278914457997615273
0.011449496882347679274638529989
0.011459338903478669818847279771
0.011467668966104125824467807604
0.011474485971145861190612080804
0.011479789019160266047570040371
0.011483577410457143988531392154
0.011485850645191631597130665909
0.011486608423430483966187765077
0.011485850645191631597130665909
0.011483577410457143988531392154
0.011479789019160266047570040371
0.011474485971145861190612080804
0.011467668966104125824467807604
0.011459338903478669818847279771
0.011449496882347679274638529989
0.011438144201278914457997615273
0.011425282358158176873597078327
0.011410913049992145798516851585
0.011395038172684000474244037093
0.011377659820783500230212403892
0.011358780287210703749400941831
0.011338402062953143595303018287
0.011316527836737444792647444558
0.011293160494674535712644747321
0.011268303119878605653148007093
0.011241958992060726782447055427
0.011214131587095690217870114225
0.011184824576563763207093238350
0.011154041827265865141627365631
0.011121787400713895391235475074
0.011088065552594353335713606157
0.011052880732207117156495890242
0.011016237581878333615104104126
0.010978140936347871581268975660
0.010938595822131587376180306137
0.010897607456857666408112095269
0.010855181248578869498966348317
0.010811322795058390597300324032
0.010766037883031607039208132903
0.010719332487442535806199117587
0.010671212770655417317877677874
0.010621685081641695641563316599
0.010570755955142207768715501004
0.010518432110805249826701590621
0.010464720452299704905874122574
0.010409628066404153640123197988
0.010353162222072333567557400613
0.010295330369473233364518982569
0.010236140139008883739868416285
0.010175599340307196066790496047
0.010113715961191482861636359303
0.010050498166626883889129828731
0.009985954297642674407087248767
0.009920092870232167722721605685
0.009852922574228676830254691765
0.009784452272159151892116923932
0.009714690998075051209248442774
0.009643647956359855874519659835
0.009571332520515405187233604067
0.009497754231924320639235403974
0.009422922798591646179056091626
0.009346848093863826048566245674
0.009269540155125875410813129918
0.009191009182477196531868557372
0.009111265537385754287313943678
0.009030319741320914569970845776
0.008948182474365214481015762260
0.008864864573805262062955456770
0.008780377032701805473102751876
0.008694730998439339358929700552
0.008607937771255420172922256938
0.008520008802749409401733338143
0.008430955694371820852150989367
0.008340790195893427183548851644
0.008249524203855081519454195416
0.008157169759998084135332874212
0.008063739049675238204639704520
0.007969244400243357881463701631
0.007873698279436449828927457872
0.007777113293721091280552570879
0.007679502186632741755900610769
0.007580877837094606060130974612
0.007481253257718313044721814009
0.007380641593086949628355064590
0.007279056118020779675426013000
0.007176510235825910542784011881
0.007073017476525473613835348630
0.006968591495074901755180096785
0.006863246069560124083819285801
0.006756995099379364995428876028
0.006649852603409705381620753428
0.006541832718157181321416704378
0.006432949695891632818645078373
0.006323217902766291309557544764
0.006212651816922254259523139552
0.006101266026578218079623461279
0.005989075228105839726611137053
0.005876094224090543972904843173
0.005762337921378486715884292835
0.005647821329109830451598028844
0.005532559556738314565649261567
0.005416567812037916679335225467
0.005299861399096193921576247732
0.005182455716295177559904683307
0.005064366254279705631402563881
0.004945608593913465925173689186
0.004826198404223739843454943355
0.004706151440333572119611993401
0.004585483541383580767536454204
0.004464210628442007340599406717
0.004342348702404300736512610115
0.004219913841882147811923609027
0.004096922201082341119526830653
0.003973390007675743108850330287
0.003849333560656361535867731050
0.003724769228191890900470095715
0.003599713445464290065972656762
0.003474182712502538010468366991
0.003348193592006777977165832283
0.003221762707164706977108759034
0.003094906739460486031628727588
0.002967642426476790017131346389
0.002839986559690933862892814332
0.002711955982265029999056515919
0.002583567586832357602238952055
0.002454838313280748984118728728
0.002325785146535665898204214841
0.002196425114346429573880525865
0.002066775285081365928080421313
0.001936852765541918243441532610
0.001806674698812159697916546186
0.001676258262175931053328259424
0.001545620665159664697610453210
0.001414779147820737544710700817
0.001283750979531169886249664103
0.001152553458820200753959239748
0.001021203915642975978278483851
0.000889719719701167663893082160
0.000758118305592566342487881315
0.000626417251743146608934653674
0.000494634566680790489431873702
0.000362790020706199275220965594
0.000230914550378671191510973615
0.000099203666796703957714807787
