0.001359643600462672428930144264
0.003120949398018221711964548248
0.004892656658165536395777017731
0.006666714052255088944487493308
0.008441662907517546304836386639
0.010217043142871978442243197094
0.011992664458019013443146327802
0.013768434037845238629427235821
0.015544301258912228413944234262
0.017320236175567930991814336039
0.019096219945666896566915937683
0.020872240122968805514647172572
0.022648288156555316380513787067
0.024424357977977574629679935470
0.026200445161581844416565090228
0.027976546403974619087184905197
0.029752659189573548575991068788
0.031528781569012842567190091358
0.033304912008346287954907438689
0.035081049284000444254960626722
0.036857192408062844357630183367
0.038633340574158792080083912879
0.040409493117586021970755183474
0.042185649485513024292693273765
0.043961809214394437228534684436
0.045737971912645634942062855544
0.047514137247199730862412536680
0.049290304932969916662521825401
0.051066474724509668126071204597
0.052842646409353322134450081649
0.054618819802655690920367703711
0.056394994742844539725723507217
0.058171171088068261700865235753
0.059947348713275783183007661137
0.061723527507799580416048002007
0.063499707373345162797484420025
0.065275888222307384967102450446
0.067052069976355849201254955005
0.068828252565237516003016082777
0.070604435925761613312978681734
0.072380620000932788249414784332
0.074156804739209561394552849833
0.075932990093866184477811032139
0.077709176022442649767185685050
0.079485362486267960302477320056
0.081261549450045919562590768237
0.083037736881494239593592965321
0.084813924751029029502902290005
0.086590113031488002981461704621
0.088366301697886923127711611414
0.090142490727205037970293233229
0.091918680098195398864291405516
0.093694869791216425780611132268
0.095471059788082762720407004053
0.097247250071932245241157488636
0.099023440627106815159486075117
0.100799631439046813441429151226
0.102575822494195348366652353889
0.104352013779913238566976474431
0.106128205284401921915105049266
0.107904396996634302507978020458
0.109680588906292147965970684709
0.111456781003709301525184116599
0.113232973279821014234158838008
0.115009165726116704964177017700
0.116785358334598340923626835774
0.118561551097741399440899101592
0.120337744008460381661684834853
0.122113937060076144236475670368
0.123890130246287352711043183717
0.125666323561143211673396535843
0.127442516999018790047060178949
0.129218710554593163575276548727
0.130994904222828001394418606651
0.132771097998949039187266407680
0.134547291878428204592310635235
0.136323485856967713258924845832
0.138099679930484775525201257551
0.139875874095098357008382095046
0.141652068347115855928564087662
0.143428262683021723322696061587
0.145204457099466194280878994505
0.146980651593255295939144389195
0.148756846161341577117198653468
0.150533040800814810200591864486
0.152309235508894413868574702065
0.154085430282921459488321147546
0.155861625120351843243327039090
0.157637820018749347239506164442
0.159414014975779838589886594491
0.161190209989205274210277707425
0.162966405056878316237600756722
0.164742600176737280515126826685
0.166518795346801445900197791161
0.168294990565166724394430275424
0.170071185830001025962587846152
0.171847381139540955619082751582
0.173623576492087761113936039692
0.175399771886003891241401220213
0.177175967319709776193192851679
0.178952162791680913223046900384
0.180728358300444619244373711808
0.182504553844577532828452604008
0.184280749422703116202626461018
0.186056945033488907448315785587
0.187833140675644466588423142639
0.189609336347919016363405830816
0.191385532049099527096558404082
0.193161727778008524003539037039
0.194937923533502477368983818451
0.196714119314469804145062425960
0.198490315119829313639243650869
0.200266510948528431157455997891
0.202042706799541893492033750590
0.203818902671870139098331264904
0.205595098564537892560366572070
0.207371294476592887834343059694
0.209147490407104452714293074678
0.210923686355162565142506991833
0.212699882319876382164025585553
0.214476078300373296237069098424
0.216252274295797658476558922303
0.218028470305310001498000360698
0.219804666328085790416579925477
0.221580862363314479157594405478
0.223357058410198733300333628904
0.225133254467953319855055838161
0.226909450535804302351294836626
0.228685646612988291437318366661
0.230461842698751334657103484460
0.232238038792348389094399863097
0.234014234893042322172007629888
0.235790431000103301029113822551
0.237566627112807793320570226570
0.239342823230438067616532293869
0.241119019352281360735190673950
0.242895215477629017319927129392
0.244671411605776017994529070165
0.246447607736020063429194237870
0.248223803867660991473442777533
0.250000000000000000000000000000
0.251776196132339036282132838096
0.253552392263979964326381377759
0.255328588394224009761046545464
0.257104784522371010435648486236
0.258880980647718694775960557308
0.260657176769561960139043321760
0.262433372887192262190581004688
0.264209568999896726726461793078
0.265985765106957705583567985741
0.267761961207651610905600136903
0.269538157301248693098472131169
0.271314353387011764073832864597
0.273090549464195697648705163374
0.274866745532046707900519777468
0.276642941589801294455241986725
0.278419137636685520842405594522
0.280195333671914237338995690152
0.281971529694690026257575254931
0.283747725704202369279016693326
0.285523921699626759274082132833
0.287300117680123645591550030076
0.289076313644837490368644239425
0.290852509592895602796858156580
0.292628705523407195432383787193
0.294404901435462107439633427930
0.296181097328129860901668735096
0.297957293200458106507966249410
0.299733489051471624353695233367
0.301509684880170714116331964760
0.303285880685530251366088805298
0.305062076466497578142167412807
0.306838272221991503752036578589
0.308614467950900528414592827176
0.310390663652081011392169784813
0.312166859324355561167152472990
0.313943054966511092551684214413
0.315719250577296883797373538982
0.317495446155422467171547395992
0.319271641699555408511201903821
0.321047837208319142288104330873
0.322824032680290251562382763950
0.324600228113996136514174395415
0.326376423507912294397215191566
0.328152618860459099892068479676
0.329928814169999085059714616364
0.331705009434833386627872187091
0.333481204653198581855377824468
0.335257399823262747240448788943
0.337033594943121683762399243278
0.338809790010794753545297908204
0.340585985024220161410113405509
0.342362179981250680516069451187
0.344138374879648212267824192168
0.345914569717078568267254468083
0.347690764491105641642576529193
0.349466959199185189799408135514
0.351243153838658450638376962161
0.353019348406744759572006842063
0.354795542900533777963545389866
0.356571737316978332188455169671
0.358347931652884199582587143595
0.360124125904901670747193520583
0.361900320069515279985949973707
0.363676514143032314496650769797
0.365452708121571823163264980394
0.367228902001050960812733592320
0.369005095777171998605581393349
0.370781289445406891935874682531
0.372557483000981182197364205422
0.374333676438856843837754695414
0.376109869753712633411169008468
0.377886062939923883519099945261
0.379662255991539632216102972961
0.381438448902258642192464321852
0.383214641665401700709736587669
0.384990834273883308913610790114
0.386767026720179041276992393250
0.388543218996290740108179306844
0.390319411093707879789604930920
0.392095603003365711369809787357
0.393871794715598133596046181992
0.395647986220086789188599141198
0.397424177505804609999984222668
0.399200368560953255947509887847
0.400976559372893226473877348326
0.402752749928067810269993742622
0.404528940211917320546319842833
0.406305130208783615852752291175
0.408081319901804628891284210113
0.409857509272795017540857998029
0.411633698302113104627864004215
0.413409886968512052529689526637
0.415186075248970942741522094366
0.416962263118505815917558265937
0.418738450549954122070772655206
0.420514637513732025819734872130
0.422290823977557350232814314950
0.424067009906133829399976775676
0.425843195260790507994386189239
0.427619379999067239506160831297
0.429395564074238400564809126081
0.431171747434762497874771725037
0.432947930023644178554320660623
0.434724111777692601155109741740
0.436500292626654851080303387789
0.438276472492200475095103229251
0.440052651286724216816992338863
0.441828828911931814626967707227
0.443605005257155515785427724040
0.445381180197344406224146950990
0.447157353590646733376701149609
0.448933525275490408201761738383
0.450709695067030180481992829300
0.452485862752800283015375271134
0.454262028087354385874618856178
0.456038190785605535015889699935
0.457814350514487045096245765308
0.459590506882413984968138720433
0.461366659425841263431067318379
0.463142807591937211153521047891
0.464918950715999590439508892814
0.466695087991653767556243792569
0.468471218430987212943961139899
0.470247340810426461832349787073
0.472023453596025432954519374107
0.473799554838418179869563573448
0.475575642022022404553638352809
0.477351711843444714844508780516
0.479127759877031211832587587196
0.480903780054333152005341389668
0.482679763824432117580442991311
0.484455698741087792402737477460
0.486231565962154776983084047970
0.488007335541981057680516187247
0.489782956857128082273078462094
0.491558337092482533492443508294
0.493333285947744892840916008936
0.495107343341834482686181218014
0.496879050601981786527971962641
0.498640356399537298948132502119
0.000000000000000000000000000000
0.001779359430604982115348144944
0.003558718861209964230696289889
0.005338078291814945912363565839
0.007117437722419928461392579777
0.008896797153024911877783331704
0.010676156583629891824727131677
0.012455516014234876975841359581
0.014234875444839856922785159554
0.016014234875444836869728959527
0.017793594306049823755566663408
0.019572953736654803702510463381
0.021352313167259783649454263355
0.023131672597864767065845015281
0.024911032028469753951682719162
0.026690391459074733898626519135
0.028469750889679713845570319108
0.030249110320284697261961071035
0.032028469750889673739457919055
0.033807829181494664094742574889
0.035587188612099647511133326816
0.037366548042704623988630174836
0.039145907473309607405020926763
0.040925266903914590821411678689
0.042704626334519567298908526709
0.044483985765124557654193182543
0.046263345195729534131690030563
0.048042704626334524486974686397
0.049822064056939507903365438324
0.051601423487544484380862286343
0.053380782918149467797253038270
0.055160142348754451213643790197
0.056939501779359427691140638217
0.058718861209964411107531390144
0.060498220640569394523922142071
0.062277580071174371001418990090
0.064056939501779347478915838110
0.065836298932384337834200493944
0.067615658362989328189485149778
0.069395017793594304666981997798
0.071174377224199295022266653632
0.072953736654804271499763501652
0.074733096085409247977260349671
0.076512455516014238332545005505
0.078291814946619214810041853525
0.080071174377224191287538701545
0.081850533807829181642823357379
0.083629893238434158120320205398
0.085409252669039134597817053418
0.087188612099644124953101709252
0.088967971530249115308386365086
0.090747330960854077908095405292
0.092526690391459068263380061126
0.094306049822064044740876909145
0.096085409252669048973949372794
0.097864768683274025451446220814
0.099644128113879015806730876648
0.101423487544483992284227724667
0.103202846975088968761724572687
0.104982206405693959117009228521
0.106761565836298935594506076541
0.108540925266903912072002924560
0.110320284697508902427287580394
0.112099644128113878904784428414
0.113879003558718855382281276434
0.115658362989323845737565932268
0.117437722419928822215062780288
0.119217081850533798692559628307
0.120996441281138789047844284141
0.122775800711743765525341132161
0.124555160142348742002837980181
0.126334519572953718480334828200
0.128113879003558694957831676220
0.129893238434163699190904139869
0.131672597864768675668400987888
0.133451957295373679901473451537
0.135231316725978656378970299556
0.137010676156583632856467147576
0.138790035587188609333963995596
0.140569395017793585811460843615
0.142348754448398590044533307264
0.144128113879003566522030155284
0.145907473309608542999527003303
0.147686832740213519477023851323
0.149466192170818495954520699343
0.151245551601423472432017547362
0.153024911032028476665090011011
0.154804270462633453142586859030
0.156583629893238429620083707050
0.158362989323843406097580555070
0.160142348754448382575077403089
0.161921708185053359052574251109
0.163701067615658363285646714758
0.165480427046263339763143562777
0.167259786476868316240640410797
0.169039145907473292718137258817
0.170818505338078269195634106836
0.172597864768683273428706570485
0.174377224199288249906203418504
0.176156583629893254139275882153
0.177935943060498230616772730173
0.179715302491103179338693962563
0.181494661921708155816190810583
0.183274021352313160049263274232
0.185053380782918136526760122251
0.186832740213523113004256970271
0.188612099644128089481753818291
0.190391459074733121470401897568
0.192170818505338097947898745588
0.193950177935943074425395593607
0.195729537366548050902892441627
0.197508896797153027380389289647
0.199288256227758031613461753295
0.201067615658363008090958601315
0.202846975088967984568455449335
0.204626334519572961045952297354
0.206405693950177937523449145374
0.208185053380782914000945993394
0.209964412811387918234018457042
0.211743772241992894711515305062
0.213523131672597871189012153081
0.215302491103202847666509001101
0.217081850533807824144005849121
0.218861209964412800621502697140
0.220640569395017804854575160789
0.222419928825622781332072008809
0.224199288256227757809568856828
0.225978647686832734287065704848
0.227758007117437710764562552868
0.229537366548042687242059400887
0.231316725978647691475131864536
0.233096085409252667952628712555
0.234875444839857644430125560575
0.236654804270462620907622408595
0.238434163701067597385119256614
0.240213523131672573862616104634
0.241992882562277578095688568283
0.243772241992882554573185416302
0.245551601423487531050682264322
0.247330960854092507528179112342
0.249110320284697484005675960361
0.250889679715302460483172808381
0.252669039145907436960669656401
0.254448398576512413438166504420
0.256227758007117389915663352440
0.258007117437722421904311431717
0.259786476868327398381808279737
0.261565836298932374859305127757
0.263345195729537351336801975776
0.265124555160142327814298823796
0.266903914590747359802946903073
0.268683274021352336280443751093
0.270462633451957312757940599113
0.272241992882562289235437447132
0.274021352313167265712934295152
0.275800711743772242190431143172
0.277580071174377218667927991191
0.279359430604982195145424839211
0.281138790035587171622921687231
0.282918149466192148100418535250
0.284697508896797180089066614528
0.286476868327402156566563462547
0.288256227758007133044060310567
0.290035587188612109521557158587
0.291814946619217085999054006606
0.293594306049822062476550854626
0.295373665480427038954047702646
0.297153024911032015431544550665
0.298932384341636991909041398685
0.300711743772241968386538246705
0.302491103202846944864035094724
0.304270462633451976852683174002
0.306049822064056953330180022022
0.307829181494661929807676870041
0.309608540925266906285173718061
0.311387900355871882762670566080
0.313167259786476859240167414100
0.314946619217081835717664262120
0.316725978647686812195161110139
0.318505338078291788672657958159
0.320284697508896765150154806179
0.322064056939501741627651654198
0.323843416370106718105148502218
0.325622775800711750093796581496
0.327402135231316726571293429515
0.329181494661921703048790277535
0.330960854092526679526287125555
0.332740213523131656003783973574
0.334519572953736632481280821594
0.336298932384341608958777669613
0.338078291814946585436274517633
0.339857651245551561913771365653
0.341637010676156538391268213672
0.343416370106761570379916292950
0.345195729537366546857413140970
0.346975088967971523334909988989
0.348754448398576499812406837009
0.350533807829181476289903685029
0.352313167259786508278551764306
0.354092526690391484756048612326
0.355871886120996461233545460345
0.357651245551601437711042308365
0.359430604982206358677387925127
0.361209964412811390666036004404
0.362989323843416311632381621166
0.364768683274021343621029700444
0.366548042704626320098526548463
0.368327402135231296576023396483
0.370106761565836273053520244503
0.371886120996441249531017092522
0.373665480427046226008513940542
0.375444839857651257997162019819
0.377224199288256178963507636581
0.379003558718861210952155715859
0.380782918149466242940803795136
0.382562277580071163907149411898
0.384341637010676195895797491175
0.386120996441281116862143107937
0.387900355871886148850791187215
0.389679715302491069817136803977
0.391459074733096101805784883254
0.393238434163701078283281731274
0.395017793594306054760778579293
0.396797153024911031238275427313
0.398576512455516063226923506591
0.400355871886120984193269123352
0.402135231316726016181917202630
0.403914590747330937148262819392
0.405693950177935969136910898669
0.407473309608540890103256515431
0.409252669039145922091904594708
0.411032028469750843058250211470
0.412811387900355875046898290748
0.414590747330960851524395138767
0.416370106761565828001891986787
0.418149466192170804479388834807
0.419928825622775836468036914084
0.421708185053380757434382530846
0.423487544483985789423030610124
0.425266903914590710389376226885
0.427046263345195742378024306163
0.428825622775800663344369922925
0.430604982206405695333018002202
0.432384341637010616299363618964
0.434163701067615648288011698241
0.435943060498220624765508546261
0.437722419928825601243005394281
0.439501779359430577720502242300
0.441281138790035609709150321578
0.443060498220640530675495938340
0.444839857651245562664144017617
0.446619217081850483630489634379
0.448398576512455515619137713657
0.450177935943060436585483330418
0.451957295373665468574131409696
0.453736654804270389540477026458
0.455516014234875421529125105735
0.457295373665480453517773185013
0.459074733096085374484118801774
0.460854092526690406472766881052
0.462633451957295382950263729072
0.464412811387900359427760577091
0.466192170818505335905257425111
0.467971530249110367893905504388
0.469750889679715288860251121150
0.471530249110320320848899200428
0.473309608540925241815244817190
0.475088967971530273803892896467
0.476868327402135194770238513229
0.478647686832740226758886592506
0.480427046263345147725232209268
0.482206405693950179713880288546
0.483985765124555156191377136565
0.485765124555160132668873984585
0.487544483985765109146370832605
0.489323843416370141135018911882
0.491103202846975062101364528644
0.492882562277580094090012607921
0.494661921708185015056358224683
0.496441281138790047045006303961
0.498220640569394968011351920723
0.500000000000000000000000000000
0.501779359430604920966345616762
0.503558718861209952954993696039
0.505338078291814873921339312801
0.507117437722419905909987392079
0.508896797153024826876333008840
0.510676156583629858864981088118
0.512455516014234779831326704880
0.514234875444839811819974784157
0.516014234875444843808622863435
0.517793594306049764774968480197
0.519572953736654796763616559474
0.521352313167259828752264638752
0.523131672597864749718610255513
0.524911032028469781707258334791
0.526690391459074702673603951553
0.528469750889679734662252030830
0.530249110320284655628597647592
0.532028469750889687617245726869
0.533807829181494719605893806147
0.535587188612099640572239422909
0.537366548042704672560887502186
0.539145907473309593527233118948
0.540925266903914625515881198226
0.542704626334519546482226814987
0.544483985765124578470874894265
0.546263345195729499437220511027
0.548042704626334531425868590304
0.549822064056939452392214207066
0.551601423487544484380862286343
0.553380782918149405347207903105
0.555160142348754437335855982383
0.556939501779359358302201599145
0.558718861209964390290849678422
0.560498220640569422279497757700
0.562277580071174343245843374461
0.564056939501779375234491453739
0.565836298932384296200837070501
0.567615658362989328189485149778
0.569395017793594360178133229056
0.571174377224199281144478845818
0.572953736654804313133126925095
0.574733096085409234099472541857
0.576512455516014266088120621134
0.578291814946619187054466237896
0.580071174377224219043114317174
0.581850533807829140009459933935
0.583629893238434171998108013213
0.585409252669039092964453629975
0.587188612099644124953101709252
0.588967971530249045919447326014
0.590747330960854077908095405292
0.592526690391458998874441022053
0.594306049822064030863089101331
0.596085409252668951829434718093
0.597864768683273983818082797370
0.599644128113878904784428414132
0.601423487544483936773076493409
0.603202846975088968761724572687
0.604982206405693889728070189449
0.606761565836298921716718268726
0.608540925266903953705366348004
0.610320284697508874671711964766
0.612099644128113906660360044043
0.613879003558718938649008123321
0.615658362989323859615353740082
0.617437722419928891604001819360
0.619217081850533812570347436122
0.620996441281138844558995515399
0.622775800711743765525341132161
0.624555160142348797513989211438
0.626334519572953718480334828200
0.628113879003558750468982907478
0.629893238434163671435328524240
0.631672597864768703423976603517
0.633451957295373624390322220279
0.635231316725978656378970299556
0.637010676156583577345315916318
0.638790035587188609333963995596
0.640569395017793530300309612358
0.642348754448398562288957691635
0.644128113879003483255303308397
0.645907473309608515243951387674
0.647686832740213436210297004436
0.649466192170818468198945083714
0.651245551601423500187593162991
0.653024911032028421153938779753
0.654804270462633453142586859030
0.656583629893238485131234938308
0.658362989323843406097580555070
0.660142348754448438086228634347
0.661921708185053359052574251109
0.663701067615658391041222330387
0.665480427046263312007567947148
0.667259786476868343996216026426
0.669039145907473264962561643188
0.670818505338078296951209722465
0.672597864768683217917555339227
0.674377224199288249906203418504
0.676156583629893170872549035266
0.677935943060498202861197114544
0.679715302491103123827542731306
0.681494661921708155816190810583
0.683274021352313076782536427345
0.685053380782918108771184506622
0.686832740213523140759832585900
0.688612099644128061726178202662
0.690391459074733093714826281939
0.692170818505338014681171898701
0.693950177935943046669819977978
0.695729537366547967636165594740
0.697508896797152999624813674018
0.699288256227758031613461753295
0.701067615658362952579807370057
0.702846975088967984568455449335
0.704626334519573016557103528612
0.706405693950177937523449145374
0.708185053380782969512097224651
0.709964412811387890478442841413
0.711743772241992922467090920691
0.713523131672597843433436537453
0.715302491103202875422084616730
0.717081850533807796388430233492
0.718861209964412717354775850254
0.720640569395017860365726392047
0.722419928825622781332072008809
0.724199288256227702298417625570
0.725978647686832623264763242332
0.727758007117437766275713784125
0.729537366548042687242059400887
0.731316725978647608208405017649
0.733096085409252640197053096927
0.734875444839857672185701176204
0.736654804270462593152046792966
0.738434163701067625140694872243
0.740213523131672546107040489005
0.741992882562277578095688568283
0.743772241992882499062034185044
0.745551601423487531050682264322
0.747330960854092452017027881084
0.749110320284697484005675960361
0.750889679715302515994324039639
0.752669039145907436960669656401
0.754448398576512357927015273162
0.756227758007117500937965814956
0.758007117437722421904311431717
0.759786476868327342870657048479
0.761565836298932485881607590272
0.763345195729537406847953207034
0.765124555160142327814298823796
0.766903914590747248780644440558
0.768683274021352391791594982351
0.770462633451957312757940599113
0.772241992882562233724286215875
0.774021352313167154690631832636
0.775800711743772297701582374430
0.777580071174377218667927991191
0.779359430604982139634273607953
0.781138790035587171622921687231
0.782918149466192203611569766508
0.784697508896797124577915383270
0.786476868327402156566563462547
0.788256227758007077532909079309
0.790035587188612109521557158587
0.791814946619217141510205237864
0.793594306049822062476550854626
0.795373665480426983442896471388
0.797153024911032126453847013181
0.798932384341637047420192629943
0.800711743772241968386538246705
0.802491103202846889352883863467
0.804270462633452032363834405260
0.806049822064056953330180022022
0.807829181494661874296525638783
0.809608540925266795262871255545
0.811387900355871938273821797338
0.813167259786476859240167414100
0.814946619217081780206513030862
0.816725978647686701172858647624
0.818505338078291844183809189417
0.820284697508896765150154806179
0.822064056939501686116500422941
0.823843416370106718105148502218
0.825622775800711750093796581496
0.827402135231316671060142198257
0.829181494661921703048790277535
0.830960854092526624015135894297
0.832740213523131656003783973574
0.834519572953736687992432052852
0.836298932384341608958777669613
0.838078291814946640947425748891
0.839857651245551672936073828168
0.841637010676156593902419444930
0.843416370106761514868765061692
0.845195729537366657879715603485
0.846975088967971578846061220247
0.848754448398576499812406837009
0.850533807829181420778752453771
0.852313167259786563789702995564
0.854092526690391484756048612326
0.855871886120996405722394229088
0.857651245551601326688739845849
0.859430604982206469699690387642
0.861209964412811390666036004404
0.862989323843416311632381621166
0.864768683274021232598727237928
0.866548042704626375609677779721
0.868327402135231296576023396483
0.870106761565836217542369013245
0.871886120996441249531017092522
0.873665480427046281519665171800
0.875444839857651202486010788562
0.877224199288256234474658867839
0.879003558718861155441004484601
0.880782918149466187429652563878
0.882562277580071219418300643156
0.884341637010676140384646259918
0.886120996441281061350991876679
0.887900355871886204361942418473
0.889679715302491125328288035234
0.891459074733096046294633651996
0.893238434163700967260979268758
0.895017793594306110271929810551
0.896797153024911031238275427313
0.898576512455515952204621044075
0.900355871886120873170966660837
0.902135231316726016181917202630
0.903914590747330937148262819392
0.905693950177935858114608436154
0.907473309608540779080954052915
0.909252669039145922091904594708
0.911032028469750843058250211470
0.912811387900355764024595828232
0.914590747330960907035546370025
0.916370106761565828001891986787
0.918149466192170748968237603549
0.919928825622775780956885682826
0.921708185053380812945533762104
0.923487544483985733911879378866
0.925266903914590765900527458143
0.927046263345195686866873074905
0.928825622775800718855521154182
0.930604982206405750844169233460
0.932384341637010671810514850222
0.934163701067615592776860466984
0.935943060498220735787811008777
0.937722419928825656754156625539
0.939501779359430577720502242300
0.941281138790035498686847859062
0.943060498220640641697798400855
0.944839857651245562664144017617
0.946619217081850483630489634379
0.948398576512455404596835251141
0.950177935943060547607785792934
0.951957295373665468574131409696
0.953736654804270389540477026458
0.955516014234875310506822643219
0.957295373665480453517773185013
0.959074733096085374484118801774
0.960854092526690295450464418536
0.962633451957295327439112497814
0.964412811387900359427760577091
0.966192170818505280394106193853
0.967971530249110312382754273131
0.969750889679715233349099889892
0.971530249110320265337747969170
0.973309608540925297326396048447
0.975088967971530218292741665209
0.976868327402135139259087281971
0.978647686832740282270037823764
0.980427046263345203236383440526
0.982206405693950124202729057288
0.983985765124555045169074674050
0.985765124555160188180025215843
0.987544483985765109146370832605
0.989323843416370030112716449366
0.991103202846975173123666991160
0.992882562277580094090012607921
0.994661921708185015056358224683
0.996441281138789936022703841445
0.998220640569395079033654383238
0.000093645287778475097117264481
0.000217977085631262826413007128
0.000342465859403911826366190274
0.000466927972788866397710338951
0.000591335142122881730203376449
0.000715669623462050915295440401
0.000839915334799906979600103707
0.000964056598776587693293282921
0.001088077872209785744092580551
0.001211963671350200404466801452
0.001335698547907065384526825724
0.001459267080958636915791193367
0.001582653874577674224868872876
0.001705843557746183729306732602
0.001828820785271152238662950573
0.001951570239168044220909314923
0.002074076630276392493174020260
0.002196324699995789997419848305
0.002318299222084949182814961333
0.002439985004496196801387908337
0.002561366891227854353241255581
0.002682429764186276821558152506
0.002803158545051795836472452450
0.002923538197144905266544601119
0.003043553727291248983677363071
0.003163190187683133109547428674
0.003282432677737553202573783651
0.003401266345948786556235843292
0.003519676391736361459328108481
0.003637648067286466165709546416
0.003755166679388037033471281489
0.003872217591261589014761668182
0.003988786224381504937064324423
0.004104858060291489106619078342
0.004220418642412154808241098181
0.004335453577841427881545133260
0.004449948539146866485771703026
0.004563889266149636844693837645
0.004677261567701081722281397646
0.004790051323449433934298369309
0.004902244485598792125835565514
0.005013827080658329188311839175
0.005124785211182970173782180723
0.005235105057503932485252207130
0.005344772879450116268018611265
0.005453775018059138501858029713
0.005562097897278902441930981126
0.005669728025657919980029308960
0.005776651998026141598963079105
0.005882856497164163679658432926
0.005988328295461982364589204053
0.006093054256566519423510275288
0.006197021337017702413696440544
0.006300216587872820711568877527
0.006402627156319550330576539920
0.006504240287276644855163354464
0.006605043324982315909588148628
0.006705023714570981438476415804
0.006804169003636506563026387084
0.006902466843783301372883265401
0.006999904992164364923856734180
0.007096471313005947578744780913
0.007192153779119112716466943880
0.007286940473397743311956276102
0.007380819590302792158886813212
0.007473779437332552823269882225
0.007565808436479031125199146146
0.007656895125669875915019879642
0.007747028160196149301763846040
0.007836196314125087186708285003
0.007924388481698308936418406745
0.008011593678715145730451219208
0.008097801043900478695780620342
0.008182999840257903015339202568
0.008267179456406472878859936770
0.008350329407902657916085154000
0.008432439338546279458674881369
0.008513499021669942642964734603
0.008593498361413121414131843778
0.008672427393979364670939524729
0.008750276288877452748882213029
0.008827035350145739228677754795
0.008902695017559431739373465575
0.008977245867821895958238442859
0.009050678615737783178074593593
0.009122984115369763002956204900
0.009194153361177620845112734571
0.009264177489139730631295677199
0.009333047777857256602218605224
0.009400755649640199496097636711
0.009467292671575922025084537381
0.009532650556579291487024896412
0.009596821164424854111452134475
0.009659796502760907566109693789
0.009721568728104462014938391690
0.009782130146818742919001543612
0.009841473216070845131397959449
0.009899590544771659852973932914
0.009956474894495984107045671863
0.010012119180384443373199587768
0.010066516472025737252704580271
0.010119659994319586335254079756
0.010171543128321035992511767176
0.010222159412064524622310024426
0.010271502541368658298348570668
0.010319566370621587741984725994
0.010366344913546356176770046886
0.010411832343946334292206223893
0.010456022996431198548994423447
0.010498911367122235049897938097
0.010540492114337923074129932388
0.010580760059259312552693010900
0.010619710186575011603982154895
0.010657337645105739026840652173
0.010693637748408705429037368617
0.010728605975361009405855128307
0.010762237970723186747390442974
0.010794529545681157134406902287
0.010825476678368362026816384969
0.010855075514366300040713930741
0.010883322367184911777515665676
0.010910213718721572043190981560
0.010935746219699209874631762318
0.010959916690083637905162028403
0.010982722119479376363115896709
0.011004159667504863351350508083
0.011024226664146086901441279338
0.011042920610088904215251304208
0.011060239177030839127779948683
0.011076180207970654292837231480
0.011090741717477132707858622496
0.011103921891936287952296069648
0.011115719089777527026074999128
0.011126131841677674647050899637
0.011135158850744314440461835147
0.011142798992677185876409851062
0.011149051315908169515478398637
0.011153915041719912604190056982
0.011157389564342708176969409806
0.011159474451030099509396542601
0.011160169442112627055663232056
0.011159474451030113387184350415
0.011157389564342708176969409806
0.011153915041719912604190056982
0.011149051315908169515478398637
0.011142798992677185876409851062
0.011135158850744314440461835147
0.011126131841677674647050899637
0.011115719089777527026074999128
0.011103921891936287952296069648
0.011090741717477132707858622496
0.011076180207970654292837231480
0.011060239177030839127779948683
0.011042920610088904215251304208
0.011024226664146086901441279338
0.011004159667504863351350508083
0.010982722119479376363115896709
0.010959916690083637905162028403
0.010935746219699209874631762318
0.010910213718721572043190981560
0.010883322367184911777515665676
0.010855075514366300040713930741
0.010825476678368362026816384969
0.010794529545681157134406902287
0.010762237970723186747390442974
0.010728605975361009405855128307
0.010693637748408705429037368617
0.010657337645105739026840652173
0.010619710186575011603982154895
0.010580760059259312552693010900
0.010540492114337923074129932388
0.010498911367122235049897938097
0.010456022996431198548994423447
0.010411832343946334292206223893
0.010366344913546356176770046886
0.010319566370621587741984725994
0.010271502541368658298348570668
0.010222159412064524622310024426
0.010171543128321035992511767176
0.010119659994319586335254079756
0.010066516472025737252704580271
0.010012119180384443373199587768
0.009956474894495984107045671863
0.009899590544771659852973932914
0.009841473216070845131397959449
0.009782130146818742919001543612
0.009721568728104462014938391690
0.009659796502760907566109693789
0.009596821164424854111452134475
0.009532650556579291487024896412
0.009467292671575922025084537381
0.009400755649640199496097636711
0.009333047777857256602218605224
0.009264177489139730631295677199
0.009194153361177620845112734571
0.009122984115369763002956204900
0.009050678615737783178074593593
0.008977245867821895958238442859
0.008902695017559431739373465575
0.008827035350145739228677754795
0.008750276288877452748882213029
0.008672427393979364670939524729
0.008593498361413121414131843778
0.008513499021669942642964734603
0.008432439338546279458674881369
0.008350329407902657916085154000
0.008267179456406472878859936770
0.008182999840257903015339202568
0.008097801043900478695780620342
0.008011593678715145730451219208
0.007924388481698308936418406745
0.007836196314125087186708285003
0.007747028160196149301763846040
0.007656895125669875915019879642
0.007565808436479031125199146146
0.007473779437332552823269882225
0.007380819590302792158886813212
0.007286940473397743311956276102
0.007192153779119112716466943880
0.007096471313005947578744780913
0.006999904992164364923856734180
0.006902466843783301372883265401
0.006804169003636506563026387084
0.006705023714570981438476415804
0.006605043324982315909588148628
0.006504240287276644855163354464
0.006402627156319550330576539920
0.006300216587872820711568877527
0.006197021337017702413696440544
0.006093054256566519423510275288
0.005988328295461982364589204053
0.005882856497164163679658432926
0.005776651998026141598963079105
0.005669728025657919980029308960
0.005562097897278902441930981126
0.005453775018059138501858029713
0.005344772879450116268018611265
0.005235105057503932485252207130
0.005124785211182970173782180723
0.005013827080658329188311839175
0.004902244485598792125835565514
0.004790051323449433934298369309
0.004677261567701081722281397646
0.004563889266149636844693837645
0.004449948539146866485771703026
0.004335453577841427881545133260
0.004220418642412154808241098181
0.004104858060291489106619078342
0.003988786224381504937064324423
0.003872217591261589014761668182
0.003755166679388037033471281489
0.003637648067286466165709546416
0.003519676391736361459328108481
0.003401266345948786556235843292
0.003282432677737553202573783651
0.003163190187683133109547428674
0.003043553727291248983677363071
0.002923538197144905266544601119
0.002803158545051795836472452450
0.002682429764186276821558152506
0.002561366891227854353241255581
0.002439985004496196801387908337
0.002318299222084949182814961333
0.002196324699995789997419848305
0.002074076630276392493174020260
0.001951570239168044220909314923
0.001828820785271152238662950573
0.001705843557746183729306732602
0.001582653874577674224868872876
0.001459267080958636915791193367
0.001335698547907065384526825724
0.001211963671350200404466801452
0.001088077872209785744092580551
0.000964056598776587693293282921
0.000839915334799906979600103707
0.000715669623462050915295440401
0.000591335142122881730203376449
0.000466927972788866397710338951
0.000342465859403911826366190274
0.000217977085631262826413007128
0.000093645287778475097117264481
