0.001322071449050573601832758719
0.003034705632891403735695856625
0.004757453847149462587695634141
0.006482487252177690506549367910
0.008208387483916248367199486324
0.009934707175088758682179879145
0.011661261284124863416011841366
0.013387959560752241139347518128
0.015114752780457046607565096963
0.016841611825104740862713015304
0.018568518373235365359619208903
0.020295460322550605558600267386
0.022022429358431742235646666472
0.023749419580129129542234167616
0.025476426684291540031290779211
0.027203447458816185089425232491
0.028930479457640694701536787647
0.030657520785272639185503606996
0.032384569950159897144814635794
0.034111625762545859374963441724
0.035838687261823189145193424565
0.037565753663905417092383487443
0.039292824322463816566486372039
0.041019898699948896536593423434
0.042746976345630058324864819497
0.044474056878749078369761349450
0.046201139975448099472821184008
0.047928225358524055577102984671
0.049655312789318173383179555458
0.051382402061241588819839876123
0.053109492994563002599139878157
0.054836585432180104393573571997
0.056563679236167126174184005549
0.058290774284934267213120762108
0.060017870470878149913307453289
0.061744967698426099500519370622
0.063472065882399966718629968909
0.065199164946639701079256212779
0.066926264822839864887527028259
0.068653365449561784550347454115
0.070380466771391411717750941079
0.072107568738217830972558886060
0.073834671304612964348734749365
0.075561774429296429955726921435
0.077288878074672356932595107537
0.079015982206426707556978783487
0.080743086793175752879925255456
0.082470191806160206282605429351
0.084197297218975161725573741478
0.085924403007333755022401078350
0.087651509148858525177772094139
0.089378615622896770420702239335
0.091105722410357248275403208027
0.092832829493564569811603348626
0.094559936856129886417754448757
0.096287044482835718040014683083
0.098014152359532424885202317455
0.099741260473045850742934703703
0.101468368811094097892144816342
0.103195477362212864602675210790
0.104922586115688235008924777958
0.106649695061495464187828474678
0.108376804190244493963923844149
0.110103913493129507150669610382
0.111831022961884407607158209430
0.113558132588741172996904538195
0.115285242366392662316521011689
0.117012352287958559804437186358
0.118739462346954205429483408807
0.120466572537262062159157949282
0.122193682853105833885365427705
0.123920793289026595629387372810
0.125647903839860658470328758085
0.127375014500719835330855289612
0.129102125266972539430199162780
0.130829236134227089305426261490
0.132556347098315763233244979347
0.134283458155280366330686092624
0.136010569301358769100929180240
0.137737680532972694980031747036
0.139464791846716062995170659633
0.141191903239344301868030129299
0.142919014707764774341214319975
0.144646126249027312526962418815
0.146373237860315724701010253739
0.148100349538940079252569148593
0.149827461282329127412182856460
0.151554573088023364357823652426
0.153281684953668895232681279595
0.155008796877011217896225048207
0.156735908855889533031202631719
0.158463020888231803651180484849
0.160190132972049703585781799120
0.161917245105433788010529383428
0.163644357286549496643957013475
0.165371469513633184700296396841
0.167098581784987931797559213010
0.168825694098980322310765700422
0.170552806454036892658265855971
0.172279918848641050432846100193
0.174007031281330160066289636234
0.175734143750692628493936808809
0.177461256255365323886152850719
0.179188368794031022135371244985
0.180915481365416047632166396397
0.182642593968288219352658074968
0.184369706601454436123432856220
0.186096819263758872509129105310
0.187823931954081119188870729886
0.189551044671334323332700932951
0.191278157414463245711289118844
0.193005270182443150472906268078
0.194732382974277723475253765173
0.196459495788998073084741236016
0.198186608625661009330798378869
0.199913721483347739393821029807
0.201640834361162757382146537566
0.203367947258232567575575444607
0.205095060173704435424468783822
0.206822173106745332837874684628
0.208549286056540911227230594704
0.210276399022294363527763039201
0.212003512003225702553521614391
0.213730624998570428729749437480
0.215457738007578891714643987143
0.217184851029515457732088634657
0.218911964063657454859779250000
0.220639077109294506895409426761
0.222366190165727728444977628897
0.224093303232268864499943106239
0.225820416308239679814562350657
0.227547529392971209505347474078
0.229274642485803009650524586505
0.231001755586082407889492174036
0.232728868693164087089186864432
0.234455981806409169410088111363
0.236183094925184772217008344342
0.237910208048863175411824499861
0.239637321176821460610995018214
0.241364434308440733989442605889
0.243091547443105543413466307356
0.244818660580203295573653576866
0.246545773719123811895670428385
0.248272886859258495872992966724
0.250000000000000000000000000000
0.251727113140741531882582648905
0.253454226280876271371056418502
0.255181339419796704426346423134
0.256908452556894484342109308272
0.258635565691559321521708625369
0.260362678823178594900156213043
0.262089791951136852343751115768
0.263816905074815255538567271287
0.265544018193590858345487504266
0.267271131306835940666388751197
0.268998244413917619866083441593
0.270725357514197018105051029124
0.272452470607028818250228141551
0.274179583691760375696588880601
0.275906696767731163255632509390
0.277633809834272271555022371103
0.279360922890705520860166188868
0.281088035936342572895796365628
0.282815148970484542267911365343
0.284542261992421163796507244115
0.286269375001429626781401793778
0.287996487996774352957629616867
0.289723600977705608716661345170
0.291450713943459116528345020924
0.293177826893254722673276546629
0.294904939826295564575531216178
0.296632052741767460180000171022
0.298359165638837242617853462434
0.300086278516652316117330201450
0.301813391374339046180352852389
0.303540504211001926915258763984
0.305267617025722304280321850456
0.306994729817556877282669347551
0.308721842585536754288710881156
0.310448955328665732178450298306
0.312176068045918908566704885743
0.313903180736241127490870894690
0.315630293398545591632142759408
0.317357406031711863914068771919
0.319084518634583924612257987974
0.320811631205969005620204370643
0.322538743744634703869422764910
0.324265856249307371506063191191
0.325992968718669839933710363766
0.327720081151358977322729515436
0.329447193545963190608460990916
0.331174305901019705444809915207
0.332901418215012068202440786990
0.334628530486366815299703603159
0.336355642713450475600467370896
0.338082754894566295256197463459
0.339809867027950296414218200880
0.341536979111768224104395130780
0.343264091144110439213221752652
0.344991203122988865370501798679
0.346718315046331160278469951663
0.348445426911976663397751963203
0.350172538717670900343392759169
0.351899650461059976258582082664
0.353626762139684303054565361890
0.355353873750972659717461965556
0.357080985292235197903210064396
0.358808096760655725887545486330
0.360535208153283937004829340367
0.362262319467027360531119484222
0.363989430698641314165797666647
0.365716541844719689180465138634
0.367443652901684236766755020653
0.369170763865772910694573738510
0.370897874733027432814225221591
0.372624985499280192424720326017
0.374352096160139424796398088802
0.376079206710973390492824819376
0.377806317146894166114634572295
0.379533427462737993351993281976
0.381260537653045850081667822451
0.382987647712041412439987198013
0.384714757633607351561266796125
0.386441867411258910269822308692
0.388168977038115592392841790570
0.389896086506870520604906005246
0.391623195809755519913863963666
0.393350304938504591323322756580
0.395077413884311834380014261114
0.396804522637787149275112597024
0.398531631188905888230067375844
0.400258739526954177012640911926
0.401985847640467630625948913803
0.403712955517164295837773124731
0.405440063143870099704457743428
0.407167170506435471821760074818
0.408894277589642807235748023231
0.410621384377103271212661184109
0.412348490851141502577803521490
0.414075596992666272733174537279
0.415802702781024879907789681965
0.417529808193839835350757994092
0.419256913206824233242286936729
0.420984017793573361831960255586
0.422711121925327726334131739350
0.424438225570703597799848694194
0.426165328695387035651265250635
0.427892431261782224538592345198
0.429619533228608629915612482364
0.431346634550438201571864738071
0.433073735177160190623624202999
0.434800835053360312798531595035
0.436527934117600047159157838905
0.438255032301573921316162341100
0.439982129529121857025586450618
0.441709225715065767481348757428
0.443436320763832936275861129616
0.445163414567819937239789851446
0.446890507005437032095329641379
0.448617597938758438935735739506
0.450344687210681882127971675800
0.452071774641475965239578727051
0.453798860024551942160542239435
0.455525943121250886935769131014
0.457253023654369927797347372689
0.458980101300051179791239519545
0.460707175677536218127983147497
0.462434246336094645357661647722
0.464161312738176845549276094971
0.465888374237454216952869501256
0.467615430049840075099609748577
0.469342479214727437142329335984
0.471069520542359343462379683842
0.472796552541183856543938190953
0.474523573315708435682580557113
0.476250580419870894743894496060
0.477977570641568316744951516739
0.479704539677449470769232675593
0.481431481626764690151532022355
0.483158388174895259137286984696
0.484885247219542958596605330968
0.486612040439247772738440289686
0.488338738715875186890968961961
0.490065292824911291624800924183
0.491791612516083775918929177351
0.493517512747822351126814055533
0.495242546152850571239412147406
0.496965294367108623152518021016
0.498677928550949445263285042529
0.000000000000000000000000000000
0.001730103806228373538103615381
0.003460207612456747076207230762
0.005190311418685120831151280640
0.006920415224913494152414461524
0.008650519031141869208401118385
0.010380622837370241662302561281
0.012110726643598615850927480153
0.013840830449826988304828923049
0.015570934256055362493453841921
0.017301038062283738416802236770
0.019031141868512110870703679666
0.020761245674740483324605122561
0.022491349480968855778506565457
0.024221453287197231701854960306
0.025951557093425604155756403202
0.027681660899653976609657846097
0.029411764705882352533006240947
0.031141868512110724986907683842
0.032871972318339104379703030645
0.034602076124567476833604473541
0.036332179930795849287505916436
0.038062283737024221741407359332
0.039792387543252594195308802227
0.041522491349480966649210245123
0.043252595155709339103111688019
0.044982698961937711557013130914
0.046712802768166090949808477717
0.048442906574394463403709920613
0.050173010380622835857611363508
0.051903114186851208311512806404
0.053633217993079580765414249299
0.055363321799307953219315692195
0.057093425605536332612111038998
0.058823529411764705066012481893
0.060553633217993077519913924789
0.062283737024221449973815367684
0.064013840830449822427716810580
0.065743944636678208759406061290
0.067474048442906581213307504186
0.069204152249134953667208947081
0.070934256055363326121110389977
0.072664359861591698575011832872
0.074394463667820071028913275768
0.076124567474048443482814718664
0.077854671280276815936716161559
0.079584775086505188390617604455
0.081314878892733560844519047350
0.083044982698961933298420490246
0.084775086505190305752321933142
0.086505190311418678206223376037
0.088235294117647050660124818933
0.089965397923875423114026261828
0.091695501730103795567927704724
0.093425605536332181899616955434
0.095155709342560554353518398329
0.096885813148788926807419841225
0.098615916955017299261321284121
0.100346020761245671715222727016
0.102076124567474044169124169912
0.103806228373702416623025612807
0.105536332179930789076927055703
0.107266435986159161530828498599
0.108996539792387533984729941494
0.110726643598615906438631384390
0.112456747404844278892532827285
0.114186851211072665224222077995
0.115916955017301037678123520891
0.117647058823529410132024963787
0.119377162629757782585926406682
0.121107266435986155039827849578
0.122837370242214527493729292473
0.124567474048442899947630735369
0.126297577854671272401532178264
0.128027681660899644855433621160
0.129757785467128045064910679685
0.131487889273356417518812122580
0.133217993079584789972713565476
0.134948096885813162426615008371
0.136678200692041534880516451267
0.138408304498269907334417894162
0.140138408304498279788319337058
0.141868512110726652242220779954
0.143598615916955024696122222849
0.145328719723183397150023665745
0.147058823529411769603925108640
0.148788927335640142057826551536
0.150519031141868514511727994432
0.152249134948096886965629437327
0.153979238754325259419530880223
0.155709342560553631873432323118
0.157439446366782004327333766014
0.159169550173010376781235208909
0.160899653979238749235136651805
0.162629757785467121689038094701
0.164359861591695494142939537596
0.166089965397923866596840980492
0.167820069204152239050742423387
0.169550173010380611504643866283
0.171280276816608983958545309179
0.173010380622837356412446752074
0.174740484429065728866348194970
0.176470588235294101320249637865
0.178200692041522473774151080761
0.179930795847750846228052523657
0.181660899653979218681953966552
0.183391003460207591135855409448
0.185121107266435991345332467972
0.186851211072664363799233910868
0.188581314878892736253135353763
0.190311418685121108707036796659
0.192041522491349481160938239555
0.193771626297577853614839682450
0.195501730103806226068741125346
0.197231833910034598522642568241
0.198961937716262970976544011137
0.200692041522491343430445454032
0.202422145328719715884346896928
0.204152249134948088338248339824
0.205882352941176460792149782719
0.207612456747404833246051225615
0.209342560553633205699952668510
0.211072664359861578153854111406
0.212802768166089950607755554302
0.214532871972318323061656997197
0.216262975778546695515558440093
0.217993079584775067969459882988
0.219723183391003440423361325884
0.221453287197231812877262768779
0.223183391003460185331164211675
0.224913494809688557785065654571
0.226643598615916957994542713095
0.228373702422145330448444155991
0.230103806228373702902345598886
0.231833910034602075356247041782
0.233564013840830447810148484677
0.235294117647058820264049927573
0.237024221453287192717951370469
0.238754325259515565171852813364
0.240484429065743937625754256260
0.242214532871972310079655699155
0.243944636678200682533557142051
0.245674740484429054987458584947
0.247404844290657427441360027842
0.249134948096885799895261470738
0.250865051903114144593587298004
0.252595155709342544803064356529
0.254325259515570889501390183796
0.256055363321799289710867242320
0.257785467128027634409193069587
0.259515570934256090129821359369
0.261245674740484434828147186636
0.262975778546712835037624245160
0.264705882352941179735950072427
0.266435986159169579945427130951
0.268166089965397924643752958218
0.269896193771626324853230016743
0.271626297577854669551555844009
0.273356401384083069761032902534
0.275086505190311414459358729800
0.276816608996539814668835788325
0.278546712802768159367161615592
0.280276816608996559576638674116
0.282006920415224904274964501383
0.283737024221453304484441559907
0.285467128027681649182767387174
0.287197231833910049392244445698
0.288927335640138394090570272965
0.290657439446366794300047331490
0.292387543252595138998373158756
0.294117647058823539207850217281
0.295847750865051883906176044547
0.297577854671280284115653103072
0.299307958477508628813978930339
0.301038062283737029023455988863
0.302768166089965373721781816130
0.304498269896193773931258874654
0.306228373702422118629584701921
0.307958477508650518839061760445
0.309688581314878863537387587712
0.311418685121107263746864646237
0.313148788927335608445190473503
0.314878892733564008654667532028
0.316608996539792353352993359294
0.318339100346020753562470417819
0.320069204152249098260796245086
0.321799307958477498470273303610
0.323529411764705843168599130877
0.325259515570934243378076189401
0.326989619377162588076402016668
0.328719723183390988285879075192
0.330449826989619332984204902459
0.332179930795847733193681960984
0.333910034602076133403159019508
0.335640138408304478101484846775
0.337370242214532878310961905299
0.339100346020761223009287732566
0.340830449826989623218764791091
0.342560553633217967917090618357
0.344290657439446368126567676882
0.346020761245674712824893504148
0.347750865051903113034370562673
0.349480968858131457732696389940
0.351211072664359857942173448464
0.352941176470588202640499275731
0.354671280276816602849976334255
0.356401384083044947548302161522
0.358131487889273347757779220046
0.359861591695501692456105047313
0.361591695501730092665582105838
0.363321799307958437363907933104
0.365051903114186837573384991629
0.366782006920415182271710818895
0.368512110726643582481187877420
0.370242214532871982690664935944
0.371972318339100327388990763211
0.373702422145328727598467821736
0.375432525951557072296793649002
0.377162629757785472506270707527
0.378892733564013817204596534793
0.380622837370242217414073593318
0.382352941176470562112399420585
0.384083044982698962321876479109
0.385813148788927307020202306376
0.387543252595155707229679364900
0.389273356401384051928005192167
0.391003460207612452137482250691
0.392733564013840796835808077958
0.394463667820069197045285136483
0.396193771626297541743610963749
0.397923875432525941953088022274
0.399653979238754286651413849540
0.401384083044982686860890908065
0.403114186851211031559216735332
0.404844290657439431768693793856
0.406574394463667776467019621123
0.408304498269896176676496679647
0.410034602076124521374822506914
0.411764705882352921584299565438
0.413494809688581266282625392705
0.415224913494809666492102451230
0.416955017301038011190428278496
0.418685121107266411399905337021
0.420415224913494756098231164287
0.422145328719723156307708222812
0.423875432525951501006034050079
0.425605536332179901215511108603
0.427335640138408245913836935870
0.429065743944636646123313994394
0.430795847750864990821639821661
0.432525951557093391031116880185
0.434256055363321735729442707452
0.435986159169550135938919765977
0.437716262975778480637245593243
0.439446366782006880846722651768
0.441176470588235225545048479034
0.442906574394463625754525537559
0.444636678200692081475153827341
0.446366782006920370662328423350
0.448096885813148826382956713132
0.449826989619377115570131309141
0.451557093425605571290759598924
0.453287197231833915989085426190
0.455017301038062316198562484715
0.456747404844290660896888311981
0.458477508650519061106365370506
0.460207612456747405804691197773
0.461937716262975806014168256297
0.463667820069204150712494083564
0.465397923875432550921971142088
0.467128027681660895620296969355
0.468858131487889295829774027879
0.470588235294117640528099855146
0.472318339100346040737576913671
0.474048442906574385435902740937
0.475778546712802785645379799462
0.477508650519031130343705626728
0.479238754325259530553182685253
0.480968858131487875251508512520
0.482698961937716275460985571044
0.484429065743944620159311398311
0.486159169550173020368788456835
0.487889273356401365067114284102
0.489619377162629765276591342626
0.491349480968858109974917169893
0.493079584775086510184394228418
0.494809688581314854882720055684
0.496539792387543255092197114209
0.498269896193771599790522941476
0.500000000000000000000000000000
0.501730103806228289187174596009
0.503460207612456689396651654533
0.505190311418685089606128713058
0.506920415224913489815605771582
0.508650519031141779002780367591
0.510380622837370179212257426116
0.512110726643598579421734484640
0.513840830449826979631211543165
0.515570934256055268818386139174
0.517301038062283669027863197698
0.519031141868512180259642718738
0.520761245674740469446817314747
0.522491349480968869656294373272
0.524221453287197158843468969280
0.525951557093425670075248490321
0.527681660899653959262423086329
0.529411764705882359471900144854
0.531141868512110648659074740863
0.532871972318339159890854261903
0.534602076124567449078028857912
0.536332179930795849287505916436
0.538062283737024138474680512445
0.539792387543252649706460033485
0.541522491349480938893634629494
0.543252595155709339103111688019
0.544982698961937628290286284027
0.546712802768166139522065805068
0.548442906574394428709240401076
0.550173010380622828918717459601
0.551903114186851118105892055610
0.553633217993079629337671576650
0.555363321799307918524846172659
0.557093425605536318734323231183
0.558823529411764718943800289708
0.560553633217993119153277348232
0.562283737024221408340451944241
0.564013840830449808549929002766
0.565743944636678208759406061290
0.567474048442906608968883119815
0.569204152249134898156057715823
0.570934256055363298365534774348
0.572664359861591698575011832872
0.574394463667820098784488891397
0.576124567474048387971663487406
0.577854671280276788181140545930
0.579584775086505188390617604455
0.581314878892733588600094662979
0.583044982698961877787269258988
0.584775086505190277996746317513
0.586505190311418678206223376037
0.588235294117647078415700434562
0.589965397923875367602875030570
0.591695501730103767812352089095
0.593425605536332168021829147619
0.595155709342560568231306206144
0.596885813148788968440783264668
0.598615916955017257627957860677
0.600346020761245657837434919202
0.602076124567474058046911977726
0.603806228373702458256389036251
0.605536332179930747443563632260
0.607266435986159147653040690784
0.608996539792387547862517749309
0.610726643598615948071994807833
0.612456747404844237259169403842
0.614186851211072637468646462366
0.615916955017301037678123520891
0.617647058823529437887600579415
0.619377162629757727074775175424
0.621107266435986127284252233949
0.622837370242214527493729292473
0.624567474048442927703206350998
0.626297577854671216890380947007
0.628027681660899617099858005531
0.629757785467128017309335064056
0.631487889273356417518812122580
0.633217993079584706705986718589
0.634948096885813106915463777113
0.636678200692041507124940835638
0.638408304498269907334417894162
0.640138408304498196521592490171
0.641868512110726596731069548696
0.643598615916954996940546607220
0.645328719723183397150023665745
0.647058823529411686337198261754
0.648788927335640086546675320278
0.650519031141868486756152378803
0.652249134948096886965629437327
0.653979238754325176152804033336
0.655709342560553576362281091860
0.657439446366781976571758150385
0.659169550173010376781235208909
0.660899653979238665968409804918
0.662629757785467066177886863443
0.664359861591695466387363921967
0.666089965397923866596840980492
0.667820069204152266806318039016
0.669550173010380555993492635025
0.671280276816608956202969693550
0.673010380622837356412446752074
0.674740484429065756621923810599
0.676470588235294045809098406608
0.678200692041522446018575465132
0.679930795847750846228052523657
0.681660899653979246437529582181
0.683391003460207535624704178190
0.685121107266435935834181236714
0.686851211072664336043658295239
0.688581314878892736253135353763
0.690311418685121025440309949772
0.692041522491349425649787008297
0.693771626297577825859264066821
0.695501730103806226068741125346
0.697231833910034515255915721355
0.698961937716262915465392779879
0.700692041522491426697172300919
0.702422145328719715884346896928
0.704152249134948005071521492937
0.705882352941176405280998551461
0.707612456747404916512778072502
0.709342560553633205699952668510
0.711072664359861494887127264519
0.712802768166089895096604323044
0.714532871972318406328383844084
0.716262975778546695515558440093
0.717993079584774984702733036102
0.719723183391003384912210094626
0.721453287197231896143989615666
0.723183391003460185331164211675
0.724913494809688474518338807684
0.726643598615916874727815866208
0.728373702422145385959595387249
0.730103806228373675146769983257
0.731833910034601964333944579266
0.733564013840830364543421637791
0.735294117647058875775201158831
0.737024221453287164962375754840
0.738754325259515454149550350849
0.740484429065743965381329871889
0.742214532871972365590806930413
0.743944636678200654777981526422
0.745674740484428943965156122431
0.747404844290657455196935643471
0.749134948096885855406412701996
0.750865051903114144593587298004
0.752595155709342433780761894013
0.754325259515570945012541415053
0.756055363321799345222018473578
0.757785467128027634409193069587
0.759515570934255923596367665596
0.761245674740484434828147186636
0.762975778546712835037624245160
0.764705882352941124224798841169
0.766435986159169524434275899694
0.768166089965397924643752958218
0.769896193771626324853230016743
0.771626297577854614040404612751
0.773356401384083014249881671276
0.775086505190311414459358729800
0.776816608996539814668835788325
0.778546712802768103856010384334
0.780276816608996504065487442858
0.782006920415224904274964501383
0.783737024221453304484441559907
0.785467128027681593671616155916
0.787197231833909993881093214441
0.788927335640138394090570272965
0.790657439446366794300047331490
0.792387543252595083487221927498
0.794117647058823483696698986023
0.795847750865051883906176044547
0.797577854671280284115653103072
0.799307958477508573302827699081
0.801038062283736973512304757605
0.802768166089965373721781816130
0.804498269896193773931258874654
0.806228373702422063118433470663
0.807958477508650463327910529188
0.809688581314878863537387587712
0.811418685121107263746864646237
0.813148788927335552934039242245
0.814878892733564064165818763286
0.816608996539792353352993359294
0.818339100346020753562470417819
0.820069204152249042749645013828
0.821799307958477553981424534868
0.823529411764705843168599130877
0.825259515570934243378076189401
0.826989619377162532565250785410
0.828719723183391043797030306450
0.830449826989619332984204902459
0.832179930795847733193681960984
0.833910034602076022380856556993
0.835640138408304533612636078033
0.837370242214532822799810674042
0.839100346020761223009287732566
0.840830449826989512196462328575
0.842560553633218023428241849615
0.844290657439446312615416445624
0.846020761245674712824893504148
0.847750865051903002012068100157
0.849480968858131513243847621197
0.851211072664359802431022217206
0.852941176470588202640499275731
0.854671280276816491827673871740
0.856401384083045003059453392780
0.858131487889273292246627988789
0.859861591695501692456105047313
0.861591695501729981643279643322
0.863321799307958492875059164362
0.865051903114186782062233760371
0.866782006920415182271710818895
0.868512110726643471458885414904
0.870242214532871982690664935944
0.871972318339100271877839531953
0.873702422145328672087316590478
0.875432525951556961274491186487
0.877162629757785472506270707527
0.878892733564013761693445303536
0.880622837370242161902922362060
0.882352941176470451090096958069
0.884083044982698962321876479109
0.885813148788927251509051075118
0.887543252595155651718528133642
0.889273356401384162950307654683
0.891003460207612452137482250691
0.892733564013840741324656846700
0.894463667820069141534133905225
0.896193771626297652765913426265
0.897923875432525941953088022274
0.899653979238754231140262618283
0.901384083044982631349739676807
0.903114186851211142581519197847
0.904844290657439431768693793856
0.906574394463667831978170852381
0.908304498269896121165345448389
0.910034602076124632397124969430
0.911764705882352921584299565438
0.913494809688581321793776623963
0.915224913494809610980951219972
0.916955017301038122212730741012
0.918685121107266411399905337021
0.920415224913494811609382395545
0.922145328719723100796556991554
0.923875432525951612028336512594
0.925605536332179901215511108603
0.927335640138408301424988167128
0.929065743944636590612162763136
0.930795847750865101843942284177
0.932525951557093391031116880185
0.934256055363321791240593938710
0.935986159169550080427768534719
0.937716262975778591659548055759
0.939446366782006880846722651768
0.941176470588235281056199710292
0.942906574394463570243374306301
0.944636678200692081475153827341
0.946366782006920370662328423350
0.948096885813148770871805481875
0.949826989619377060058980077883
0.951557093425605571290759598924
0.953287197231833860477934194932
0.955017301038062260687411253457
0.956747404844290549874585849466
0.958477508650519061106365370506
0.960207612456747350293539966515
0.961937716262975750503017025039
0.963667820069204150712494083564
0.965397923875432550921971142088
0.967128027681660840109145738097
0.968858131487889240318622796622
0.970588235294117640528099855146
0.972318339100346040737576913671
0.974048442906574329924751509679
0.975778546712802730134228568204
0.977508650519031130343705626728
0.979238754325259530553182685253
0.980968858131487819740357281262
0.982698961937716219949834339786
0.984429065743944620159311398311
0.986159169550173020368788456835
0.987889273356401309555963052844
0.989619377162629709765440111369
0.991349480968858109974917169893
0.993079584775086510184394228418
0.994809688581314799371568824427
0.996539792387543199581045882951
0.998269896193771599790522941476
0.000088541301934117429338171046
0.000206097178350238876545427735
0.000323802873620066412451573568
0.000441485559278530096186110576
0.000559119291609659553772548879
0.000676688091430664739357736526
0.000794177549993971016589755507
0.000911573640031353052241847035
0.001028862459832794633632357950
0.001146030162383921986030133056
0.001263062932504663239338671410
0.001379946979009715911021483059
0.001496668532270644053419617059
0.001613213843944286693746215100
0.001729569187647128766446846804
0.001845720860073046549337805189
0.001961655182330900460546674324
0.002077358501395728824362452158
0.002192817191621157860148549901
0.002308017656285178426794901796
0.002422946329153946327245039427
0.002537589676054751927636310427
0.002651934196454138435716796351
0.002765966425036268678400164234
0.002879672933281441932901190128
0.002993040331041773617626322590
0.003106055268114377414939708544
0.003218704435810879321139266196
0.003330974568522339449710978343
0.003442852445280297161295246511
0.003554324891312150153099835848
0.003665378779592173754536821306
0.003776001032386404505925003861
0.003886178622792329975105252160
0.003995898576272657529151466349
0.004105147972182635572602205087
0.004213913945291522696046104812
0.004322183687297367730983932432
0.004429944448335216937440161900
0.004537183538478361047308062837
0.004643888329232596576257030563
0.004750046255023382575644053105
0.004855644814675276997595343431
0.004960671572884324878605077913
0.005065114161682144136578109794
0.005168960281892477463816515382
0.005272197704579430557747521391
0.005374814272487597049954288764
0.005476797901473773495795160926
0.005578136581929560994241867888
0.005678818380196184838204498391
0.005778831439969444455639902003
0.005878163983695748606717046414
0.005976804313959564567138027513
0.006074740814860324529533830429
0.006171961953380602008967237282
0.006268456280744306649554964395
0.006364212433764684061221483802
0.006459219136182549163283095339
0.006553465199994212668499482533
0.006646939526768824886560071974
0.006739631108955573129959404355
0.006831529031179597345746490333
0.006922622471527737665619728347
0.007012900702822679258052751550
0.007102353093886341027507480561
0.007190969110791573144780830518
0.007278738318102898063877148616
0.007365650380105279344811197717
0.007451695062021184562395248463
0.007536862231215970056585895520
0.007621141858390899706532373159
0.007704524018764557537208848004
0.007786998893241146683930065109
0.007868556769567065095616342774
0.007949188043474556680800802155
0.008028883219812746677157555553
0.008107632913665693483173946277
0.008185427851457606138185774114
0.008262258872045038365916624912
0.008338116927795404323409123037
0.008412993085652820460240697287
0.008486878528189660195191201808
0.008559764554645094697393759020
0.008631642581949820064446399215
0.008702504145736516399933790922
0.008772340901336876661797958832
0.008841144624764136691896787568
0.008908907213681519290937593780
0.008975620688356361620563461656
0.009041277192599950218721005513
0.009105868994692498108456391037
0.009169388488293782682458932243
0.009231828193338745269791445480
0.009293180756918290041923569333
0.009353438954145499098502547497
0.009412595689005943608296256286
0.009470643995193732053716750841
0.009527577036931651061069104003
0.009583388109776200258771439167
0.009638070641407078809059782998
0.009691618192401224227139344691
0.009744024456991054808363550421
0.009795283263806926071781688847
0.009845388576604141225856459130
0.009894334494973636151549101214
0.009942115255036661561338640070
0.009988725230123850912233862687
0.010034158931437475378856127861
0.010078411008698183459753039415
0.010121476250774714272795407055
0.010163349586297719048810783704
0.010204026084256944892358909271
0.010243500954581916118080187061
0.010281769548706016018102538112
0.010318827360113918753525830141
0.010354670024872145855932004110
0.010389293322143257347622835596
0.010422693174682471847769527074
0.010454865649318181505811331533
0.010485806957415053780602320899
0.010515513455320014968297215319
0.010543981644791344462475102262
0.010571208173410871072883665533
0.010597189834978487307792782701
0.010621923569889821226119863695
0.010645406465496672077097883857
0.010667635756449637268739039087
0.010688608825024110277057687313
0.010708323201428468149365436091
0.010726776564094733096288436514
0.010743966739952200833974060856
0.010759891704683180457813307385
0.010774549582961397489744292955
0.010787938648672987240750842375
0.010800057325119585827088997121
0.010810904185203978541962577253
0.010820477951598352420181647915
0.010828777496894525025905586801
0.010835801843736761820857772420
0.010841550164937072825432906598
0.010846021783572116006788554898
0.010849216173063560078593248193
0.010851132957239500650969965534
0.010851771910379229973964143596
0.010851132957239500650969965534
0.010849216173063560078593248193
0.010846021783572116006788554898
0.010841550164937072825432906598
0.010835801843736761820857772420
0.010828777496894525025905586801
0.010820477951598352420181647915
0.010810904185203978541962577253
0.010800057325119585827088997121
0.010787938648672987240750842375
0.010774549582961397489744292955
0.010759891704683180457813307385
0.010743966739952200833974060856
0.010726776564094733096288436514
0.010708323201428468149365436091
0.010688608825024110277057687313
0.010667635756449637268739039087
0.010645406465496672077097883857
0.010621923569889821226119863695
0.010597189834978487307792782701
0.010571208173410871072883665533
0.010543981644791344462475102262
0.010515513455320014968297215319
0.010485806957415053780602320899
0.010454865649318181505811331533
0.010422693174682471847769527074
0.010389293322143257347622835596
0.010354670024872145855932004110
0.010318827360113918753525830141
0.010281769548706016018102538112
0.010243500954581916118080187061
0.010204026084256944892358909271
0.010163349586297719048810783704
0.010121476250774714272795407055
0.010078411008698183459753039415
0.010034158931437475378856127861
0.009988725230123850912233862687
0.009942115255036661561338640070
0.009894334494973636151549101214
0.009845388576604141225856459130
0.009795283263806926071781688847
0.009744024456991054808363550421
0.009691618192401224227139344691
0.009638070641407078809059782998
0.009583388109776200258771439167
0.009527577036931651061069104003
0.009470643995193732053716750841
0.009412595689005943608296256286
0.009353438954145499098502547497
0.009293180756918290041923569333
0.009231828193338745269791445480
0.009169388488293782682458932243
0.009105868994692498108456391037
0.009041277192599950218721005513
0.008975620688356361620563461656
0.008908907213681519290937593780
0.008841144624764136691896787568
0.008772340901336876661797958832
0.008702504145736516399933790922
0.008631642581949820064446399215
0.008559764554645094697393759020
0.008486878528189660195191201808
0.008412993085652820460240697287
0.008338116927795404323409123037
0.008262258872045038365916624912
0.008185427851457606138185774114
0.008107632913665693483173946277
0.008028883219812746677157555553
0.007949188043474556680800802155
0.007868556769567065095616342774
0.007786998893241146683930065109
0.007704524018764557537208848004
0.007621141858390899706532373159
0.007536862231215970056585895520
0.007451695062021184562395248463
0.007365650380105279344811197717
0.007278738318102898063877148616
0.007190969110791573144780830518
0.007102353093886341027507480561
0.007012900702822679258052751550
0.006922622471527737665619728347
0.006831529031179597345746490333
0.006739631108955573129959404355
0.006646939526768824886560071974
0.006553465199994212668499482533
0.006459219136182549163283095339
0.006364212433764684061221483802
0.006268456280744306649554964395
0.006171961953380602008967237282
0.006074740814860324529533830429
0.005976804313959564567138027513
0.005878163983695748606717046414
0.005778831439969444455639902003
0.005678818380196184838204498391
0.005578136581929560994241867888
0.005476797901473773495795160926
0.005374814272487597049954288764
0.005272197704579430557747521391
0.005168960281892477463816515382
0.005065114161682144136578109794
0.004960671572884324878605077913
0.004855644814675276997595343431
0.004750046255023382575644053105
0.004643888329232596576257030563
0.004537183538478361047308062837
0.004429944448335216937440161900
0.004322183687297367730983932432
0.004213913945291522696046104812
0.004105147972182635572602205087
0.003995898576272657529151466349
0.003886178622792329975105252160
0.003776001032386404505925003861
0.003665378779592173754536821306
0.003554324891312150153099835848
0.003442852445280297161295246511
0.003330974568522339449710978343
0.003218704435810879321139266196
0.003106055268114377414939708544
0.002993040331041773617626322590
0.002879672933281441932901190128
0.002765966425036268678400164234
0.002651934196454138435716796351
0.002537589676054751927636310427
0.002422946329153946327245039427
0.002308017656285178426794901796
0.002192817191621157860148549901
0.002077358501395728824362452158
0.001961655182330900460546674324
0.001845720860073046549337805189
0.001729569187647128766446846804
0.001613213843944286693746215100
0.001496668532270644053419617059
0.001379946979009715911021483059
0.001263062932504663239338671410
0.001146030162383921986030133056
0.001028862459832794633632357950
0.000911573640031353052241847035
0.000794177549993971016589755507
0.000676688091430664739357736526
0.000559119291609659553772548879
0.000441485559278530096186110576
0.000323802873620066412451573568
0.000206097178350238876545427735
0.000088541301934117429338171046
