0.001286519981836162793489841683
0.002953100181166719382513941028
0.004629522437258125171222200578
0.006308168433679530069657648284
0.007987657947222637569439918082
0.009667555640647522430253246739
0.011347681448292947989364698458
0.013027947546784494209370919293
0.014708306035297425556906958377
0.016388728578707722344232067258
0.018069197348237385492009110521
0.019749700567031732573175517587
0.021430230144062738933952161346
0.023110780337260113104225212055
0.024791346958997324823048558073
0.026471926883551231968194628053
0.028152517730640511800510594753
0.029833117655747708879543367289
0.031513725207434499508973857473
0.033194339227941314918179926963
0.034874958782496974507569831303
0.036555583108103729961246841640
0.038236211575817947994071488438
0.039916843662549120197446939073
0.041597478929691941718083114665
0.043278117006731210703041057286
0.044958757578522551279220920151
0.046639400375321632408187610963
0.048320045164891911593230133803
0.050000691746204528609354156288
0.051681339944365932426162402180
0.053361989606502992222747394635
0.055042640598403740070931888795
0.056723292801752908665058328097
0.058403946111845281286001352328
0.060084600435683178931700609837
0.061765255690383949471744529092
0.063445911801840601529356433730
0.065126568703589349240701267263
0.066807226335848957088359156842
0.068487884644700666725292137471
0.070168543581386216834161473344
0.071849203101704506302382924332
0.073529863165490580434457967840
0.075210523736165019181854063390
0.076891184780341861881858278593
0.078571846267487213677505053511
0.080252508169620553890588610102
0.081933170461052792776790454354
0.083613833118156066781523350073
0.085294496119160581604212723050
0.086975159443975075257426965436
0.088655823074027445551692494519
0.090336486992124057082698129761
0.092017151182323037028609746812
0.093697815629822434058127100798
0.095378480320859548857725940252
0.097059145242621047700026792882
0.098739810383162041063087599468
0.100420475731333364022290766115
0.102101141276715837169497547166
0.103781807009561591326196605678
0.105462472920740082948931615192
0.107143139001689591260912948201
0.108823805244373655876088946570
0.110504471641240706314412989286
0.112185138185187729953362634205
0.113865804869527173504017980576
0.115546471687956800455943096040
0.117227138634531574679087384538
0.118907805703638833061397406254
0.120588472889974721025119208662
0.122269140188523084411542640737
0.123949807594535874044616718948
0.125630475103514938073345774683
0.127311142711195729448903080083
0.128991810413531804435649519291
0.130672478206680903189962350552
0.132353146086991724228454359036
0.134033814050991961774883520775
0.135714482095377148018755519843
0.137395150217000272530043503139
0.139075818412862206585600688413
0.140756486680102849140538978645
0.142437155015992605866514963964
0.144117823417925061679767395617
0.145798491883409403468974119278
0.147479160410063980801709249135
0.149159828995610088675505267020
0.150840497637865944557944430926
0.152521166334741331560564958636
0.154201835084232602435250214512
0.155882503884417822348495974438
0.157563172733452383500463156452
0.159243841629564564232879320116
0.160924510571052059582086712908
0.162605179556277873453851157137
0.164285848583667098976590636994
0.165966517651703476809998960562
0.167647186758926675098635428185
0.169327855903928931047275341371
0.171008525085352691696982674330
0.172689194301887949389850973603
0.174369863552269771522773567085
0.176050532835276163368121160602
0.177731202149725597827512046933
0.179411871494475377852850783711
0.181092540868419416000278943102
0.182773210270486541340062558447
0.184453879699638639833025877124
0.186134549154869238796194963470
0.187815218635201675034807067277
0.189495888139687707063529842344
0.191176557667406266105558643176
0.192857227217461874024806434136
0.194537896788983505347303548660
0.196218566381123310504719370329
0.197899235993055616633640170221
0.199579905623975484285637094217
0.201260575273097930271148925385
0.202941244939656872947608690083
0.204621914622904105263145879690
0.206302584322108295555864287962
0.207983254036554349175602851574
0.209663923765542270505335409325
0.211344593508386496827355927053
0.213025263264415037900434413132
0.214705933032968809826002143382
0.216386602813400830136458807829
0.218067272605075468394630888724
0.219747942407367918837834963597
0.221428612219663339955033620754
0.223109282041356354886474377963
0.224789951871850385289874907357
0.226470621710557040717759491599
0.228151291556895591261522326931
0.229831961410292218150885901196
0.231512631270179763953720453173
0.233193301135996761130897425573
0.234873971007187376525138233774
0.236554640883200578693745796954
0.238235310763489610552667841148
0.239915980647511656309589511693
0.241596650534727230841269829398
0.243277320424599707848756224848
0.244957990316594903523750303975
0.246638660210180493681519919846
0.248319330104825486404962475717
0.250000000000000000000000000000
0.251680669895174513595037524283
0.253361339789819561829631311412
0.255042009683405124231825311654
0.256722679575400347662395006409
0.258403349465272824669881401860
0.260084019352488371445986103936
0.261764689236510417202907774481
0.263445359116799449061829818675
0.265126028992812623474861766226
0.266806698864003266624678190055
0.268487368729820319313006393713
0.270168038589707781849114098804
0.271848708443104436494053288698
0.273529378289442959282240508401
0.275210048128149642465700708271
0.276890717958643672869101237666
0.278571387780336687800541994875
0.280252057592632108917740652032
0.281932727394924531605369111276
0.283613397186599225374692423429
0.285294066967031245685149087876
0.286974736735584989855141202497
0.288655406491613530928219688576
0.290336076234457785005815821933
0.292016745963445678579972764055
0.293697415677891704444135712038
0.295378085377095922492429735939
0.297058755060343127052391309917
0.298739424726902125240002305873
0.300420094376024571225514137041
0.302100764006944411121935445408
0.303781433618876717250856245300
0.305462103211016577919423298226
0.307142772782538153730769181493
0.308823442332593789405592588082
0.310504111860312348447621388914
0.312184781364798380476344163981
0.313865450845130788959380652159
0.315546120300361387922549738505
0.317226789729513514171088672811
0.318907459131580639510872288156
0.320588128505524705413876063176
0.322268797850274402172487953067
0.323949467164723836631878839398
0.325630136447730256232802048544
0.327310805698112106121300257655
0.328991474914647308303017325670
0.330672144096071096708300274258
0.332352813241073352656940187444
0.334033482348296550945576655067
0.335714151416332928778984978635
0.337394820443722154301724458492
0.339075489428947995929064518350
0.340756158370435380255969448626
0.342436827266547616499536843548
0.344117496115582233162655256820
0.345798164915767369809174169859
0.347478833665258723950586272622
0.349159502362134055442055569074
0.350840171004389966835645964238
0.352520839589936074709441982122
0.354201508116590568775450265093
0.355882176582074993831383835641
0.357562844984007421889060651665
0.359243513319897234126187868242
0.360924181587137793414399311587
0.362604849782999727469956496861
0.364285517904622879736820095786
0.365966185949008093736267710483
0.367646853913008275771545640964
0.369327521793319124565613265077
0.371008189586468195564350480709
0.372688857288804298306672535546
0.374369524896485117437805456575
0.376050192405464167588746704496
0.377730859811476971099608590521
0.379411527110025348363819830411
0.381092194296361153060814785931
0.382772861365468397565336999833
0.384453528312043268932995943032
0.386134195130472812618194211609
0.387814861814812339435576404867
0.389495528358759335318950434157
0.391176194755626371879486669059
0.392856860998310464250238283057
0.394537527079259930928856192622
0.396218192990438478062742433394
0.397898858723284232219441491907
0.399579524268666663733284849513
0.401260189616838014448063631789
0.402940854757379007811124438376
0.404621519679140506653425291006
0.406302184370177621453024130460
0.407982848817676990726965868816
0.409663513007875956795089678053
0.411344176925972582203883121110
0.413024840556025008009299881451
0.414705503880839432273575084764
0.416386166881843933218476649927
0.418066829538947248856572969089
0.419747491830379459987199197712
0.421428153732512800200282754304
0.423108815219658151995929529221
0.424789476263835008573721552239
0.426470136834509461198905455603
0.428150796898295549208768306926
0.429831456418613810921414142285
0.431512115355299374908071285972
0.433192773664151098422792074416
0.434873431296410706270449963995
0.436554088198159440104006989714
0.438234744309616064406043278723
0.439915399564316911273920140957
0.441596053888154704836210839858
0.443276707198247077457153864088
0.444957359401596252990174207298
0.446638010393497042471722124901
0.448318660055634032879368078284
0.449999308253795526901797074970
0.451679954835108143917921097454
0.453360599624678395347388004666
0.455041242421477476476354695478
0.456721882993268823991428462250
0.458402521070308099915280308778
0.460083156337450893680340868741
0.461763788424182086700398031098
0.463444416891896304733222677896
0.465125041217503032431324072604
0.466805660772058705898501784759
0.468486274792565493552132238619
0.470166882344252301528797488572
0.471847482269359519424511972829
0.473528073116448788848487083669
0.475208653041002737626996577092
0.476889219662739893834668691852
0.478569769855937299229964310143
0.480250299432968319468528761718
0.481930802651762635324672601200
0.483611271421292288064108788603
0.485291693964702619545903417020
0.486972052453215564771227263918
0.488652318551707098848169152916
0.490332444359352526142004080612
0.492012342052777440493116500875
0.493691831566320515900514465102
0.495370477562741884369756917295
0.497046899818833320949806875433
0.498713480018163901608119203956
0.000000000000000000000000000000
0.001683501683501683427943151905
0.003367003367003366855886303810
0.005050505050505050066989021218
0.006734006734006733711772607620
0.008417508417508417356556194022
0.010101010101010100133978042436
0.011784511784511784646123366826
0.013468013468013467423545215240
0.015151515151515150200967063654
0.016835016835016834713112388044
0.018518518518518517490534236458
0.020202020202020200267956084872
0.021885521885521883045377933286
0.023569023569023569292246733653
0.025252525252525252069668582067
0.026936026936026934847090430480
0.028619528619528617624512278894
0.030303030303030300401934127308
0.031986531986531986648802927675
0.033670033670033669426224776089
0.035353535353535352203646624503
0.037037037037037034981068472916
0.038720538720538717758490321330
0.040404040404040400535912169744
0.042087542087542090252227922065
0.043771043771043766090755866571
0.045454545454545455807071618892
0.047138047138047138584493467306
0.048821548821548821361915315720
0.050505050505050504139337164133
0.052188552188552186916759012547
0.053872053872053869694180860961
0.055555555555555552471602709375
0.057239057239057235249024557788
0.058922558922558918026446406202
0.060606060606060600803868254616
0.062289562289562283581290103029
0.063973063973063973297605855350
0.065656565656565663013921607671
0.067340067340067338852449552178
0.069023569023569028568765304499
0.070707070707070704407293249005
0.072390572390572380245821193512
0.074074074074074069962136945833
0.075757575757575745800664890339
0.077441077441077435516980642660
0.079124579124579111355508587167
0.080808080808080801071824339488
0.082491582491582490788140091809
0.084175084175084180504455844130
0.085858585858585842465195980822
0.087542087542087532181511733143
0.089225589225589208020039677649
0.090909090909090911614143237784
0.092592592592592601330458990105
0.094276094276094277168986934612
0.095959595959595966885302686933
0.097643097643097642723830631439
0.099326599326599332440146383760
0.101010101010101008278674328267
0.102693602693602697994990080588
0.104377104377104373833518025094
0.106060606060606063549833777415
0.107744107744107739388361721922
0.109427609427609415226889666428
0.111111111111111104943205418749
0.112794612794612780781733363256
0.114478114478114470498049115577
0.116161616161616146336577060083
0.117845117845117836052892812404
0.119528619528619511891420756911
0.121212121212121201607736509231
0.122895622895622877446264453738
0.124579124579124567162580206059
0.126262626262626270756683766194
0.127946127946127946595211710701
0.129629629629629622433739655207
0.131313131313131326027843215343
0.132996632996633001866371159849
0.134680134680134677704899104356
0.136363636363636353543427048862
0.138047138047138057137530608998
0.139730639730639732976058553504
0.141414141414141408814586498011
0.143097643097643084653114442517
0.144781144781144760491642387024
0.146464646464646464085745947159
0.148148148148148139924273891666
0.149831649831649815762801836172
0.151515151515151491601329780678
0.153198653198653195195433340814
0.154882154882154871033961285320
0.156565656565656546872489229827
0.158249158249158222711017174333
0.159932659932659926305120734469
0.161616161616161602143648678975
0.163299663299663305737752239111
0.164983164983164981576280183617
0.166666666666666657414808128124
0.168350168350168361008911688259
0.170033670033670009091864017137
0.171717171717171684930391961643
0.173400673400673388524495521779
0.175084175084175064363023466285
0.176767676767676740201551410792
0.178451178451178416040079355298
0.180134680134680147389758531062
0.181818181818181823228286475569
0.183501683501683499066814420075
0.185185185185185202660917980211
0.186868686868686878499445924717
0.188552188552188554337973869224
0.190235690235690230176501813730
0.191919191919191933770605373866
0.193602693602693609609133318372
0.195286195286195285447661262879
0.196969696969696961286189207385
0.198653198653198664880292767521
0.200336700336700340718820712027
0.202020202020202016557348656534
0.203703703703703692395876601040
0.205387205387205395989980161175
0.207070707070707071828508105682
0.208754208754208747667036050188
0.210437710437710423505563994695
0.212121212121212127099667554830
0.213804713804713802938195499337
0.215488215488215478776723443843
0.217171717171717154615251388350
0.218855218855218830453779332856
0.220538720538720534047882892992
0.222222222222222209886410837498
0.223905723905723885724938782005
0.225589225589225561563466726511
0.227272727272727265157570286647
0.228956228956228940996098231153
0.230639730639730616834626175660
0.232323232323232292673154120166
0.234006734006733996267257680302
0.235690235690235672105785624808
0.237373737373737347944313569315
0.239057239057239023782841513821
0.240740740740740727376945073956
0.242424242424242403215473018463
0.244107744107744079054000962969
0.245791245791245754892528907476
0.247474747474747458486632467611
0.249158249158249134325160412118
0.250841750841750810163688356624
0.252525252525252541513367532389
0.254208754208754217351895476895
0.255892255892255893190423421402
0.257575757575757569028951365908
0.259259259259259244867479310415
0.260942760942760920706007254921
0.262626262626262652055686430685
0.264309764309764327894214375192
0.265993265993266003732742319698
0.267676767676767679571270264205
0.269360269360269355409798208711
0.271043771043771031248326153218
0.272727272727272707086854097724
0.274410774410774382925382042231
0.276094276094276114275061217995
0.277777777777777790113589162502
0.279461279461279465952117107008
0.281144781144781141790645051515
0.282828282828282817629172996021
0.284511784511784493467700940528
0.286195286195286169306228885034
0.287878787878787845144756829541
0.289562289562289520983284774047
0.291245791245791252332963949812
0.292929292929292928171491894318
0.294612794612794604010019838825
0.296296296296296279848547783331
0.297979797979797955687075727838
0.299663299663299631525603672344
0.301346801346801307364131616850
0.303030303030302983202659561357
0.304713804713804714552338737121
0.306397306397306390390866681628
0.308080808080808066229394626134
0.309764309764309742067922570641
0.311447811447811417906450515147
0.313131313131313093744978459654
0.314814814814814769583506404160
0.316498316498316445422034348667
0.318181818181818176771713524431
0.319865319865319852610241468938
0.321548821548821528448769413444
0.323232323232323204287297357951
0.324915824915824935636976533715
0.326599326599326611475504478221
0.328282828282828287314032422728
0.329966329966329963152560367234
0.331649831649831638991088311741
0.333333333333333314829616256247
0.335016835016834990668144200754
0.336700336700336722017823376518
0.338383838383838397856351321025
0.340067340067340018183728034273
0.341750841750841749533407210038
0.343434343434343369860783923286
0.345117845117845101210463099051
0.346801346801346777048991043557
0.348484848484848452887518988064
0.350168350168350128726046932570
0.351851851851851860075726108334
0.353535353535353480403102821583
0.355218855218855211752781997347
0.356902356902356832080158710596
0.358585858585858563429837886360
0.360269360269360294779517062125
0.361952861952861915106893775373
0.363636363636363646456572951138
0.365319865319865322295100895644
0.367003367003366998133628840151
0.368686868686868673972156784657
0.370370370370370405321835960422
0.372053872053872025649212673670
0.373737373737373756998891849435
0.375420875420875377326268562683
0.377104377104377108675947738448
0.378787878787878784514475682954
0.380471380471380460353003627461
0.382154882154882136191531571967
0.383838383838383867541210747731
0.385521885521885487868587460980
0.387205387205387219218266636744
0.388888888888888839545643349993
0.390572390572390570895322525757
0.392255892255892246733850470264
0.393939393939393922572378414770
0.395622895622895598410906359277
0.397306397306397329760585535041
0.398989898989898950087962248290
0.400673400673400681437641424054
0.402356902356902301765018137303
0.404040404040404033114697313067
0.405723905723905708953225257574
0.407407407407407384791753202080
0.409090909090909060630281146587
0.410774410774410791979960322351
0.412457912457912412307337035600
0.414141414141414143657016211364
0.415824915824915763984392924613
0.417508417508417495334072100377
0.419191919191919115661448813626
0.420875420875420847011127989390
0.422558922558922522849655933896
0.424242424242424254199335109661
0.425925925925925874526711822909
0.427609427609427605876390998674
0.429292929292929226203767711922
0.430976430976430957553446887687
0.432659932659932688903126063451
0.434343434343434309230502776700
0.436026936026936040580181952464
0.437710437710437660907558665713
0.439393939393939392257237841477
0.441077441077441068095765785984
0.442760942760942799445444961748
0.444444444444444419772821674997
0.446127946127946151122500850761
0.447811447811447771449877564010
0.449494949494949502799556739774
0.451178451178451123126933453023
0.452861952861952854476612628787
0.454545454545454530315140573293
0.456228956228956206153668517800
0.457912457912457881992196462306
0.459595959595959613341875638071
0.461279461279461233669252351319
0.462962962962962965018931527084
0.464646464646464585346308240332
0.466329966329966316695987416097
0.468013468013467992534515360603
0.469696969696969668373043305110
0.471380471380471344211571249616
0.473063973063973075561250425380
0.474747474747474695888627138629
0.476430976430976427238306314393
0.478114478114478047565683027642
0.479797979797979778915362203406
0.481481481481481454753890147913
0.483164983164983130592418092419
0.484848484848484806430946036926
0.486531986531986537780625212690
0.488215488215488158108001925939
0.489898989898989889457681101703
0.491582491582491509785057814952
0.493265993265993241134736990716
0.494949494949494916973264935223
0.496632996632996592811792879729
0.498316498316498268650320824236
0.500000000000000000000000000000
0.501683501683501620327376713249
0.503367003367003351677055889013
0.505050505050505083026735064777
0.506734006734006703354111778026
0.508417508417508434703790953790
0.510101010101010055031167667039
0.511784511784511786380846842803
0.513468013468013406708223556052
0.515151515151515138057902731816
0.516835016835016758385279445065
0.518518518518518489734958620829
0.520202020202020221084637796594
0.521885521885521841412014509842
0.523569023569023572761693685607
0.525252525252525304111372861371
0.526936026936026924438749574620
0.528619528619528655788428750384
0.530303030303030276115805463633
0.531986531986532007465484639397
0.533670033670033627792861352646
0.535353535353535359142540528410
0.537037037037036979469917241659
0.538720538720538710819596417423
0.540404040404040331146973130672
0.542087542087542062496652306436
0.543771043771043682824029019685
0.545454545454545414173708195449
0.547138047138047145523387371213
0.548821548821548765850764084462
0.550505050505050497200443260226
0.552188552188552228550122435990
0.553872053872053848877499149239
0.555555555555555580227178325003
0.557239057239057200554555038252
0.558922558922558931904234214016
0.560606060606060552231610927265
0.562289562289562283581290103029
0.563973063973063903908666816278
0.565656565656565635258345992042
0.567340067340067255585722705291
0.569023569023568986935401881055
0.570707070707070607262778594304
0.572390572390572338612457770068
0.574074074074073958939834483317
0.575757575757575690289513659081
0.577441077441077421639192834846
0.579124579124579041966569548094
0.580808080808080773316248723859
0.582491582491582504665927899623
0.584175084175084236015607075387
0.585858585858585856342983788636
0.587542087542087587692662964400
0.589225589225589208020039677649
0.590909090909090939369718853413
0.592592592592592559697095566662
0.594276094276094291046774742426
0.595959595959595911374151455675
0.597643097643097642723830631439
0.599326599326599263051207344688
0.601010101010100994400886520452
0.602693602693602614728263233701
0.604377104377104346077942409465
0.606060606060605966405319122714
0.607744107744107697754998298478
0.609427609427609429104677474243
0.611111111111111049432054187491
0.612794612794612780781733363256
0.614478114478114512131412539020
0.616161616161616132458789252269
0.617845117845117863808468428033
0.619528619528619484135845141282
0.621212121212121215485524317046
0.622895622895622835812901030295
0.624579124579124567162580206059
0.626262626262626187489956919308
0.627946127946127918839636095072
0.629629629629629539167012808321
0.631313131313131270516691984085
0.632996632996632890844068697334
0.634680134680134622193747873098
0.636363636363636353543427048862
0.638047138047137973870803762111
0.639730639730639705220482937875
0.641414141414141436570162113640
0.643097643097643056897538826888
0.644781144781144788247218002653
0.646464646464646408574594715901
0.648148148148148139924273891666
0.649831649831649871273953067430
0.651515151515151491601329780678
0.653198653198653222951008956443
0.654882154882154843278385669691
0.656565656565656574628064845456
0.658249158249158194955441558704
0.659932659932659926305120734469
0.661616161616161546632497447717
0.663299663299663277982176623482
0.664983164983164898309553336730
0.666666666666666629659232512495
0.668350168350168361008911688259
0.670033670033669981336288401508
0.671717171717171712685967577272
0.673400673400673444035646753036
0.675084175084175064363023466285
0.676767676767676795712702642049
0.678451178451178416040079355298
0.680134680134680036367456068547
0.681818181818181878739437706827
0.683501683501683499066814420075
0.685185185185185119394191133324
0.686868686868686739721567846573
0.688552188552188582093549484853
0.690235690235690202420926198101
0.691919191919191822748302911350
0.693602693602693554097982087114
0.695286195286195285447661262879
0.696969696969696905775037976127
0.698653198653198637124717151892
0.700336700336700257452093865140
0.702020202020201988801773040905
0.703703703703703720151452216669
0.705387205387205340478828929918
0.707070707070706960806205643166
0.708754208754208803178187281446
0.710437710437710423505563994695
0.712121212121212043832940707944
0.713804713804713664160317421192
0.715488215488215506532299059472
0.717171717171717126859675772721
0.718855218855218747187052485970
0.720538720538720589559034124250
0.722222222222222209886410837498
0.723905723905723830213787550747
0.725589225589225561563466726511
0.727272727272727292913145902276
0.728956228956228913240522615524
0.730639730639730644590201791289
0.732323232323232264917578504537
0.734006734006733996267257680302
0.735690235690235727616936856066
0.737373737373737347944313569315
0.739057239057238968271690282563
0.740740740740740810643671920843
0.742424242424242430971048634092
0.744107744107744051298425347341
0.745791245791245671625802060589
0.747474747474747513997783698869
0.749158249158249134325160412118
0.750841750841750754652537125367
0.752525252525252486002216301131
0.754208754208754217351895476895
0.755892255892255837679272190144
0.757575757575757569028951365908
0.759259259259259189356328079157
0.760942760942760920706007254921
0.762626262626262652055686430685
0.764309764309764272383063143934
0.765993265993265892710439857183
0.767676767676767735082421495463
0.769360269360269355409798208711
0.771043771043770975737174921960
0.772727272727272596064551635209
0.774410774410774438436533273489
0.776094276094276058763909986737
0.777777777777777679091286699986
0.779461279461279410440965875750
0.781144781144781141790645051515
0.782828282828282762118021764763
0.784511784511784493467700940528
0.786195286195286113795077653776
0.787878787878787845144756829541
0.789562289562289576494436005305
0.791245791245791196821812718554
0.792929292929292928171491894318
0.794612794612794659521171070082
0.796296296296296279848547783331
0.797979797979797900175924496580
0.799663299663299742547906134860
0.801346801346801362875282848108
0.803030303030302983202659561357
0.804713804713804603530036274606
0.806397306397306445902017912886
0.808080808080808066229394626134
0.809764309764309686556771339383
0.811447811447811417906450515147
0.813131313131313149256129690912
0.814814814814814769583506404160
0.816498316498316500933185579925
0.818181818181818121260562293173
0.819865319865319852610241468938
0.821548821548821583959920644702
0.823232323232323204287297357951
0.824915824915824824614674071199
0.826599326599326666986655709479
0.828282828282828287314032422728
0.829966329966329907641409135977
0.831649831649831527968785849225
0.833333333333333370340767487505
0.835016835016834990668144200754
0.836700336700336610995520914003
0.838383838383838231322897627251
0.840067340067340073694879265531
0.841750841750841694022255978780
0.843434343434343314349632692029
0.845117845117845045699311867793
0.846801346801346777048991043557
0.848484848484848508398670219322
0.850168350168350128726046932570
0.851851851851851749053423645819
0.853535353535353591425405284099
0.855218855218855211752781997347
0.856902356902356832080158710596
0.858585858585858452407535423845
0.860269360269360294779517062125
0.861952861952861915106893775373
0.863636363636363535434270488622
0.865319865319865377806252126902
0.867003367003366998133628840151
0.868686868686868618461005553399
0.870370370370370238788382266648
0.872053872053872081160363904928
0.873737373737373701487740618177
0.875420875420875321815117331425
0.877104377104377053164796507190
0.878787878787878784514475682954
0.880471380471380404841852396203
0.882154882154882136191531571967
0.883838383838383756518908285216
0.885521885521885598890889923496
0.887205387205387219218266636744
0.888888888888888839545643349993
0.890572390572390459873020063242
0.892255892255892302245001701522
0.893939393939393922572378414770
0.895622895622895542899755128019
0.897306397306397163227131841268
0.898989898989899005599113479548
0.900673400673400625926490192796
0.902356902356902246253866906045
0.904040404040403977603546081809
0.905723905723905708953225257574
0.907407407407407329280601970822
0.909090909090909060630281146587
0.910774410774410680957657859835
0.912457912457912412307337035600
0.914141414141414143657016211364
0.915824915824915763984392924613
0.917508417508417384311769637861
0.919191919191919226683751276141
0.920875420875420847011127989390
0.922558922558922467338504702639
0.924242424242424087665881415887
0.925925925925925930037863054167
0.927609427609427550365239767416
0.929292929292929170692616480665
0.930976430976430902042295656429
0.932659932659932633391974832193
0.934343434343434253719351545442
0.936026936026935985069030721206
0.937710437710437716418709896971
0.939393939393939336746086610219
0.941077441077441068095765785984
0.942760942760942688423142499232
0.944444444444444419772821674997
0.946127946127946151122500850761
0.947811447811447771449877564010
0.949494949494949391777254277258
0.951178451178451234149235915538
0.952861952861952854476612628787
0.954545454545454474803989342035
0.956228956228956095131366055284
0.957912457912457937503347693564
0.959595959595959557830724406813
0.961279461279461178158101120061
0.962962962962962909507780295826
0.964646464646464640857459471590
0.966329966329966261184836184839
0.968013468013467992534515360603
0.969696969696969612861892073852
0.971380471380471344211571249616
0.973063973063973075561250425380
0.974747474747474695888627138629
0.976430976430976316216003851878
0.978114478114478158587985490158
0.979797979797979778915362203406
0.981481481481481399242738916655
0.983164983164983019570115629904
0.984848484848484861942097268184
0.986531986531986482269473981432
0.988215488215488102596850694681
0.989898989898989833946529870445
0.991582491582491565296209046210
0.993265993265993185623585759458
0.994949494949494916973264935223
0.996632996632996537300641648471
0.998316498316498268650320824236
0.000083843497719467342159729850
0.000195162629636967156765425813
0.000306624850402774156918339621
0.000418067197899194096123026698
0.000529465800837645560877886552
0.000640806223160321659915172887
0.000752075515161123881596738627
0.000863261087454940140989423369
0.000974350468476220402461174253
0.001085331237216656617011745212
0.001196191001419203824712722550
0.001306917389994429433419664832
0.001417498050554961801228426310
0.001527920648999433941156445016
0.001638172869993965996560092435
0.001748242417872909130333036742
0.001858117017748650698014123428
0.001967784416729211668245502764
0.002077232385194249363741247905
0.002186448718103322589462189640
0.002295421236321225355592190454
0.002404137787953319546629948888
0.002512586249685067572856578266
0.002620754528123774192149841866
0.002728630561139785363350407366
0.002836202319206834049358789684
0.002943457806739368468745832175
0.003050385063428172945781957637
0.003156972165571772081377188712
0.003263207227404895435091125577
0.003369078402422662644327688852
0.003474573884701056235291272145
0.003579681910212494273804129108
0.003684390758137383228149053238
0.003788688752170824014520178480
0.003892564261824255252009141515
0.003996005703722124366428225528
0.004099001542893604757566983210
0.004201540294058553684508616755
0.004303610522908107687001244557
0.004405200847379946334225753191
0.004506299938927005657718360965
0.004606896523781199917491058216
0.004706979384210023195644900795
0.004806537359767822786826840797
0.004905559348540048693332327190
0.005004034308381441129021105496
0.005101951258146887081823539489
0.005199299278916581779075301029
0.005296067515213080320601868323
0.005392245176211993284987045172
0.005487821536945326240941600560
0.005582785939497373825513015788
0.005677127794193153643986793355
0.005770836580779270703900341033
0.005863901849597254016532854592
0.005956313222748480656898451002
0.006048060395251746330924635942
0.006139133136192145845377865498
0.006229521289862112627677692700
0.006319214776893829731141405404
0.006408203595383104266003382321
0.006496477822004874391748074913
0.006584027613119756462689569076
0.006670843205871465793344032846
0.006756914919275922894181807266
0.006842233155300374639051774750
0.006926788399933979725742183575
0.007010571224248670144096884371
0.007093572285450541053952733250
0.007175782327921507997015027058
0.007257192184251809105588471027
0.007337792776262158818412206784
0.007417575116015730912755188342
0.007496530306820833877701204528
0.007574649544222881308863648542
0.007651924116986097076931194749
0.007728345408065030730515587720
0.007803904895565359246811798499
0.007878594153694313401148363596
0.007952404853700082570933105330
0.008025328764800837219595130989
0.008097357755102214602049848224
0.008168483792504352761221220192
0.008238698945597673975460573104
0.008307995384546854739094001729
0.008376365381964526179991992194
0.008443801313772678757141321171
0.008510295660052723601407542731
0.008575841005884311113449669506
0.008640430042172124458499382627
0.008704055566460672244133434106
0.008766710483737900905243378702
0.008828387807225954522771793620
0.008889080659160520161976570819
0.008948782271557768203118499173
0.009007485986968922359041656023
0.009065185259222773364595759915
0.009121873654155593369452503794
0.009177544850328740733136356766
0.009232192639733400110757521873
0.009285810928482978246489842888
0.009338393737492669752220386670
0.009389935203145840722505077736
0.009440429577948617964611166542
0.009489871231169930837490156250
0.009538254649470154222790085896
0.009585574437515544110599563510
0.009631825318579841435639998792
0.009677002135132832527641966180
0.009721099849415415147801944329
0.009764113544001440728181684392
0.009806038422345996277695867605
0.009846869809320212690861851002
0.009886603151732783339999954819
0.009925234018837554572645132112
0.009962758102827595774186875133
0.009999171219315743791566930554
0.010034469307800929563367908770
0.010068648432121256666715858330
0.010101704780892735435759988150
0.010133634667934375214737308113
0.010164434532679431782975498777
0.010194100940571904426179550285
0.010222630583450085031693710391
0.010250020279915342952259393883
0.010276266975686574114967619664
0.010301367743941171328803108054
0.010325319785641178318980060169
0.010348120429845501788701511714
0.010369767134007862319222681435
0.010390257484259942874493809484
0.010409589195680924930687005769
0.010427760112552267313112963620
0.010444768208597892539257756539
0.010460611587210282003024275355
0.010475288481661931827559897101
0.010488797255302282143696324113
0.010501136401740515310954116046
0.010512304545013161430344617031
0.010522300439737789640171072847
0.010531122971251688849592120789
0.010538771155736419149473448442
0.010545244140327283272062786068
0.010550541203208531684798465733
0.010554661753693897127681644577
0.010557605332292371858038393384
0.010559371610759506893151282725
0.010559960392133934878322598649
0.010559371610759506893151282725
0.010557605332292371858038393384
0.010554661753693897127681644577
0.010550541203208531684798465733
0.010545244140327283272062786068
0.010538771155736419149473448442
0.010531122971251688849592120789
0.010522300439737789640171072847
0.010512304545013161430344617031
0.010501136401740515310954116046
0.010488797255302282143696324113
0.010475288481661931827559897101
0.010460611587210282003024275355
0.010444768208597892539257756539
0.010427760112552267313112963620
0.010409589195680924930687005769
0.010390257484259942874493809484
0.010369767134007862319222681435
0.010348120429845501788701511714
0.010325319785641178318980060169
0.010301367743941171328803108054
0.010276266975686574114967619664
0.010250020279915342952259393883
0.010222630583450085031693710391
0.010194100940571904426179550285
0.010164434532679431782975498777
0.010133634667934375214737308113
0.010101704780892735435759988150
0.010068648432121256666715858330
0.010034469307800929563367908770
0.009999171219315743791566930554
0.009962758102827595774186875133
0.009925234018837554572645132112
0.009886603151732783339999954819
0.009846869809320212690861851002
0.009806038422345996277695867605
0.009764113544001440728181684392
0.009721099849415415147801944329
0.009677002135132832527641966180
0.009631825318579841435639998792
0.009585574437515544110599563510
0.009538254649470154222790085896
0.009489871231169930837490156250
0.009440429577948617964611166542
0.009389935203145840722505077736
0.009338393737492669752220386670
0.009285810928482978246489842888
0.009232192639733400110757521873
0.009177544850328740733136356766
0.009121873654155593369452503794
0.009065185259222773364595759915
0.009007485986968922359041656023
0.008948782271557768203118499173
0.008889080659160520161976570819
0.008828387807225954522771793620
0.008766710483737900905243378702
0.008704055566460672244133434106
0.008640430042172124458499382627
0.008575841005884311113449669506
0.008510295660052723601407542731
0.008443801313772678757141321171
0.008376365381964526179991992194
0.008307995384546854739094001729
0.008238698945597673975460573104
0.008168483792504352761221220192
0.008097357755102214602049848224
0.008025328764800837219595130989
0.007952404853700082570933105330
0.007878594153694313401148363596
0.007803904895565359246811798499
0.007728345408065030730515587720
0.007651924116986097076931194749
0.007574649544222881308863648542
0.007496530306820833877701204528
0.007417575116015730912755188342
0.007337792776262158818412206784
0.007257192184251809105588471027
0.007175782327921507997015027058
0.007093572285450541053952733250
0.007010571224248670144096884371
0.006926788399933979725742183575
0.006842233155300374639051774750
0.006756914919275922894181807266
0.006670843205871465793344032846
0.006584027613119756462689569076
0.006496477822004874391748074913
0.006408203595383104266003382321
0.006319214776893829731141405404
0.006229521289862112627677692700
0.006139133136192145845377865498
0.006048060395251746330924635942
0.005956313222748480656898451002
0.005863901849597254016532854592
0.005770836580779270703900341033
0.005677127794193153643986793355
0.005582785939497373825513015788
0.005487821536945326240941600560
0.005392245176211993284987045172
0.005296067515213080320601868323
0.005199299278916581779075301029
0.005101951258146887081823539489
0.005004034308381441129021105496
0.004905559348540048693332327190
0.004806537359767822786826840797
0.004706979384210023195644900795
0.004606896523781199917491058216
0.004506299938927005657718360965
0.004405200847379946334225753191
0.004303610522908107687001244557
0.004201540294058553684508616755
0.004099001542893604757566983210
0.003996005703722124366428225528
0.003892564261824255252009141515
0.003788688752170824014520178480
0.003684390758137383228149053238
0.003579681910212494273804129108
0.003474573884701056235291272145
0.003369078402422662644327688852
0.003263207227404895435091125577
0.003156972165571772081377188712
0.003050385063428172945781957637
0.002943457806739368468745832175
0.002836202319206834049358789684
0.002728630561139785363350407366
0.002620754528123774192149841866
0.002512586249685067572856578266
0.002404137787953319546629948888
0.002295421236321225355592190454
0.002186448718103322589462189640
0.002077232385194249363741247905
0.001967784416729211668245502764
0.001858117017748650698014123428
0.001748242417872909130333036742
0.001638172869993965996560092435
0.001527920648999433941156445016
0.001417498050554961801228426310
0.001306917389994429433419664832
0.001196191001419203824712722550
0.001085331237216656617011745212
0.000974350468476220402461174253
0.000863261087454940140989423369
0.000752075515161123881596738627
0.000640806223160321659915172887
0.000529465800837645560877886552
0.000418067197899194096123026698
0.000306624850402774156918339621
0.000195162629636967156765425813
0.000083843497719467342159729850
