0.001252830454694856552114168302
0.002875768658840830317019454654
0.004508291190184768315596386401
0.006142979229768325694083230815
0.007778488697679480229352222409
0.009414395656663415365428271286
0.011050524756361907938173594346
0.012686790473195985740062496916
0.014323146160701554635563681472
0.015959564225757737893074406088
0.017596027306464333272995048674
0.019232523934365457901618512437
0.020869046230312836981424240435
0.022505588602605139381118704023
0.024142146973278093280423917122
0.025778718298464477903797487102
0.027415300260217583677713193424
0.029051891062326036518914662565
0.030688489291361940869418134525
0.032325093819888246760019256953
0.033961703737615346609945987666
0.035598318301529909002400842155
0.037234936899161033552196897745
0.038871559021120855037523256215
0.040508184240292781364001228894
0.042144812195867929760506598313
0.043781442580958604415819479527
0.045418075132887730793740388435
0.047054709625504349823632566086
0.048691345863047449937788258012
0.050327983675207368929882534303
0.051964622913118423130907075347
0.053601263446087114850069355043
0.055237905158900230118135254997
0.056874547949598758256328778771
0.058511191727624492497916719458
0.060147836412269062300595123816
0.061784481931370552332261070205
0.063421128220209913028959647363
0.065057775220575486674334797499
0.066694422879965048478467792847
0.068331071150901326327620211032
0.069967719990345261793507347647
0.071604369359188249632985900917
0.073241019221813238870844031680
0.074877669545713246290752351797
0.076514320301158553205844725653
0.078150971460906104582022635441
0.079787622999944421420259743627
0.081424274895269099783234878487
0.083060927125685482530492720343
0.084697579671633327347279873720
0.086334232515032069410487736150
0.087970885639143403533779519421
0.089607539028448104923008088463
0.091244192668537171808651464744
0.092880846546013709486011578065
0.094517500648405430863085996407
0.096154154964085677970153653860
0.097790809482202853408772114108
0.099427464192616527016710392672
0.101064119085839759781819680029
0.102700774152986992748814998322
0.104337429385726918051879863469
0.105974084776239457772462060348
0.107610740317177044911289840456
0.109247396001628929718130223137
0.110884051823089302413194445762
0.112520707775427303287685276700
0.114157363852860377351206011554
0.115794020049929488602735716540
0.117430676361476651892168376889
0.119067332782624102360813367341
0.120703989308755185727584091637
0.122340645935496955543086983198
0.123977302658703866788947323130
0.125613959474443065422732956904
0.127250616378980635490236750229
0.128887273368768678905027513792
0.130523930440433866273508556333
0.132160587590766404053610472147
0.133797244816710153569871977197
0.135433902115352888806398823363
0.137070559483918136267632803538
0.138707216919756681772213369186
0.140343874420339270736590719935
0.141980531983249724792273127605
0.143617189606178113914225491499
0.145253847286914899994414440698
0.146890505023345357971109592654
0.148527162813444080224911658661
0.150163820655270091597444093168
0.151800478546962297476952130637
0.153437136486735015150628669289
0.155073794472874088024028083055
0.156710452503732694529148261608
0.158347110577728322766688506817
0.159983768693338995747765807209
0.161620426849100107258294656276
0.163257085043601785079303567727
0.164893743275485726851314893793
0.166530401543442702072539418623
0.168167059846210220630524645458
0.169803718182569840511320080623
0.171440376551345335931486602021
0.173077034951400254847442283790
0.174713693381636253620925458563
0.176350351840990987595247929676
0.177987010328436501271909264688
0.179623668842977424198181779502
0.181260327383649472166027294406
0.182896985949517865144287043222
0.184533644539676106033354585634
0.186170303153244287575063253826
0.187806961789367926618510296066
0.189443620447216937163759098439
0.191080279125984187071907172140
0.192716937824884554375515222091
0.194353596543153817055582521789
0.195990255280047487307371056886
0.197626914034840145406590750099
0.199263572806824246219647989165
0.200900231595309397558679620488
0.202536890399621444247557633389
0.204173549219101579943469459977
0.205810208053105764269830046942
0.207446866901003779126710924174
0.209083525762178756846054739071
0.210720184636026014457499400123
0.212356843521953053688378076913
0.213993502419378339718392112445
0.215630161327730995868279251226
0.217266820246450137465998864172
0.218903479174984261224068404772
0.220540138112790717883626712137
0.222176797059335157102921698424
0.223813456014091027856949267516
0.225450114976539051081516618069
0.227086773946166720072881162196
0.228723432922467800887389444142
0.230360091904941943763418521485
0.231996750893094044743136805664
0.233633409886434079139050368212
0.235270068884476407644612550030
0.236906727886739332245014111322
0.238543386892745068461607615973
0.240180045902018690640034037642
0.241816704914088298483676453543
0.243453363928484212141967191201
0.245090022944738861188085365939
0.246726681962386173996293337041
0.248363340980961216919453704577
0.250000000000000000000000000000
0.251636659019038810836121911052
0.253273318037613881514857894217
0.254909977055261194323065865319
0.256546636071515787858032808799
0.258183295085911757027474777715
0.259819954097981309359965962358
0.261456613107254931538392384027
0.263093272113260667754985888678
0.264729931115523675622114296857
0.266366590113565948616525247417
0.268003249106905983012438809965
0.269639908095058111747732709773
0.271276567077532226868186171487
0.272913226053833335438270069062
0.274549885023461004429634613189
0.276186543985909027654201963742
0.277823202940664870652653917205
0.279459861887209337627524519121
0.281096520825015738775931595228
0.282733179753549890289576751456
0.284369838672269059642871980031
0.286006497580621688037183503184
0.287643156478047001822773154345
0.289279815363974013298076215506
0.290916474237821298665096492186
0.292553133098996220873289075826
0.294189791946894263485745568687
0.295826450780898475567681771281
0.297463109600378583508017982240
0.299099768404690602441320379512
0.300736427193175781535927626464
0.302373085965159882348984865530
0.304009744719952512692628943114
0.305646403456846238455568709469
0.307283062175115417868909162280
0.308919720874015868439244059118
0.310556379552783090591816517190
0.312193038210632101137065319563
0.313829696846755767936087977432
0.315466355460323921722221029995
0.317103014050482134855712956778
0.318739672616350611100699552480
0.320376331157022575801818220498
0.322012989671563554239241966570
0.323649648159009040160327685953
0.325286306618363774134650157066
0.326922965048599745152557716210
0.328559623448654691824089013608
0.330196281817430159488679919377
0.331832940153789834880626585800
0.333469598456557325683036197006
0.335106256724514328659836337465
0.336742914956398298187423279160
0.338379573150899948252856574982
0.340016231306661087518961039677
0.341652889422271677233311493183
0.343289547496267333226427354020
0.344926205527125939731547532574
0.346562863513265040360522561969
0.348199521453037730278623484992
0.349836179344729936158131522461
0.351472837186555975286239572597
0.353109494976654614273314791717
0.354746152713085127761161174931
0.356382810393821913841350124130
0.358019468016750275207726872395
0.359656125579660757018984895694
0.361292783080243373738937862072
0.362929440516081891487942812091
0.364566097884647111193601176637
0.366202755183289874185703638432
0.367839412409233623701965143482
0.369476069559566189237642674925
0.371112726631231348850548101836
0.372749383621019447776490096658
0.374386040525556962332842658725
0.376022697341296174844416100314
0.377659354064503072212488632431
0.379296010691244855905779331806
0.380932667217375897639186632659
0.382569323638523361985619430925
0.384205979950070553030627706903
0.385842636147139650404369604075
0.387479292224572668956739107671
0.389115948176910753097956785496
0.390752603998371084159657584678
0.392389259682823010599861390801
0.394025915223760569983113555281
0.395662570614273068070332328716
0.397299225847013048884548425121
0.398935880914160267973755935600
0.400572535807383500738865222957
0.402209190517797188224591309336
0.403845845035914363663209769584
0.405482499351594638525853042665
0.407119153453986304391776229750
0.408755807331462883702499766514
0.410392460971551964465930950610
0.412029114360856651977371711837
0.413665767484967972222875687294
0.415302420328366672652720126280
0.416939072874314586858446318729
0.418575725104730955727916352771
0.420212377000055647968679295445
0.421849028539093950929128595817
0.423485679698841432916367466532
0.425122330454286823098186687275
0.426758980778186802762519391763
0.428395630640811764244801906898
0.430032280009654710450917036724
0.431668928849098687550167596783
0.433305577120034979277107822782
0.434942224779424513325665202501
0.436578871779790156359979391709
0.438215518068629461545526737609
0.439852163587730993210556107442
0.441488808272375576891022319614
0.443125452050401269499246836858
0.444762094841099797637440360631
0.446398736553912878211036741050
0.448035377086881569930199020746
0.449672016324792644947905273511
0.451308654136952591695575165431
0.452945290374495657115261337822
0.454581924867112296961835227194
0.456218557419041437217543943916
0.457855187804132091056175113408
0.459491815759707267208256098456
0.461128440978879228229203590672
0.462765063100839035836742141328
0.464401681698470125692068677381
0.466038296262384632573372300612
0.467674906180111760178874646954
0.469311510708638079947263577196
0.470948108937673970419979241342
0.472584699739782454486203278066
0.474221281701535546382331176574
0.475857853026721899780682178971
0.477494411397394902252244719421
0.479130953769687228938067846684
0.480767476065634580262297959052
0.482403972693535743054837894306
0.484040435774242272515266449773
0.485676853839298483528352790017
0.487313209526804069771088734342
0.488949475243638131960466353121
0.490585604343336589838742156644
0.492221511302320557934564249081
0.493857020770231691653151528953
0.495491708809815301073342652671
0.497124231341159183994449222155
0.498747169545305180093919261708
0.000000000000000000000000000000
0.001639344262295081965791210266
0.003278688524590163931582420531
0.004918032786885245463692761803
0.006557377049180327863164841062
0.008196721311475410262636920322
0.009836065573770490927385523605
0.011475409836065575061581078842
0.013114754098360655726329682125
0.014754098360655738125801761385
0.016393442622950820525273840644
0.018032786885245902924745919904
0.019672131147540981854771047210
0.021311475409836064254243126470
0.022950819672131150123162157684
0.024590163934426232522634236943
0.026229508196721311452659364249
0.027868852459016393852131443509
0.029508196721311476251603522769
0.031147540983606558651075602029
0.032786885245901641050547681289
0.034426229508196723450019760548
0.036065573770491805849491839808
0.037704918032786888248963919068
0.039344262295081963709542094421
0.040983606557377053047908077588
0.042622950819672128508486252940
0.044262295081967217846852236107
0.045901639344262300246324315367
0.047540983606557382645796394627
0.049180327868852465045268473887
0.050819672131147540505846649239
0.052459016393442622905318728499
0.054098360655737705304790807759
0.055737704918032787704262887019
0.057377049180327870103734966278
0.059016393442622952503207045538
0.060655737704918027963785220891
0.062295081967213117302151204058
0.063934426229508206640517187225
0.065573770491803282101095362577
0.067213114754098357561673537930
0.068852459016393446900039521097
0.070491803278688522360617696449
0.072131147540983611698983679617
0.073770491803278687159561854969
0.075409836065573776497927838136
0.077049180327868851958506013489
0.078688524590163927419084188841
0.080327868852459016757450172008
0.081967213114754106095816155175
0.083606557377049181556394330528
0.085245901639344257016972505880
0.086885245901639332477550681233
0.088524590163934435693704472214
0.090163934426229525032070455381
0.091803278688524600492648630734
0.093442622950819675953226806087
0.095081967213114765291592789254
0.096721311475409840752170964606
0.098360655737704930090536947773
0.100000000000000005551115123126
0.101639344262295081011693298478
0.103278688524590170350059281645
0.104918032786885245810637456998
0.106557377049180335149003440165
0.108196721311475410609581615518
0.109836065573770486070159790870
0.111475409836065575408525774037
0.113114754098360650869103949390
0.114754098360655740207469932557
0.116393442622950815668048107909
0.118032786885245905006414091076
0.119672131147540980466992266429
0.121311475409836055927570441781
0.122950819672131159143724232763
0.124590163934426234604302408115
0.126229508196721323942668391282
0.127868852459016413281034374450
0.129508196721311474863824741988
0.131147540983606564202190725155
0.132786885245901653540556708322
0.134426229508196715123347075860
0.136065573770491804461713059027
0.137704918032786893800079042194
0.139344262295081983138445025361
0.140983606557377044721235392899
0.142622950819672134059601376066
0.144262295081967223397967359233
0.145901639344262284980757726771
0.147540983606557374319123709938
0.149180327868852463657489693105
0.150819672131147552995855676272
0.152459016393442614578646043810
0.154098360655737703917012026977
0.155737704918032793255378010144
0.157377049180327854838168377682
0.159016393442622971932109976478
0.160655737704918033514900344016
0.162295081967213122853266327184
0.163934426229508212191632310351
0.165573770491803273774422677889
0.167213114754098363112788661056
0.168852459016393424695579028594
0.170491803278688514033945011761
0.172131147540983603372310994928
0.173770491803278664955101362466
0.175409836065573782049042961262
0.177049180327868871387408944429
0.178688524590163960725774927596
0.180327868852459050064140910763
0.181967213114754111646931278301
0.183606557377049200985297261468
0.185245901639344290323663244635
0.186885245901639351906453612173
0.188524590163934441244819595340
0.190163934426229530583185578507
0.191803278688524592165975946045
0.193442622950819681504341929212
0.195081967213114770842707912379
0.196721311475409860181073895546
0.198360655737704921763864263085
0.200000000000000011102230246252
0.201639344262295100440596229419
0.203278688524590162023386596957
0.204918032786885251361752580124
0.206557377049180340700118563291
0.208196721311475430038484546458
0.209836065573770491621274913996
0.211475409836065580959640897163
0.213114754098360670298006880330
0.214754098360655731880797247868
0.216393442622950821219163231035
0.218032786885245910557529214202
0.219672131147540972140319581740
0.221311475409836061478685564907
0.222950819672131150817051548074
0.224590163934426240155417531241
0.226229508196721301738207898779
0.227868852459016391076573881946
0.229508196721311480414939865113
0.231147540983606541997730232652
0.232786885245901631336096215819
0.234426229508196720674462198986
0.236065573770491810012828182153
0.237704918032786871595618549691
0.239344262295081960933984532858
0.240983606557377050272350516025
0.242622950819672111855140883563
0.244262295081967201193506866730
0.245901639344262318287448465526
0.247540983606557407625814448693
0.249180327868852469208604816231
0.250819672131147586302546415027
0.252459016393442647885336782565
0.254098360655737709468127150103
0.255737704918032826562068748899
0.257377049180327888144859116437
0.259016393442622949727649483975
0.260655737704918066821591082771
0.262295081967213128404381450309
0.263934426229508189987171817847
0.265573770491803307081113416643
0.267213114754098368663903784181
0.268852459016393430246694151720
0.270491803278688547340635750516
0.272131147540983608923426118054
0.273770491803278726017367716850
0.275409836065573787600158084388
0.277049180327868849182948451926
0.278688524590163966276890050722
0.280327868852459027859680418260
0.281967213114754089442470785798
0.283606557377049206536412384594
0.285245901639344268119202752132
0.286885245901639329701993119670
0.288524590163934446795934718466
0.290163934426229508378725086004
0.291803278688524569961515453542
0.293442622950819687055457052338
0.295081967213114748638247419876
0.296721311475409810221037787414
0.298360655737704927314979386210
0.299999999999999988897769753748
0.301639344262295105991711352544
0.303278688524590167574501720082
0.304918032786885229157292087621
0.306557377049180346251233686417
0.308196721311475407834024053955
0.309836065573770469416814421493
0.311475409836065586510756020289
0.313114754098360648093546387827
0.314754098360655709676336755365
0.316393442622950826770278354161
0.318032786885245943864219952957
0.319672131147541005447010320495
0.321311475409836067029800688033
0.322950819672131184123742286829
0.324590163934426245706532654367
0.326229508196721307289323021905
0.327868852459016424383264620701
0.329508196721311485966054988239
0.331147540983606547548845355777
0.332786885245901664642786954573
0.334426229508196726225577322111
0.336065573770491843319518920907
0.337704918032786849391158057188
0.339344262295081966485099655984
0.340983606557377028067890023522
0.342622950819672145161831622318
0.344262295081967206744621989856
0.345901639344262323838563588652
0.347540983606557329910202724932
0.349180327868852447004144323728
0.350819672131147564098085922524
0.352459016393442625680876290062
0.354098360655737742774817888858
0.355737704918032804357608256396
0.357377049180327921451549855192
0.359016393442622983034340222730
0.360655737704918100128281821526
0.362295081967213106199920957806
0.363934426229508223293862556602
0.365573770491803284876652924140
0.367213114754098401970594522936
0.368852459016393463553384890474
0.370491803278688580647326489270
0.372131147540983586718965625550
0.373770491803278703812907224346
0.375409836065573765395697591885
0.377049180327868882489639190680
0.378688524590163944072429558219
0.380327868852459061166371157015
0.381967213114754067238010293295
0.383606557377049184331951892091
0.385245901639344245914742259629
0.386885245901639363008683858425
0.388524590163934424591474225963
0.390163934426229541685415824759
0.391803278688524603268206192297
0.393442622950819720362147791093
0.395081967213114726433786927373
0.396721311475409843527728526169
0.398360655737704905110518893707
0.400000000000000022204460492503
0.401639344262295083787250860041
0.403278688524590200881192458837
0.404918032786885206952831595117
0.406557377049180324046773193913
0.408196721311475385629563561452
0.409836065573770502723505160247
0.411475409836065564306295527786
0.413114754098360681400237126581
0.414754098360655742983027494120
0.416393442622950860076969092916
0.418032786885245866148608229196
0.419672131147540983242549827992
0.421311475409836100336491426788
0.422950819672131161919281794326
0.424590163934426279013223393122
0.426229508196721340596013760660
0.427868852459016457689955359456
0.429508196721311463761594495736
0.431147540983606580855536094532
0.432786885245901642438326462070
0.434426229508196759532268060866
0.436065573770491821115058428404
0.437704918032786938209000027200
0.439344262295081944280639163480
0.440983606557377061374580762276
0.442622950819672122957371129814
0.444262295081967240051312728610
0.445901639344262301634103096148
0.447540983606557418728044694944
0.449180327868852480310835062483
0.450819672131147597404776661278
0.452459016393442603476415797559
0.454098360655737720570357396355
0.455737704918032782153147763893
0.457377049180327899247089362689
0.459016393442622960829879730227
0.460655737704918077923821329023
0.462295081967213083995460465303
0.463934426229508201089402064099
0.465573770491803262672192431637
0.467213114754098379766134030433
0.468852459016393441348924397971
0.470491803278688558442865996767
0.472131147540983620025656364305
0.473770491803278737119597963101
0.475409836065573743191237099381
0.477049180327868860285178698177
0.478688524590163921867969065715
0.480327868852459038961910664511
0.481967213114754100544701032049
0.483606557377049217638642630845
0.485245901639344223710281767126
0.486885245901639340804223365922
0.488524590163934402387013733460
0.490163934426229519480955332256
0.491803278688524636574896931052
0.493442622950819698157687298590
0.495081967213114815251628897386
0.496721311475409821323268033666
0.498360655737704938417209632462
0.500000000000000000000000000000
0.501639344262295172605092830054
0.503278688524590123165580735076
0.504918032786885295770673565130
0.506557377049180357353463932668
0.508196721311475418936254300206
0.509836065573770480519044667744
0.511475409836065653124137497798
0.513114754098360603684625402821
0.514754098360655776289718232874
0.516393442622950837872508600412
0.518032786885245899455298967951
0.519672131147540961038089335489
0.521311475409836133643182165542
0.522950819672131195225972533080
0.524590163934426256808762900619
0.526229508196721318391553268157
0.527868852459016379974343635695
0.529508196721311441557134003233
0.531147540983606614162226833287
0.532786885245901675745017200825
0.534426229508196737327807568363
0.536065573770491798910597935901
0.537704918032786860493388303439
0.539344262295081922076178670977
0.540983606557377094681271501031
0.542622950819672156264061868569
0.544262295081967217846852236107
0.545901639344262279429642603645
0.547540983606557452034735433699
0.549180327868852402595223338722
0.550819672131147575200316168775
0.552459016393442636783106536313
0.554098360655737698365896903852
0.555737704918032759948687271390
0.557377049180327932553780101443
0.559016393442622883114268006466
0.560655737704918055719360836520
0.562295081967213117302151204058
0.563934426229508178884941571596
0.565573770491803351490034401650
0.567213114754098413072824769188
0.568852459016393474655615136726
0.570491803278688536238405504264
0.572131147540983597821195871802
0.573770491803278659403986239340
0.575409836065573832009079069394
0.577049180327868893591869436932
0.578688524590163955174659804470
0.580327868852459016757450172008
0.581967213114754189362543002062
0.583606557377049139923030907084
0.585245901639344312528123737138
0.586885245901639374110914104676
0.588524590163934435693704472214
0.590163934426229497276494839753
0.591803278688524669881587669806
0.593442622950819620442075574829
0.595081967213114793047168404883
0.596721311475409854629958772421
0.598360655737704916212749139959
0.599999999999999977795539507497
0.601639344262295150400632337551
0.603278688524590211983422705089
0.604918032786885273566213072627
0.606557377049180335149003440165
0.608196721311475396731793807703
0.609836065573770458314584175241
0.611475409836065630919677005295
0.613114754098360692502467372833
0.614754098360655754085257740371
0.616393442622950815668048107909
0.618032786885245877250838475447
0.619672131147540938833628842985
0.621311475409836111438721673039
0.622950819672131173021512040577
0.624590163934426234604302408115
0.626229508196721296187092775654
0.627868852459016357769883143192
0.629508196721311419352673510730
0.631147540983606591957766340784
0.632786885245901653540556708322
0.634426229508196715123347075860
0.636065573770491887728439905914
0.637704918032786949311230273452
0.639344262295082010894020640990
0.640983606557377072476811008528
0.642622950819672134059601376066
0.644262295081967195642391743604
0.645901639344262368247484573658
0.647540983606557429830274941196
0.649180327868852491413065308734
0.650819672131147552995855676272
0.652459016393442614578646043810
0.654098360655737676161436411348
0.655737704918032848766529241402
0.657377049180327910349319608940
0.659016393442622971932109976478
0.660655737704918033514900344016
0.662295081967213095097690711555
0.663934426229508267702783541608
0.665573770491803329285573909146
0.667213114754098390868364276685
0.668852459016393452451154644223
0.670491803278688625056247474276
0.672131147540983686639037841815
0.673770491803278637199525746837
0.675409836065573698782316114375
0.677049180327868871387408944429
0.678688524590163932970199311967
0.680327868852458994552989679505
0.681967213114754056135780047043
0.683606557377049228740872877097
0.685245901639344290323663244635
0.686885245901639351906453612173
0.688524590163934413489243979711
0.690163934426229586094336809765
0.691803278688524647677127177303
0.693442622950819709259917544841
0.695081967213114659820405449864
0.696721311475409943447800742433
0.698360655737704894008288647456
0.699999999999999955591079014994
0.701639344262295128196171845048
0.703278688524590189778962212586
0.704918032786885251361752580124
0.706557377049180312944542947662
0.708196721311475485549635777716
0.709836065573770547132426145254
0.711475409836065608715216512792
0.713114754098360670298006880330
0.714754098360655842903099710384
0.716393442622950904485890077922
0.718032786885245966068680445460
0.719672131147540916629168350482
0.721311475409836200256563643052
0.722950819672131150817051548074
0.724590163934426212399841915612
0.726229508196721273982632283150
0.727868852459016446587725113204
0.729508196721311508170515480742
0.731147540983606569753305848280
0.732786885245901631336096215819
0.734426229508196803941189045872
0.736065573770491865523979413410
0.737704918032786927106769780949
0.739344262295081877667257685971
0.740983606557377161294652978540
0.742622950819672111855140883563
0.744262295081967173437931251101
0.745901639344262235020721618639
0.747540983606557407625814448693
0.749180327868852469208604816231
0.750819672131147530791395183769
0.752459016393442592374185551307
0.754098360655737764979278381361
0.755737704918032826562068748899
0.757377049180327888144859116437
0.759016393442622949727649483975
0.760655737704918122332742314029
0.762295081967213183915532681567
0.763934426229508134476020586590
0.765573770491803196058810954128
0.767213114754098368663903784181
0.768852459016393430246694151720
0.770491803278688491829484519258
0.772131147540983664434577349311
0.773770491803278726017367716850
0.775409836065573787600158084388
0.777049180327868849182948451926
0.778688524590164021788041281980
0.780327868852459083370831649518
0.781967213114754144953622017056
0.783606557377049206536412384594
0.785245901639344379141505214648
0.786885245901639440724295582186
0.788524590163934391284783487208
0.790163934426229452867573854746
0.791803278688524625472666684800
0.793442622950819687055457052338
0.795081967213114748638247419876
0.796721311475409810221037787414
0.798360655737704982826130617468
0.800000000000000044408920985006
0.801639344262295105991711352544
0.803278688524590167574501720082
0.804918032786885340179594550136
0.806557377049180401762384917674
0.808196721311475463345175285212
0.809836065573770413905663190235
0.811475409836065697533058482804
0.813114754098360648093546387827
0.814754098360655709676336755365
0.816393442622950771259127122903
0.818032786885245943864219952957
0.819672131147541005447010320495
0.821311475409836067029800688033
0.822950819672131128612591055571
0.824590163934426301217683885625
0.826229508196721362800474253163
0.827868852459016424383264620701
0.829508196721311485966054988239
0.831147540983606658571147818293
0.832786885245901720153938185831
0.834426229508196670714426090854
0.836065573770491732297216458392
0.837704918032786904902309288445
0.839344262295081966485099655984
0.840983606557377028067890023522
0.842622950819672200672982853575
0.844262295081967262255773221113
0.845901639344262323838563588652
0.847540983606557385421353956190
0.849180327868852558026446786243
0.850819672131147619609237153782
0.852459016393442681192027521320
0.854098360655737631752515426342
0.855737704918032915379910718912
0.857377049180327865940398623934
0.859016393442622927523188991472
0.860655737704917989105979359010
0.862295081967213161711072189064
0.863934426229508223293862556602
0.865573770491803284876652924140
0.867213114754098346459443291678
0.868852459016393519064536121732
0.870491803278688580647326489270
0.872131147540983642230116856808
0.873770491803278703812907224346
0.875409836065573876418000054400
0.877049180327868938000790421938
0.878688524590163888561278326961
0.880327868852458950144068694499
0.881967213114754122749161524553
0.883606557377049184331951892091
0.885245901639344245914742259629
0.886885245901639307497532627167
0.888524590163934480102625457221
0.890163934426229541685415824759
0.891803278688524603268206192297
0.893442622950819664850996559835
0.895081967213114837456089389889
0.896721311475409899038879757427
0.898360655737704960621670124965
0.899999999999999911182158029987
0.901639344262295194809553322557
0.903278688524590145370041227579
0.904918032786885206952831595117
0.906557377049180268535621962656
0.908196721311475441140714792709
0.909836065573770502723505160247
0.911475409836065564306295527786
0.913114754098360736911388357839
0.914754098360655798494178725377
0.916393442622950860076969092916
0.918032786885245921659759460454
0.919672131147541094264852290507
0.921311475409836155847642658046
0.922950819672131217430433025584
0.924590163934426167990920930606
0.926229508196721451618316223175
0.927868852459016402178804128198
0.929508196721311463761594495736
0.931147540983606525344384863274
0.932786885245901697949477693328
0.934426229508196759532268060866
0.936065573770491821115058428404
0.937704918032786882697848795942
0.939344262295082055302941625996
0.940983606557377116885731993534
0.942622950819672178468522361072
0.944262295081967240051312728610
0.945901639344262412656405558664
0.947540983606557474239195926202
0.949180327868852424799683831225
0.950819672131147486382474198763
0.952459016393442658987567028817
0.954098360655737720570357396355
0.955737704918032782153147763893
0.957377049180327843735938131431
0.959016393442623016341030961485
0.960655737704918077923821329023
0.962295081967213139506611696561
0.963934426229508201089402064099
0.965573770491803373694494894153
0.967213114754098435277285261691
0.968852459016393385837773166713
0.970491803278688447420563534251
0.972131147540983620025656364305
0.973770491803278681608446731843
0.975409836065573743191237099381
0.977049180327868804774027466920
0.978688524590163977379120296973
0.980327868852459038961910664511
0.981967213114754100544701032049
0.983606557377049273149793862103
0.985245901639344334732584229641
0.986885245901639396315374597179
0.988524590163934457898164964718
0.990163934426229630503257794771
0.991803278688524692086048162309
0.993442622950819642646536067332
0.995081967213114704229326434870
0.996721311475409876834419264924
0.998360655737704938417209632462
0.000079509892111689006114622069
0.000185075734402298671364694993
0.000290778336154048661511134499
0.000396463767518427775884276576
0.000502109999856356495687159658
0.000607703951579338674283958799
0.000713233949995770708830955531
0.000818688663350182867575743906
0.000924056870724341184071548572
0.001029327398119209710861121643
0.001134489097644641097603623869
0.001239530840196534280245321824
0.001344441512986690491493479982
0.001449210019018022221198860322
0.001553825277409613073859029342
0.001658276224121045050799438947
0.001762551812874085105375954186
0.001866641016177448967119922862
0.001970532826407938708362932445
0.002074216256920858540008234527
0.002177680343178806099402322616
0.002280914143889051920455202094
0.002383906742146316929537031015
0.002486647246577000387041112006
0.002589124792484400524456011894
0.002691328542992857050797361751
0.002793247690190124241094160595
0.002894871456268088231317259229
0.002996189094660544824377801376
0.003097189891178198702798018971
0.003197863165141020223847245774
0.003298198270506595003448424563
0.003398184596995420820447764143
0.003497811571212746783315905574
0.003597068657765891373789823859
0.003695945360378647456117695569
0.003794431223000360384189910690
0.003892515830912072691272207692
0.003990188811827402592946612003
0.004087439836989305123882143533
0.004184258622262374167910525813
0.004280634929220120295234597307
0.004376558566227805105453008139
0.004472019389519984663983187545
0.004567007304273145405770772953
0.004661512265673413424327264920
0.004755524279978402130142356441
0.004849033405574318042474679658
0.004942029754027063570553934824
0.005034503491127922253367543703
0.005126444837933658189854657650
0.005217844071800432047270046354
0.005308691527411984675821621238
0.005398977597801760466844633868
0.005488692735368795247441475738
0.005577827452887386926183577174
0.005666372324510250517437537354
0.005754317986765403875049074145
0.005841655139546309688514114100
0.005928374547095275476360498601
0.006014467038980077749632524586
0.006099923511063924837227734344
0.006184734926468069687865991568
0.006268892316527277346061008956
0.006352386781738644967731932667
0.006435209492702195777091844775
0.006517351691055170773148041974
0.006598804690397646818822430248
0.006679559877211521147499784234
0.006759608711770959295350724716
0.006838942729045987406477635773
0.006917553539597187141352296891
0.006995432830463107348739626445
0.007072572366039271869742055543
0.007148963988949120010318871721
0.007224599620906482430604533818
0.007299471263570131082665248812
0.007373570999389361495246486555
0.007446890992441346397712198524
0.007519423489259699500131262084
0.007591160819654487086627359105
0.007662095397523278027251958378
0.007732219721653364047364576095
0.007801526376515098212816035073
0.007870008033045839887509309563
0.007937657449425292860434311137
0.008004467471841060499659903371
0.008070431035245231518593378439
0.008135541164101716196666025382
0.008199790973123417120449474282
0.008263173668000899779739754081
0.008325682546120262775279918799
0.008387310997272632781540657732
0.008448052504352522584785134541
0.008507900644047470400943566915
0.008566849087516967276023649447
0.008624891601062056878390649217
0.008682022046784181740219921153
0.008738234383234486785108074969
0.008793522666052770025979512525
0.008847881048595646752419341396
0.008901303782555497132178423669
0.008953785218567654122234777958
0.009005319806808340099557597114
0.009055902097581199419740194401
0.009105526741893832029517419357
0.009154188492023257808782865652
0.009201882202071109614904820262
0.009248602828507451745210232730
0.009294345430704415572664700562
0.009339105171458438048315287006
0.009382877317502045025343626605
0.009425657240004207959582771537
0.009467440415059867261926562776
0.009508222424168318726023230170
0.009547998954700416193719370028
0.009586765800354826380647033091
0.009624518861602607278094012599
0.009661254146120864735869382400
0.009696967769214819357626033991
0.009731655954228713920062254772
0.009765315032945193554625440413
0.009797941445973075424991094451
0.009829531743123976275655628854
0.009860082583776862835689414055
0.009889590737231579789523472357
0.009918053083050427237710167105
0.009945466611387955915835057397
0.009971828423309646305394693400
0.009997135731098054367560479250
0.010021385858547740554946869906
0.010044576241248484235746296633
0.010066704426856155560332517496
0.010087768075352257848842363330
0.010107764959291243647698799180
0.010126692964036246302761412608
0.010144550087982463770774899103
0.010161334442768919783528502876
0.010177044253478336952034588592
0.010191677858824518126956704123
0.010205233711328235216009296948
0.010217710377480941977279549349
0.010229106537895896189560573930
0.010239420987448389493978950782
0.010248652635402661498220666658
0.010256800505527380318326891029
0.010263863736198992199222246313
0.010269841580492678270730699808
0.010274733406261411100546254715
0.010278538696202866448148327549
0.010281257047913994195909026530
0.010282888173933583259023194501
0.010283431901772912414605443132
0.010282888173933583259023194501
0.010281257047913994195909026530
0.010278538696202866448148327549
0.010274733406261411100546254715
0.010269841580492678270730699808
0.010263863736198992199222246313
0.010256800505527380318326891029
0.010248652635402661498220666658
0.010239420987448389493978950782
0.010229106537895896189560573930
0.010217710377480941977279549349
0.010205233711328235216009296948
0.010191677858824518126956704123
0.010177044253478336952034588592
0.010161334442768919783528502876
0.010144550087982463770774899103
0.010126692964036246302761412608
0.010107764959291243647698799180
0.010087768075352257848842363330
0.010066704426856155560332517496
0.010044576241248484235746296633
0.010021385858547740554946869906
0.009997135731098054367560479250
0.009971828423309646305394693400
0.009945466611387955915835057397
0.009918053083050427237710167105
0.009889590737231579789523472357
0.009860082583776862835689414055
0.009829531743123976275655628854
0.009797941445973075424991094451
0.009765315032945193554625440413
0.009731655954228713920062254772
0.009696967769214819357626033991
0.009661254146120864735869382400
0.009624518861602607278094012599
0.009586765800354826380647033091
0.009547998954700416193719370028
0.009508222424168318726023230170
0.009467440415059867261926562776
0.009425657240004207959582771537
0.009382877317502045025343626605
0.009339105171458438048315287006
0.009294345430704415572664700562
0.009248602828507451745210232730
0.009201882202071109614904820262
0.009154188492023257808782865652
0.009105526741893832029517419357
0.009055902097581199419740194401
0.009005319806808340099557597114
0.008953785218567654122234777958
0.008901303782555497132178423669
0.008847881048595646752419341396
0.008793522666052770025979512525
0.008738234383234486785108074969
0.008682022046784181740219921153
0.008624891601062056878390649217
0.008566849087516967276023649447
0.008507900644047470400943566915
0.008448052504352522584785134541
0.008387310997272632781540657732
0.008325682546120262775279918799
0.008263173668000899779739754081
0.008199790973123417120449474282
0.008135541164101716196666025382
0.008070431035245231518593378439
0.008004467471841060499659903371
0.007937657449425292860434311137
0.007870008033045839887509309563
0.007801526376515098212816035073
0.007732219721653364047364576095
0.007662095397523278027251958378
0.007591160819654487086627359105
0.007519423489259699500131262084
0.007446890992441346397712198524
0.007373570999389361495246486555
0.007299471263570131082665248812
0.007224599620906482430604533818
0.007148963988949120010318871721
0.007072572366039271869742055543
0.006995432830463107348739626445
0.006917553539597187141352296891
0.006838942729045987406477635773
0.006759608711770959295350724716
0.006679559877211521147499784234
0.006598804690397646818822430248
0.006517351691055170773148041974
0.006435209492702195777091844775
0.006352386781738644967731932667
0.006268892316527277346061008956
0.006184734926468069687865991568
0.006099923511063924837227734344
0.006014467038980077749632524586
0.005928374547095275476360498601
0.005841655139546309688514114100
0.005754317986765403875049074145
0.005666372324510250517437537354
0.005577827452887386926183577174
0.005488692735368795247441475738
0.005398977597801760466844633868
0.005308691527411984675821621238
0.005217844071800432047270046354
0.005126444837933658189854657650
0.005034503491127922253367543703
0.004942029754027063570553934824
0.004849033405574318042474679658
0.004755524279978402130142356441
0.004661512265673413424327264920
0.004567007304273145405770772953
0.004472019389519984663983187545
0.004376558566227805105453008139
0.004280634929220120295234597307
0.004184258622262374167910525813
0.004087439836989305123882143533
0.003990188811827402592946612003
0.003892515830912072691272207692
0.003794431223000360384189910690
0.003695945360378647456117695569
0.003597068657765891373789823859
0.003497811571212746783315905574
0.003398184596995420820447764143
0.003298198270506595003448424563
0.003197863165141020223847245774
0.003097189891178198702798018971
0.002996189094660544824377801376
0.002894871456268088231317259229
0.002793247690190124241094160595
0.002691328542992857050797361751
0.002589124792484400524456011894
0.002486647246577000387041112006
0.002383906742146316929537031015
0.002280914143889051920455202094
0.002177680343178806099402322616
0.002074216256920858540008234527
0.001970532826407938708362932445
0.001866641016177448967119922862
0.001762551812874085105375954186
0.001658276224121045050799438947
0.001553825277409613073859029342
0.001449210019018022221198860322
0.001344441512986690491493479982
0.001239530840196534280245321824
0.001134489097644641097603623869
0.001029327398119209710861121643
0.000924056870724341184071548572
0.000818688663350182867575743906
0.000713233949995770708830955531
0.000607703951579338674283958799
0.000502109999856356495687159658
0.000396463767518427775884276576
0.000290778336154048661511134499
0.000185075734402298671364694993
0.000079509892111689006114622069
