0.001220860327015411755588458753
0.002802383875722661357721143816
0.004393247175710834201423082845
0.005986220723817326817839390429
0.007579994738791167620262090310
0.009174156101548999395212113939
0.010768533936379581783526759864
0.012363044902126545457332618128
0.013957643542667525979328324581
0.015552302969015226186133560304
0.017147006262317885522117322239
0.018741742246779585084892616464
0.020336503244317148675346373921
0.021931283805922623109108116068
0.023526079957698221162276652763
0.025120888733453822921903864085
0.026715707874396667914629333040
0.028310535630153225994387611308
0.029905370623368433824484924344
0.031500211755377892364204939213
0.033095058139124312879264522280
0.034689909050557909964140890224
0.036284763892840604659895120676
0.037879622169585715207862364196
0.039474483464579795954918495227
0.041069347426224207808775901185
0.042664213755465550670376018161
0.044259082196333177083857890466
0.045853952528450550585326084274
0.047448824561055612247795210124
0.049043698128187651619214193488
0.050638573084783491951021972000
0.052233449303487923531807979316
0.053828326672031218125269447228
0.055423205091059850324608504479
0.057018084472329803868984043902
0.058612964737195981379525022703
0.060207845815341207162951775445
0.061802727643701850512858442244
0.063397610165555298711304033077
0.064992493329742440089091815025
0.066587377090001856339007701990
0.068182261404396066195587877701
0.069777146234818468450988859786
0.071372031546564587700665072134
0.072966917307961023930751309763
0.074561803490040615138845225829
0.076156690066259552507332841742
0.077751577012248523912418818327
0.079346464305594249788455840644
0.080941351925647164744503925249
0.082536239853350401585174722641
0.084131128071088995268311805376
0.085726016562555948374857450744
0.087320905312632771111402973929
0.088915794307282261521585553510
0.090510683533454053262268246272
0.092105572978998670463646192275
0.093700462632590852951608439980
0.095295352483660583642333108401
0.096890242522330916052908378333
0.098485132739361935794164537583
0.100080023126099745822692455022
0.101674913674430572596563138177
0.103269804376739007811814019533
0.104864695225870233064036085580
0.106459586215095047823098184381
0.108054477338078935844123407151
0.109649368588852949568668293523
0.111244259961787606005856332558
0.112839151451568808770531404662
0.114434043053175962811884858183
0.116028934761861490798651175282
0.117623826573132528316989464656
0.119218718482733673780238348172
0.120813610486631278773117514902
0.122408502580999237197012519118
0.124003394762205079726591350209
0.125598287026797955645562865357
0.127193179371497350205189036387
0.128788071793181968516250890389
0.130382964288880465186792889654
0.131977856855762021304201425664
0.133572749491128045518095746047
0.135167642192404180434550653445
0.136762534957133197188738904515
0.138357427782967917773149224558
0.139952320667665219833253331672
0.141547213609079763907416804614
0.143142106605158747623107728941
0.144736999653936632137529727515
0.146331892753530340423040456699
0.147926785902134788619477490101
0.149521679098018528408786664841
0.151116572339519944501162740380
0.152711465625043535387916904256
0.154306358953056166338768662172
0.155901252322084349355435506368
0.157496145730710468413349190087
0.159091039177570447993304014744
0.160685932661350894257168420154
0.162280826180786208468020959117
0.163875719734656755122159665916
0.165470613321785892102511184021
0.167065506941038471877547522126
0.168660400591318454521783110067
0.170255294271566992581057320422
0.171850187980760710226846299520
0.173445081717910010166150414079
0.175039975482057325040230466584
0.176634869272275674134675682581
0.178229763087667164578320466717
0.179824656927361631320039236925
0.181419550790515360372268105493
0.183014444676309673276648481988
0.184609338583949927903304910615
0.186204232512664269449942366919
0.187799126461702686752275326398
0.189394020430335791038700676836
0.190988914417853983263029249429
0.192583808423566593681641734292
0.194178702446800743874888439677
0.195773596486900652857698901244
0.197368490543226859923464644453
0.198963384615155475243497562587
0.200558278702077208421883369738
0.202153172803396952161847366369
0.203748066918532783065032276681
0.205342961046915628564590861060
0.206937855187988545280219909728
0.208532749341205858595316158244
0.210127643506032912856795746848
0.211722537681945349730128214105
0.213317431868428580843399799960
0.214912326064977260431376748784
0.216507220271094841246295459314
0.218102114486293019446350172075
0.219697008710091318262058734945
0.221291902942016532884750290577
0.222886797181602480666384735741
0.224481691428389223963435483711
0.226076585681923070136889464266
0.227671479941755933174007964226
0.229266374207444861843541161761
0.230861268478551817651123201358
0.232456162754643202994486728130
0.234051057035289555852131115898
0.235645951320065105694112617130
0.237240845608547440415136975389
0.238835739900317228778803269051
0.240430634194957720817242829980
0.242025528492054498030938702868
0.243620422791195223588545104576
0.245215317091969114970950727184
0.246810211393966777437825044217
0.248405105696779648916105998069
0.250000000000000000000000000000
0.251594894303220406595045233189
0.253189788606033305828901802670
0.254784682908030857273473657187
0.256379577208804776411454895424
0.257974471507945501969061297132
0.259569365805042362449484016906
0.261164260099682798976772346577
0.262759154391452587340438640240
0.264354048679934894305887382870
0.265948942964710499659020115359
0.267543837245356797005513271870
0.269138731521448237860028029900
0.270733625792555221423185685126
0.272328520058244094581567651403
0.273923414318076929863110535734
0.275518308571610803792140131918
0.277113202818397574844766495517
0.278708097057983494870825325052
0.280302991289908709493516880684
0.281897885513707036064801059183
0.283492779728905186509280156315
0.285087673935022822835350098103
0.286682568131571502423327046927
0.288277462318054678025447401524
0.289872356493967142654355484410
0.291467250658794196915835073014
0.293062144812011426964204474643
0.294657038953084371435409138940
0.296251933081467244690543338947
0.297846827196603103349303864888
0.299441721297922791578116630262
0.301036615384844608023229284299
0.302631509456773140076535355547
0.304226403513099374897876714385
0.305821297553199311636262791581
0.307416191576433406318358265708
0.309011085582146016736970750571
0.310605979569664236716874938793
0.312200873538297341003300289231
0.313795767487335786061208864339
0.315390661416050099852270705014
0.316985555323690382234502749270
0.318580449209484695138883125765
0.320175343072638396435536378704
0.321770236912332863177255148912
0.323365130727724381376475548677
0.324960024517942702715345149045
0.326554918282090045345000817179
0.328149812019239317528729316109
0.329744705728433007418942679578
0.331339599408681573233792505562
0.332934493058961555878028093503
0.334529386678214191164215662866
0.336124280265343244877840334084
0.337719173819213791531979040883
0.339314067338649161253982811104
0.340908960822429552006695985256
0.342503854269289531586650809913
0.344098747677915650644564493632
0.345693641046943833661231337828
0.347288534374956547878809942631
0.348883427660480083254412875249
0.350478320901981554857940182046
0.352073214097865294647249356785
0.353668107246469687332535158930
0.355263000346063395618045888114
0.356857893394841252376892271059
0.358452786390920319359310042273
0.360047679332334780166746668328
0.361642572217032109982426391070
0.363237465042866802811261095485
0.364832357807595875076600577813
0.366427250508871982237479869582
0.368022143144238034206949805593
0.369617035711119534813207110346
0.371211928206818031483749109611
0.372806820628502677550386579242
0.374401712973202072110012750272
0.375996605237794989662347688864
0.377591497419000776680775288696
0.379186389513368748982458100727
0.380781281517266367853125075271
0.382376173426867527194161766602
0.383971065238138509201348824718
0.385565956946824106577054180889
0.387160848548431246740619826596
0.388755740038212449505294898700
0.390350631411147064309119514292
0.391945522661921064155876592849
0.393540413784904952176901815619
0.395135304774129780813751722235
0.396730195623261006065973788282
0.398325086325569399647861246194
0.399919976873900295810670968422
0.401514867260638119716986693675
0.403109757477669083947091621667
0.404704647516339388602091275970
0.406299537367409202559542791278
0.407894427021001315658565999911
0.409489316466546016126670792801
0.411084205692717752356202254305
0.412679094687367242766384833885
0.414273983437444093258505972699
0.415868871928911087998415041511
0.417463760146649653925976508617
0.419058648074352835255496074751
0.420653535694405722455968543727
0.422248422987751503843156797302
0.423843309933740475248242773887
0.425438196509959398738942581986
0.427033082692039045458187729309
0.428627968453435426177122735680
0.430222853765181600937950179286
0.431817738595603961559987737928
0.433412622909998213049931337082
0.435007506670257559910908184975
0.436602389834444770677635005995
0.438197272356298184181611077292
0.439792154184658834470411647999
0.441387035262804039437156689019
0.442981915527670244703273283449
0.444576794908940198247648822871
0.446171673327968809630306168401
0.447766550696512055651510308962
0.449361426915216521926765835815
0.450956301871812348380785806512
0.452551175438944408568886501598
0.454146047471549518803612954798
0.455740917803666822916142109534
0.457335786244534470146305693561
0.458930652573775854641269233980
0.460525516535420231800657120402
0.462120377830414319486607155341
0.463715236107159423095680494953
0.465310090949442145547010341033
0.466904941860875721815204997256
0.468499788244622183963628003767
0.470094629376631600869984595192
0.471689464369846822577869716042
0.473284292125603411882650561893
0.474879111266546194425330895683
0.476473920042301768429382491377
0.478068716194077425463149211282
0.479663496755682872141335337801
0.481258257753220397567872623767
0.482852993737682145702905245344
0.484447697030984780752760343603
0.486042356457332513919311622885
0.487636955097873525666329896922
0.489231466063620501483200087023
0.490825843898451019686746121806
0.492420005261208826308205743771
0.494013779276182674049522347559
0.495606752824289176206917773015
0.497197616124277375071471851697
0.498779139672984650477616241915
0.000000000000000000000000000000
0.001597444089456868943077694212
0.003194888178913737886155388424
0.004792332268370606829233082635
0.006389776357827475772310776847
0.007987220447284344715388471059
0.009584664536741213658466165271
0.011182108626198082601543859482
0.012779552715654951544621553694
0.014376996805111820487699247906
0.015974440894568689430776942118
0.017571884984025558373854636329
0.019169329073482427316932330541
0.020766773162939292790563072799
0.022364217252396165203087718965
0.023961661341853034146165413176
0.025559105431309903089243107388
0.027156549520766772032320801600
0.028753993610223640975398495812
0.030351437699680513387923141977
0.031948881789137378861553884235
0.033546325878594247804631578447
0.035143769968051116747709272659
0.036741214057507985690786966870
0.038338658146964854633864661082
0.039936102236421723576942355294
0.041533546325878585581126145598
0.043130990415335468401991647625
0.044728434504792330406175437929
0.046325878594249199349253132141
0.047923322683706068292330826353
0.049520766773162937235408520564
0.051118210862619806178486214776
0.052715654952076675121563908988
0.054313099041533544064641603200
0.055910543130990413007719297411
0.057507987220447281950796991623
0.059105431309904143954980781928
0.060702875399361026775846283954
0.062300319488817888780030074258
0.063897763578274757723107768470
0.065495207667731633605079366589
0.067092651757188495609263156894
0.068690095846645357613446947198
0.070287539936102233495418545317
0.071884984025559095499602335622
0.073482428115015971381573933741
0.075079872204472833385757724045
0.076677316293929709267729322164
0.078274760383386585149700920283
0.079872204472843447153884710588
0.081469648562300309158068500892
0.083067092651757171162252291197
0.084664536741214047044223889316
0.086261980830670936803983295249
0.087859424920127798808167085554
0.089456869009584660812350875858
0.091054313099041536694322473977
0.092651757188498398698506264282
0.094249201277955274580477862401
0.095846645367412136584661652705
0.097444089456869012466633250824
0.099041533546325874470817041129
0.100638977635782750352788639248
0.102236421725239612356972429552
0.103833865814696474361156219857
0.105431309904153350243127817976
0.107028753993610212247311608280
0.108626198083067088129283206399
0.110223642172523950133466996704
0.111821086261980826015438594823
0.113418530351437688019622385127
0.115015974440894563901593983246
0.116613418530351425905777773551
0.118210862619808287909961563855
0.119808306709265177669720969789
0.121405750798722053551692567908
0.123003194888178915555876358212
0.124600638977635777560060148517
0.126198083067092653442031746636
0.127795527156549515446215536940
0.129392971246006377450399327245
0.130990415335463267210158733178
0.132587859424920129214342523483
0.134185303514376991218526313787
0.135782747603833853222710104092
0.137380191693290715226893894396
0.138977635782747604986653300330
0.140575079872204466990837090634
0.142172523961661328995020880939
0.143769968051118190999204671243
0.145367412140575080758964077177
0.146964856230031942763147867481
0.148562300319488804767331657786
0.150159744408945666771515448090
0.151757188498402528775699238395
0.153354632587859418535458644328
0.154952076677316308295218050262
0.156549520766773170299401840566
0.158146964856230032303585630871
0.159744408945686894307769421175
0.161341853035143756311953211480
0.162939297124600618316137001784
0.164536741214057480320320792089
0.166134185303514342324504582393
0.167731629392971232084263988327
0.169329073482428094088447778631
0.170926517571884983848207184565
0.172523961661341873607966590498
0.174121405750798735612150380803
0.175718849840255597616334171107
0.177316293929712459620517961412
0.178913738019169321624701751716
0.180511182108626211384461157650
0.182108626198083073388644947954
0.183706070287539935392828738259
0.185303514376996797397012528563
0.186900958466453687156771934497
0.188498402555910549160955724801
0.190095846645367411165139515106
0.191693290734824273169323305410
0.193290734824281135173507095715
0.194888178913738024933266501648
0.196485623003194886937450291953
0.198083067092651748941634082257
0.199680511182108610945817872562
0.201277955271565500705577278495
0.202875399361022362709761068800
0.204472843450479224713944859104
0.206070287539936086718128649409
0.207667731629392948722312439713
0.209265175718849838482071845647
0.210862619808306700486255635951
0.212460063897763562490439426256
0.214057507987220424494623216560
0.215654952076677314254382622494
0.217252396166134176258566412798
0.218849840255591038262750203103
0.220447284345047900266933993407
0.222044728434504762271117783712
0.223642172523961652030877189645
0.225239616613418514035060979950
0.226837060702875376039244770254
0.228434504792332238043428560559
0.230031948881789127803187966492
0.231629392971245989807371756797
0.233226837060702851811555547101
0.234824281150159713815739337406
0.236421725239616575819923127710
0.238019169329073465579682533644
0.239616613418530355339441939577
0.241214057507987217343625729882
0.242811501597444107103385135815
0.244408945686900969107568926120
0.246006389776357831111752716424
0.247603833865814693115936506729
0.249201277955271555120120297033
0.250798722044728417124304087338
0.252396166134185306884063493271
0.253993610223642196643822899205
0.255591054313099030892431073880
0.257188498402555920652190479814
0.258785942492012754900798654489
0.260383386581469644660558060423
0.261980830670926534420317466356
0.263578274760383368668925641032
0.265175718849840258428685046965
0.266773162939297092677293221641
0.268370607028753982437052627574
0.269968051118210872196812033508
0.271565495207667706445420208183
0.273162939297124596205179614117
0.274760383386581430453787788792
0.276357827476038320213547194726
0.277955271565495209973306600659
0.279552715654952044221914775335
0.281150159744408933981674181268
0.282747603833865823741433587202
0.284345047923322657990041761877
0.285942492012779547749801167811
0.287539936102236381998409342486
0.289137380191693271758168748420
0.290734824281150161517928154353
0.292332268370606995766536329029
0.293929712460063885526295734962
0.295527156549520719774903909638
0.297124600638977609534663315571
0.298722044728434499294422721505
0.300319488817891333543030896180
0.301916932907348223302790302114
0.303514376996805057551398476789
0.305111821086261947311157882723
0.306709265175718837070917288656
0.308306709265175726830676694590
0.309904153354632616590436100523
0.311501597444089450839044275199
0.313099041533546340598803681132
0.314696485623003174847411855808
0.316293929712460064607171261741
0.317891373801916954366930667675
0.319488817891373788615538842350
0.321086261980830678375298248284
0.322683706070287512623906422959
0.324281150159744402383665828893
0.325878594249201236632274003568
0.327476038338658126392033409502
0.329073482428114960640641584178
0.330670926517571850400400990111
0.332268370607028684649009164787
0.333865814696485629919919801978
0.335463258785942464168527976653
0.337060702875399353928287382587
0.338658146964856188176895557262
0.340255591054313077936654963196
0.341853035143769967696414369129
0.343450479233226801945022543805
0.345047923322683747215933180996
0.346645367412140581464541355672
0.348242811501597471224300761605
0.349840255591054305472908936281
0.351437699680511195232668342214
0.353035143769968029481276516890
0.354632587859424919241035922823
0.356230031948881753489644097499
0.357827476038338643249403503432
0.359424920127795477498011678108
0.361022364217252422768922315299
0.362619808306709257017530489975
0.364217252396166146777289895908
0.365814696485622981025898070584
0.367412140575079870785657476517
0.369009584664536705034265651193
0.370607028753993594794025057126
0.372204472843450429042633231802
0.373801916932907374313543868993
0.375399361022364208562152043669
0.376996805111821098321911449602
0.378594249201277932570519624278
0.380191693290734822330279030211
0.381789137380191656578887204887
0.383386581469648546338646610820
0.384984025559105380587254785496
0.386581469648562270347014191429
0.388178913738019104595622366105
0.389776357827476049866533003296
0.391373801916932884115141177972
0.392971246006389773874900583905
0.394568690095846608123508758581
0.396166134185303497883268164514
0.397763578274760332131876339190
0.399361022364217221891635745123
0.400958466453674056140243919799
0.402555910543131001411154556990
0.404153354632587835659762731666
0.405750798722044725419522137599
0.407348242811501559668130312275
0.408945686900958449427889718208
0.410543130990415339187649124142
0.412140575079872173436257298818
0.413738019169329063196016704751
0.415335463258785897444624879427
0.416932907348242842715535516618
0.418530351437699676964143691293
0.420127795527156566723903097227
0.421725239616613400972511271902
0.423322683706070290732270677836
0.424920127795527124980878852512
0.426517571884984014740638258445
0.428115015974440848989246433121
0.429712460063897794260157070312
0.431309904153354628508765244987
0.432907348242811518268524650921
0.434504792332268352517132825596
0.436102236421725242276892231530
0.437699680511182076525500406206
0.439297124600638966285259812139
0.440894568690095800533867986815
0.442492012779552690293627392748
0.444089456869009524542235567424
0.445686900958466469813146204615
0.447284345047923304061754379291
0.448881789137380193821513785224
0.450479233226837028070121959900
0.452076677316293917829881365833
0.453674121405750752078489540509
0.455271565495207641838248946442
0.456869009584664476086857121118
0.458466453674121421357767758309
0.460063897763578255606375932985
0.461661341853035145366135338918
0.463258785942491979614743513594
0.464856230031948869374502919527
0.466453674121405703623111094203
0.468051118210862593382870500136
0.469648562300319427631478674812
0.471246006389776317391238080745
0.472843450479233151639846255421
0.474440894568690096910756892612
0.476038338658146931159365067288
0.477635782747603820919124473221
0.479233226837060710678883879154
0.480830670926517544927492053830
0.482428115015974434687251459764
0.484025559105431268935859634439
0.485623003194888214206770271630
0.487220447284345048455378446306
0.488817891373801938215137852239
0.490415335463258772463746026915
0.492012779552715662223505432848
0.493610223642172496472113607524
0.495207667731629386231873013458
0.496805111821086220480481188133
0.498402555910543110240240594067
0.499999999999999944488848768742
0.501597444089456834248608174676
0.503194888178913668497216349351
0.504792332268370613768126986542
0.506389776357827448016735161218
0.507987220447284393287645798409
0.509584664536741227536253973085
0.511182108626198061784862147761
0.512779552715654896033470322436
0.514376996805111841304380959627
0.515974440894568675552989134303
0.517571884984025509801597308979
0.519169329073482344050205483654
0.520766773162939289321116120846
0.522364217252396123569724295521
0.523961661341853068840634932712
0.525559105431309903089243107388
0.527156549520766737337851282064
0.528753993610223571586459456739
0.530351437699680516857370093931
0.531948881789137351105978268606
0.533546325878594185354586443282
0.535143769968051019603194617957
0.536741214057507964874105255149
0.538338658146964799122713429824
0.539936102236421744393624067015
0.541533546325878578642232241691
0.543130990415335412890840416367
0.544728434504792247139448591042
0.546325878594249192410359228234
0.547923322683706137681269865425
0.549520766773162860907575577585
0.551118210862619806178486214776
0.552715654952076640427094389452
0.554313099041533585698005026643
0.555910543130990419946613201319
0.557507987220447254195221375994
0.559105431309904088443829550670
0.560702875399361033714740187861
0.562300319488817867963348362537
0.563897763578274813234258999728
0.565495207667731647482867174404
0.567092651757188481731475349079
0.568690095846645315980083523755
0.570287539936102261250994160946
0.571884984025559095499602335622
0.573482428115015929748210510297
0.575079872204472763996818684973
0.576677316293929709267729322164
0.578274760383386543516337496840
0.579872204472843488787248134031
0.581469648562300323035856308707
0.583067092651757157284464483382
0.584664536741213991533072658058
0.586261980830670936803983295249
0.587859424920127771052591469925
0.589456869009584605301199644600
0.591054313099041439549807819276
0.592651757188498384820718456467
0.594249201277955219069326631143
0.595846645367412164340237268334
0.597444089456868998588845443010
0.599041533546325832837453617685
0.600638977635782667086061792361
0.602236421725239612356972429552
0.603833865814696446605580604228
0.605431309904153280854188778903
0.607028753993610115102796953579
0.608626198083067060373707590770
0.610223642172523894622315765446
0.611821086261980839893226402637
0.613418530351437674141834577313
0.615015974440894508390442751988
0.616613418530351453661353389180
0.618210862619808287909961563855
0.619808306709265233180872201046
0.621405750798722067429480375722
0.623003194888178901678088550398
0.624600638977635735926696725073
0.626198083067092681197607362265
0.627795527156549515446215536940
0.629392971246006349694823711616
0.630990415335463183943431886291
0.632587859424920129214342523483
0.634185303514376963462950698158
0.635782747603833908733861335350
0.637380191693290742982469510025
0.638977635782747577231077684701
0.640575079872204411479685859376
0.642172523961661356750596496568
0.643769968051118190999204671243
0.645367412140575025247812845919
0.646964856230031970518723483110
0.648562300319488804767331657786
0.650159744408945639015939832461
0.651757188498402473264548007137
0.653354632587859418535458644328
0.654952076677316252784066819004
0.656549520766773087032674993679
0.658146964856229921281283168355
0.659744408945686866552193805546
0.661341853035143700800801980222
0.662939297124600535049410154897
0.664536741214057369298018329573
0.666134185303514425591231429280
0.667731629392971259839839603956
0.669329073482428094088447778631
0.670926517571884928337055953307
0.672523961661341873607966590498
0.674121405750798707856574765174
0.675718849840255542105182939849
0.677316293929712376353791114525
0.678913738019169321624701751716
0.680511182108626155873309926392
0.682108626198082990121918101067
0.683706070287539935392828738259
0.685303514376996769641436912934
0.686900958466453603890045087610
0.688498402555910438138653262286
0.690095846645367494431866361992
0.691693290734824328680474536668
0.693290734824281162929082711344
0.694888178913737997177690886019
0.696485623003194942448601523211
0.698083067092651776697209697886
0.699680511182108610945817872562
0.701277955271565445194426047237
0.702875399361022390465336684429
0.704472843450479224713944859104
0.706070287539936058962553033780
0.707667731629392893211161208455
0.709265175718849838482071845647
0.710862619808306672730680020322
0.712460063897763506979288194998
0.714057507987220341227896369674
0.715654952076677286498807006865
0.717252396166134120747415181540
0.718849840255590954996023356216
0.720447284345047789244631530892
0.722044728434504845537844630599
0.723642172523961679786452805274
0.725239616613418514035060979950
0.726837060702875348283669154625
0.728434504792332293554579791817
0.730031948881789127803187966492
0.731629392971245962051796141168
0.733226837060702796300404315843
0.734824281150159741571314953035
0.736421725239616575819923127710
0.738019169329073410068531302386
0.739616613418530244317139477062
0.741214057507987189588050114253
0.742811501597444023836658288928
0.744408945686900858085266463604
0.746006389776357692333874638280
0.747603833865814748627087737987
0.749201277955271582875695912662
0.750798722044728417124304087338
0.752396166134185362395214724529
0.753993610223642196643822899205
0.755591054313099030892431073880
0.757188498402555865141039248556
0.758785942492012810411949885747
0.760383386581469644660558060423
0.761980830670926478909166235098
0.763578274760383313157774409774
0.765175718849840258428685046965
0.766773162939297092677293221641
0.768370607028753926925901396316
0.769968051118210761174509570992
0.771565495207667706445420208183
0.773162939297124540694028382859
0.774760383386581374942636557535
0.776357827476038209191244732210
0.777955271565495265484457831917
0.779552715654952099733066006593
0.781150159744408933981674181268
0.782747603833865768230282355944
0.784345047923322713501192993135
0.785942492012779547749801167811
0.787539936102236381998409342486
0.789137380191693216247017517162
0.790734824281150161517928154353
0.792332268370606995766536329029
0.793929712460063830015144503705
0.795527156549520664263752678380
0.797124600638977609534663315571
0.798722044728434443783271490247
0.800319488817891278031879664923
0.801916932907348112280487839598
0.803514376996805168573700939305
0.805111821086262002822309113981
0.806709265175718837070917288656
0.808306709265175671319525463332
0.809904153354632616590436100523
0.811501597444089450839044275199
0.813099041533546285087652449874
0.814696485623003119336260624550
0.816293929712460064607171261741
0.817891373801916898855779436417
0.819488817891373733104387611093
0.821086261980830678375298248284
0.822683706070287512623906422959
0.824281150159744346872514597635
0.825878594249201181121122772311
0.827476038338658126392033409502
0.829073482428114960640641584178
0.830670926517571794889249758853
0.832268370607028629137857933529
0.833865814696485685431071033236
0.835463258785942519679679207911
0.837060702875399353928287382587
0.838658146964856188176895557262
0.840255591054313133447806194454
0.841853035143769967696414369129
0.843450479233226801945022543805
0.845047923322683636193630718481
0.846645367412140581464541355672
0.848242811501597415713149530347
0.849840255591054249961757705023
0.851437699680511084210365879699
0.853035143769968029481276516890
0.854632587859424863729884691566
0.856230031948881697978492866241
0.857827476038338532227101040917
0.859424920127795588520314140624
0.861022364217252422768922315299
0.862619808306709257017530489975
0.864217252396166091266138664650
0.865814696485623036537049301842
0.867412140575079870785657476517
0.869009584664536705034265651193
0.870607028753993539282873825869
0.872204472843450484553784463060
0.873801916932907318802392637735
0.875399361022364153051000812411
0.876996805111820987299608987087
0.878594249201277932570519624278
0.880191693290734766819127798954
0.881789137380191601067735973629
0.883386581469648435316344148305
0.884984025559105380587254785496
0.886581469648562214835862960172
0.888178913738019049084471134847
0.889776357827476105377684234554
0.891373801916932939626292409230
0.892971246006389773874900583905
0.894568690095846608123508758581
0.896166134185303553394419395772
0.897763578274760387643027570448
0.899361022364217221891635745123
0.900958466453674056140243919799
0.902555910543131001411154556990
0.904153354632587835659762731666
0.905750798722044669908370906342
0.907348242811501504156979081017
0.908945686900958449427889718208
0.910543130990415283676497892884
0.912140575079872117925106067560
0.913738019169328952173714242235
0.915335463258786008466927341942
0.916932907348242842715535516618
0.918530351437699676964143691293
0.920127795527156511212751865969
0.921725239616613456483662503160
0.923322683706070290732270677836
0.924920127795527124980878852512
0.926517571884983959229487027187
0.928115015974440904500397664378
0.929712460063897738749005839054
0.931309904153354572997614013730
0.932907348242811407246222188405
0.934504792332268352517132825596
0.936102236421725186765741000272
0.937699680511182021014349174948
0.939297124600638855262957349623
0.940894568690095800533867986815
0.942492012779552634782476161490
0.944089456869009469031084336166
0.945686900958466303279692510841
0.947284345047923359572905610548
0.948881789137380193821513785224
0.950479233226837028070121959900
0.952076677316293862318730134575
0.953674121405750807589640771766
0.955271565495207641838248946442
0.956869009584664476086857121118
0.958466453674121421357767758309
0.960063897763578255606375932985
0.961661341853035089854984107660
0.963258785942491924103592282336
0.964856230031948869374502919527
0.966453674121405703623111094203
0.968051118210862537871719268878
0.969648562300319372120327443554
0.971246006389776428413540543261
0.972843450479233262662148717936
0.974440894568690096910756892612
0.976038338658146931159365067288
0.977635782747603876430275704479
0.979233226837060710678883879154
0.980830670926517544927492053830
0.982428115015974379176100228506
0.984025559105431324447010865697
0.985623003194888158695619040373
0.987220447284344992944227215048
0.988817891373801827192835389724
0.990415335463258772463746026915
0.992012779552715606712354201591
0.993610223642172440960962376266
0.995207667731629275209570550942
0.996805111821086220480481188133
0.998402555910543054729089362809
0.000075503789376952175935002465
0.000175751091341044731863191286
0.000276129198309766081455979281
0.000376492471048340009067562084
0.000476820525311530093223039151
0.000577101472688319695400482878
0.000677324762153201100599309026
0.000777480165804139721798249330
0.000877557560248325976490213485
0.000977546865794587643144764044
0.001077438026581623194133374710
0.001177221003514729736477706368
0.001276885771810776270054899051
0.001376422320390545883314614706
0.001475820652078393318065718809
0.001575070784181153418432308477
0.001674162749254884136745902268
0.001773086595970024955878918682
0.001871832390029076450058131975
0.001970390215114369274890249173
0.002068750173851849859241180951
0.002166902388784044519026705800
0.002264837003348469518515528875
0.002362544182857994647106725239
0.002460014115481882254060641557
0.002557237013226717429331680265
0.002654203112915884052447346164
0.002750902677167973119087829303
0.002847325995372416811146631943
0.002943463384663940786423186324
0.003039305190893413881336737603
0.003134841789597080617679747405
0.003230063586962107421984846667
0.003324961020789898857863420290
0.003419524561455724968872527114
0.003513744712865601686757610622
0.003607612013409772049044033082
0.003701117036912345004129321069
0.003794250393578246696030253915
0.003887002730935393886996243040
0.003979364734774401037020741256
0.004071327130083632686585737304
0.004162880681980310644541010134
0.004254016196638147825903608634
0.004344724522210487854811944430
0.004434996549749136915408165294
0.004524823214119289872814366760
0.004614195494909695445528985402
0.004703104417338523600411459569
0.004791541053154429498361910333
0.004879496521533448032126312199
0.004966961989970511588687873683
0.005053928675166546001518153020
0.005140387843910362332400243446
0.005226330813955836276929467488
0.005311748954893518240294447708
0.005396633689017547516608708236
0.005480976492186819329366365139
0.005564768894681171480798287377
0.005648002482051649522643010926
0.005730668895965775923306839701
0.005812759835046721682005887999
0.005894267055706970195871896578
0.005975182372976074393622347714
0.006055497661322708363718092528
0.006135204855470611021162063992
0.006214295951208346352467870588
0.006292763006193296572432505087
0.006370598140749110169234192824
0.006447793538657041988171325642
0.006524341447940816725303836421
0.006600234181645019300443966159
0.006675464118607188183929235237
0.006750023704223099066390467726
0.006823905451205119175595026348
0.006897101940334529092402338080
0.006969605821206115506272205096
0.007041409812966708918480218671
0.007112506705046141471104892418
0.007182889357881192156363159285
0.007252550703632713695323541714
0.007321483746895451893976769497
0.007389681565400337166782396281
0.007457137310709700123156906670
0.007523844208905084221528092314
0.007589795561267339771283069183
0.007654984744949324543261681697
0.007719405213641116446365852966
0.007783050498227321936650646705
0.007845914207436502710302228536
0.007907990028483344313592340313
0.007969271727702367108525649542
0.008029753151173881289826006480
0.008089428225342084471938264301
0.008148290957624955768712204929
0.008206335437015958508832902396
0.008263555834677678221811270021
0.008319946404527128747119490981
0.008375501483812804529027751244
0.008430215493683316033135533019
0.008484082939747590937362708985
0.008537098412626660179358673020
0.008589256588496962940837420319
0.008640552229624674437924447545
0.008690980184892024493215068048
0.008740535390314347480300583015
0.008789212869548731002500296938
0.008837007734393671765094069315
0.008883915185279858336975244981
0.008929930511752462440888677975
0.008975049092943785181142324348
0.009019266398037526291653342980
0.009062577986723642509137022216
0.009104979509644468144147211319
0.009146466708831057015882670669
0.009187035418131215061543493050
0.009226681563627605123234509676
0.009265401164046898827009179911
0.009303190331159632078805721278
0.009340045270170661828590397135
0.009375962280100111345682023511
0.009410937754155204726380645752
0.009444968180092343582043845629
0.009478050140569705198090311171
0.009510180313490801048970091358
0.009541355472337713708452788808
0.009571572486495051254595800572
0.009600828321564790907016728738
0.009629120039670485339811101255
0.009656444799752448432395013356
0.009682799857853297692544813913
0.009708182567393211503947725305
0.009732590379435659272422398658
0.009756020842943764065369194327
0.009778471605025993232396253063
0.009799940411172530091432619770
0.009820425105481995348144508284
0.009839923630877569354913347865
0.009858434029313625432400236548
0.009875954441972532513172033930
0.009892483109451257611288710336
0.009908018371937891283218746707
0.009922558669378533230398531373
0.009936102541633760887318516097
0.009948648628625364476185666263
0.009960195670473096993258188547
0.009970742507620755645803001244
0.009980288080952992926797584516
0.009988831431901665572348214539
0.009996371702541769974081908856
0.010002908135677973655575101475
0.010008440074920429627147733243
0.010012966964750773940506789472
0.010016488350577945620756281642
0.010019003878783645095085219623
0.010020513296758074700543161839
0.010021016452925255238448620787
0.010020513296758074700543161839
0.010019003878783645095085219623
0.010016488350577945620756281642
0.010012966964750773940506789472
0.010008440074920429627147733243
0.010002908135677973655575101475
0.009996371702541769974081908856
0.009988831431901665572348214539
0.009980288080952992926797584516
0.009970742507620755645803001244
0.009960195670473096993258188547
0.009948648628625364476185666263
0.009936102541633760887318516097
0.009922558669378533230398531373
0.009908018371937891283218746707
0.009892483109451257611288710336
0.009875954441972532513172033930
0.009858434029313625432400236548
0.009839923630877569354913347865
0.009820425105481995348144508284
0.009799940411172530091432619770
0.009778471605025993232396253063
0.009756020842943764065369194327
0.009732590379435659272422398658
0.009708182567393211503947725305
0.009682799857853297692544813913
0.009656444799752448432395013356
0.009629120039670485339811101255
0.009600828321564790907016728738
0.009571572486495051254595800572
0.009541355472337713708452788808
0.009510180313490801048970091358
0.009478050140569705198090311171
0.009444968180092343582043845629
0.009410937754155204726380645752
0.009375962280100111345682023511
0.009340045270170661828590397135
0.009303190331159632078805721278
0.009265401164046898827009179911
0.009226681563627605123234509676
0.009187035418131215061543493050
0.009146466708831057015882670669
0.009104979509644468144147211319
0.009062577986723642509137022216
0.009019266398037526291653342980
0.008975049092943785181142324348
0.008929930511752462440888677975
0.008883915185279858336975244981
0.008837007734393671765094069315
0.008789212869548731002500296938
0.008740535390314347480300583015
0.008690980184892024493215068048
0.008640552229624674437924447545
0.008589256588496962940837420319
0.008537098412626660179358673020
0.008484082939747590937362708985
0.008430215493683316033135533019
0.008375501483812804529027751244
0.008319946404527128747119490981
0.008263555834677678221811270021
0.008206335437015958508832902396
0.008148290957624955768712204929
0.008089428225342084471938264301
0.008029753151173881289826006480
0.007969271727702367108525649542
0.007907990028483344313592340313
0.007845914207436502710302228536
0.007783050498227321936650646705
0.007719405213641116446365852966
0.007654984744949324543261681697
0.007589795561267339771283069183
0.007523844208905084221528092314
0.007457137310709700123156906670
0.007389681565400337166782396281
0.007321483746895451893976769497
0.007252550703632713695323541714
0.007182889357881192156363159285
0.007112506705046141471104892418
0.007041409812966708918480218671
0.006969605821206115506272205096
0.006897101940334529092402338080
0.006823905451205119175595026348
0.006750023704223099066390467726
0.006675464118607188183929235237
0.006600234181645019300443966159
0.006524341447940816725303836421
0.006447793538657041988171325642
0.006370598140749110169234192824
0.006292763006193296572432505087
0.006214295951208346352467870588
0.006135204855470611021162063992
0.006055497661322708363718092528
0.005975182372976074393622347714
0.005894267055706970195871896578
0.005812759835046721682005887999
0.005730668895965775923306839701
0.005648002482051649522643010926
0.005564768894681171480798287377
0.005480976492186819329366365139
0.005396633689017547516608708236
0.005311748954893518240294447708
0.005226330813955836276929467488
0.005140387843910362332400243446
0.005053928675166546001518153020
0.004966961989970511588687873683
0.004879496521533448032126312199
0.004791541053154429498361910333
0.004703104417338523600411459569
0.004614195494909695445528985402
0.004524823214119289872814366760
0.004434996549749136915408165294
0.004344724522210487854811944430
0.004254016196638147825903608634
0.004162880681980310644541010134
0.004071327130083632686585737304
0.003979364734774401037020741256
0.003887002730935393886996243040
0.003794250393578246696030253915
0.003701117036912345004129321069
0.003607612013409772049044033082
0.003513744712865601686757610622
0.003419524561455724968872527114
0.003324961020789898857863420290
0.003230063586962107421984846667
0.003134841789597080617679747405
0.003039305190893413881336737603
0.002943463384663940786423186324
0.002847325995372416811146631943
0.002750902677167973119087829303
0.002654203112915884052447346164
0.002557237013226717429331680265
0.002460014115481882254060641557
0.002362544182857994647106725239
0.002264837003348469518515528875
0.002166902388784044519026705800
0.002068750173851849859241180951
0.001970390215114369274890249173
0.001871832390029076450058131975
0.001773086595970024955878918682
0.001674162749254884136745902268
0.001575070784181153418432308477
0.001475820652078393318065718809
0.001376422320390545883314614706
0.001276885771810776270054899051
0.001177221003514729736477706368
0.001077438026581623194133374710
0.000977546865794587643144764044
0.000877557560248325976490213485
0.000777480165804139721798249330
0.000677324762153201100599309026
0.000577101472688319695400482878
0.000476820525311530093223039151
0.000376492471048340009067562084
0.000276129198309766081455979281
0.000175751091341044731863191286
0.000075503789376952175935002465
