0.001161577322896076855732183652
0.002666304644413484362802657657
0.004179918193990700588102971125
0.005695539521462429123632720263
0.007211922446441779328829557727
0.008728673910243388636698291805
0.010245631334612469512390653392
0.011762715425306956296136462470
0.013279882933484926307854401273
0.014797108275849931227630129627
0.016314375355107924719932910307
0.017831673538145100671448162188
0.019348995519718692470689802576
0.020866336115420776320394935510
0.022383691544324232219898007656
0.023901058984277152169584113039
0.025418436286174676819182849385
0.026935821784643699389194537730
0.028453214169216360651670783000
0.029970612394582058640724042675
0.031488015616762614345969240048
0.033005423146871971928906219773
0.034522834417058390066301853949
0.036040248955044026923921762773
0.037557666364830849525802136668
0.039075086311898724056312914854
0.040592508511720581942938679276
0.042109932720760599733633711139
0.043627358729348371391143501796
0.045144786355990174087082777987
0.046662215442789409247659193625
0.048179645851732087746821520113
0.049697077461652500174338342731
0.051214510165738066915785964284
0.052731943869464920071621349962
0.054249378488879479442985598325
0.055766813949161234131857156626
0.057284250183412946388905595541
0.058801687131638663563748536944
0.060319124739876044116737574541
0.061836562959455977639411372593
0.063354001746368862613145722662
0.064871441060719639559728477707
0.066388880866258062618534552257
0.067906321129971011774095757119
0.069423761821728574572532011189
0.070941202913976819655061945014
0.072458644381466721928752861004
0.073976086201018559362907467403
0.075493528351313982094339394280
0.077010970812712215005646498867
0.078528413567088312108310788062
0.080045856597689438172160691920
0.081563299889006846132843975283
0.083080743426662884143496512479
0.084598187197309049345506082318
0.086115631188535352036339531878
0.087633075388789172244230485376
0.089150519787302512364490780783
0.090667964374025730722728155797
0.092185409139568824654631384874
0.093702854075147945511758962311
0.095220299172536854159787367280
0.096737744424023414113733565500
0.098255189822369873309249044269
0.099772635360776393276260876064
0.101290081032848824915681973380
0.102807526832568149610658281290
0.104324972754263528562646001774
0.105842418792587197873267257364
0.107359864942491625705578428551
0.108877311199208626213419393025
0.110394757558229805738392315106
0.111912204015289451497494610521
0.113429650566347864359961761238
0.114947097207576509614312954000
0.116464543935344347347360383083
0.117981990746204842834821135966
0.119499437636884545121951362034
0.121016884604271873770997558495
0.122534331645407335020792061187
0.124051778757473890602014421347
0.125569225937788769842384795083
0.127086673183794934827162137481
0.128604120493053780682757292197
0.130121567863238418727434009270
0.131639015292126876355283116027
0.133156462777596296120918850647
0.134673910317617134824175195718
0.136191357910248167506495065027
0.137708805553631297158290180960
0.139226253245987197093569420758
0.140743700985611008835718394039
0.142261148770868178781157098456
0.143778596600190766707783041056
0.145296044472074031839170515923
0.146813492385073018908769881818
0.148330940337799449535438611747
0.149848388328918835643577267547
0.151365836357147703905567936999
0.152883284421251125495544442856
0.154400732520040162576435704977
0.155918180652369509076038411877
0.157435628817135575552299542323
0.158953077013274324258418346290
0.160470525239759187474675172780
0.161987973495599540951772610242
0.163505421779838844287269239430
0.165022870091552947835467080040
0.166540318429848593906328346748
0.168057766793862195520148361538
0.169575215182758087806291769084
0.171092663595727417780167911587
0.172610112031986950853479356738
0.174127560490777794077743578782
0.175645008971364258165692717739
0.177162457473032997068429494902
0.178679905995091675707797662653
0.180197354536868303842567229367
0.181714803097710209112136681142
0.183232251676983093346962050418
0.184749700274070394190317756511
0.186267148888372174875271980454
0.187784597519304791157779277455
0.189302046166299781093655951736
0.190819494828803420949370206472
0.192336943506275975801500521811
0.193854392198191061158496495409
0.195371840904035171115893376736
0.196889289623306817933467982584
0.198406738355516282235058156402
0.199924187100184863608021146320
0.201441635856844547536326217596
0.202959084625037394777891108788
0.204476533404315041764220950427
0.205993982194238395289076493100
0.207511430994377077396961794875
0.209028879804308981293914371236
0.210546328623620077058475885678
0.212063777451903689996726143363
0.213581226288760389619980628595
0.215098675133797517800005039135
0.216616123986628911213259129909
0.218133572846874346229384400431
0.219651021714159538911204094802
0.221168470588115478880908426618
0.222685919468378401564478963337
0.224203368354589316346903160593
0.225720817246393729016418205902
0.227238266143441475231057324891
0.228755715045386137651561853090
0.230273163951885212474834929708
0.231790612862599415544551106905
0.233308061777192737862307581054
0.234825510695331890476111880162
0.236342959616686332235957479497
0.237860408540927908971340798416
0.239377857467730492668778197185
0.240895306396769870449503514465
0.242412755327723467013711911022
0.243930204260270150351530560329
0.245447653194089926431686876640
0.246965102128863661645752358709
0.248482551064272971785840127268
0.250000000000000000000000000000
0.251517448935727083725311103990
0.253034897871136366109823256920
0.254552346805910156835039970247
0.256069795739729877404045055300
0.257587244672276560741863704607
0.259104693603230185061647716793
0.260622142532269562842373034073
0.262139591459072118784234817213
0.263657040383313667764042520503
0.265174489304668137279463735467
0.266691938222807345404419265833
0.268209387137400612211024508724
0.269726836048114815280740685921
0.271244284954613890104013762539
0.272761733856558552524518290738
0.274279182753606243228006178470
0.275796631645410739164248070665
0.277314080531621598435521036663
0.278831529411884548874667189011
0.280348978285840488844371520827
0.281866427153125653770615599569
0.283383876013371116542316485720
0.284901324866202509955570576494
0.286418773711239693646746218292
0.287936222548096365514425087895
0.289453671376379950697099729950
0.290971120195691046461661244393
0.292488569005622978114189436383
0.294006017805761632466499122529
0.295523466595685013746930280831
0.297040915374962632977684506841
0.298558364143155452463673782404
0.300075812899815164147554469309
0.301593261644483801031668690484
0.303110710376693237577683248674
0.304628159095964856639682238892
0.306145607801808994352654735849
0.307663056493724051954075093818
0.309180505171196662317356640415
0.310697953833700246661919663893
0.312215402480695292108947569432
0.313732851111627852880303635175
0.315250299725929661320833474747
0.316767748323016906653037949582
0.318285196902289790887863318858
0.319802645463131696157432770633
0.321320094004908352047777952976
0.322837542526967002931570505098
0.324354991028635741834307282261
0.325872439509222233677832036847
0.327389887968013160168823105778
0.328907336404272665486558935299
0.330424784817242023216010693432
0.331942233206137804479851638462
0.333459681570151433849247268881
0.334977129908447024408957304331
0.336494578220161155712730760570
0.338012026504400486803803005387
0.339529474760240812525324827220
0.341046922986725731252732884968
0.342564371182864424447700457677
0.344081819347630546435112819381
0.345599267479959892934715526280
0.347116715578748902260031172773
0.348634163642852323850007678629
0.350151611671081164356422732453
0.351669059662200578220137003882
0.353186507614926981091230118182
0.354703955527925995916405099706
0.356221403399809288803368190202
0.357738851229131848974418517173
0.359256299014388991164281605961
0.360773746754012858417581810500
0.362291194446368758352861050298
0.363808642089751888004656166231
0.365326089682382892931400419911
0.366843537222403703879081149353
0.368360984707873151400292499602
0.369878432136761581272565990730
0.371395879506946302583969554689
0.372913326816205092928413478148
0.374430774062211257913190820545
0.375948221242526137153561194282
0.377465668354592720490359170071
0.378983115395728209495729288392
0.380500562363115468755836445780
0.382018009253795198798542287477
0.383535456064655722041578655990
0.385052902792423490385687046000
0.386570349433652149517826046576
0.388087795984710604013656620737
0.389605242441770249772758916151
0.391122688800791484808883069491
0.392640135057508388172209379263
0.394157581207412843760096166079
0.395675027245736499192929613855
0.397192473167431947533856373411
0.398709918967151188962105834435
0.400227364639223648357102547379
0.401744810177630196079689994804
0.403262255575976613641842050129
0.404779700827463173595788248349
0.406297145924852054488241037689
0.407814590860431258612095462013
0.409332035625974255399484036388
0.410849480212697459879933603588
0.412366924611210883266920745882
0.413884368811464675719236083751
0.415401812802691006165645148940
0.416919256573337171367654718779
0.418436700110993209378307255975
0.419954143402310631216778347152
0.421471586432911771158416058825
0.422989029187287812749929116762
0.424506471648686045661236221349
0.426023913798981468392668148226
0.427541355618533347460186178068
0.429058797086023235856089286244
0.430576238178271453183043604440
0.432093678870028974348116435067
0.433611119133742006770404486815
0.435128558939280429829210561365
0.436645998253631206775793316410
0.438163437040544001543906915686
0.439680875260124004455519752810
0.441198312868361364191827078685
0.442715749816587067488882212274
0.444233186050838779745930651188
0.445750621511120548312590017304
0.447268056130535163195105496925
0.448785489834261974717577459160
0.450302922538347583092388504156
0.451820354148267933069860191608
0.453337784557210632385704229819
0.454855213644009825912917222013
0.456372641270651691058901633369
0.457890067279239476594199231840
0.459407491488279418057061320724
0.460924913688101289821474892960
0.462442333635169178229773478961
0.463959751044955959198290429413
0.465477165582941665444849377309
0.466994576853128062765563299763
0.468511984383237434226288087302
0.470029387605418014217661948351
0.471546785830783632409435313093
0.473064178215356290202464606409
0.474581563713825316241923246707
0.476098941015722865177650646729
0.477616308455675819821806271648
0.479133663884579230618498968397
0.480651004480281363040461428682
0.482168326461854923614680501487
0.483685624644892120382877465090
0.485202891724150098262668961979
0.486720117066515134407467257915
0.488237284574693064520545249252
0.489754368665387573855696246028
0.491271326089756599220237376358
0.492788077553558245824660843937
0.494304460478537599499304633355
0.495820081806009338443175238353
0.497333695355586524744495591221
0.498838422677103932034725630729
0.000000000000000000000000000000
0.001519756838905775070056036746
0.003039513677811550140112073493
0.004559270516717324993327675742
0.006079027355623100280224146985
0.007598784194528876434482356217
0.009118541033434649986655351483
0.010638297872340427008275298704
0.012158054711246200560448293970
0.013677811550151975847344765214
0.015197568389057752868964712434
0.016717325227963528155861183677
0.018237082066869299973310702967
0.019756838905775075260207174210
0.021276595744680854016550597407
0.022796352583586629303447068651
0.024316109422492401120896587940
0.025835866261398176407793059184
0.027355623100303951694689530427
0.028875379939209730451032953624
0.030395136778115505737929424868
0.031914893617021281024825896111
0.033434650455927056311722367354
0.034954407294832824659724934691
0.036474164133738599946621405934
0.037993920972644382172411781085
0.039513677811550150520414348421
0.041033434650455932746204723571
0.042553191489361708033101194815
0.044072948328267483319997666058
0.045592705167173258606894137301
0.047112462006079033893790608545
0.048632218844984802241793175881
0.050151975683890577528689647124
0.051671732522796352815586118368
0.053191489361702128102482589611
0.054711246200607903389379060854
0.056231003039513678676275532098
0.057750759878419460902065907248
0.059270516717325236188962378492
0.060790273556231011475858849735
0.062310030395136779823861417071
0.063829787234042562049651792222
0.065349544072948337336548263465
0.066869300911854112623444734709
0.068389057750759874032553398138
0.069908814589665649319449869381
0.071428571428571424606346340624
0.072948328267477199893242811868
0.074468085106382989057927090926
0.075987841945288764344823562169
0.077507598784194525753932225598
0.079027355623100301040828696841
0.080547112462006076327725168085
0.082066869300911865492409447143
0.083586626139817640779305918386
0.085106382978723416066202389629
0.086626139817629191353098860873
0.088145896656534966639995332116
0.089665653495440741926891803359
0.091185410334346517213788274603
0.092705167173252292500684745846
0.094224924012158067787581217090
0.095744680851063829196689880519
0.097264437689969604483586351762
0.098784194528875379770482823005
0.100303951367781155057379294249
0.101823708206686930344275765492
0.103343465045592705631172236735
0.104863221884498480918068707979
0.106382978723404256204965179222
0.107902735562310031491861650466
0.109422492401215806778758121709
0.110942249240121582065654592952
0.112462006079027357352551064196
0.113981762917933146517235343254
0.115501519756838921804131814497
0.117021276595744697091028285740
0.118541033434650472377924756984
0.120060790273556247664821228227
0.121580547112462022951717699470
0.123100303951367798238614170714
0.124620060790273559647722834143
0.126139817629179334934619305386
0.127659574468085124099303584444
0.129179331306990885508412247873
0.130699088145896674673096526931
0.132218844984802436082205190360
0.133738601823708225246889469418
0.135258358662613986655998132846
0.136778115501519748065106796275
0.138297872340425537229791075333
0.139817629179331298638899738762
0.141337386018237087803584017820
0.142857142857142849212692681249
0.144376899696048638377376960307
0.145896656534954399786485623736
0.147416413373860188951169902793
0.148936170212765978115854181851
0.150455927051671739524962845280
0.151975683890577528689647124338
0.153495440729483290098755787767
0.155015197568389051507864451196
0.156534954407294840672548730254
0.158054711246200602081657393683
0.159574468085106363490766057112
0.161094224924012152655450336169
0.162613981762917969575710230856
0.164133738601823730984818894285
0.165653495440729520149503173343
0.167173252279635281558611836772
0.168693009118541042967720500201
0.170212765957446832132404779259
0.171732522796352593541513442688
0.173252279635258382706197721745
0.174772036474164144115306385174
0.176291793313069933279990664232
0.177811550151975694689099327661
0.179331306990881483853783606719
0.180851063829787245262892270148
0.182370820668693034427576549206
0.183890577507598795836685212635
0.185410334346504585001369491692
0.186930091185410346410478155121
0.188449848024316135575162434179
0.189969604863221896984271097608
0.191489361702127658393379761037
0.193009118541033447558064040095
0.194528875379939208967172703524
0.196048632218844998131856982582
0.197568389057750759540965646011
0.199088145896656548705649925068
0.200607902735562310114758588497
0.202127659574468099279442867555
0.203647416413373860688551530984
0.205167173252279649853235810042
0.206686930091185411262344473471
0.208206686930091200427028752529
0.209726443768996961836137415958
0.211246200607902751000821695015
0.212765957446808512409930358444
0.214285714285714301574614637502
0.215805471124620062983723300931
0.217325227963525824392831964360
0.218844984802431613557516243418
0.220364741641337374966624906847
0.221884498480243164131309185905
0.223404255319148925540417849334
0.224924012158054714705102128391
0.226443768996960476114210791820
0.227963525835866293034470686507
0.229483282674772054443579349936
0.231003039513677843608263628994
0.232522796352583605017372292423
0.234042553191489394182056571481
0.235562310030395155591165234910
0.237082066869300944755849513967
0.238601823708206706164958177396
0.240121580547112495329642456454
0.241641337386018256738751119883
0.243161094224924045903435398941
0.244680851063829807312544062370
0.246200607902735596477228341428
0.247720364741641357886337004857
0.249240121580547119295445668286
0.250759878419452908460129947343
0.252279635258358669869238610772
0.253799392097264431278347274201
0.255319148936170248198607168888
0.256838905775076009607715832317
0.258358662613981771016824495746
0.259878419452887532425933159175
0.261398176291793349346193053861
0.262917933130699110755301717290
0.264437689969604872164410380719
0.265957446808510633573519044148
0.267477203647416450493778938835
0.268996960486322211902887602264
0.270516717325227973311996265693
0.272036474164133734721104929122
0.273556231003039496130213592551
0.275075987841945313050473487237
0.276595744680851074459582150666
0.278115501519756835868690814095
0.279635258358662597277799477524
0.281155015197568414198059372211
0.282674772036474175607168035640
0.284194528875379937016276699069
0.285714285714285698425385362498
0.287234042553191515345645257185
0.288753799392097276754753920613
0.290273556231003038163862584042
0.291793313069908799572971247471
0.293313069908814616493231142158
0.294832826747720377902339805587
0.296352583586626194822599700274
0.297872340425531956231708363703
0.299392097264437717640817027132
0.300911854103343479049925690560
0.302431610942249295970185585247
0.303951367781155057379294248676
0.305471124620060818788402912105
0.306990881458966580197511575534
0.308510638297872341606620238963
0.310030395136778103015728902392
0.311550151975683919935988797079
0.313069908814589681345097460508
0.314589665653495442754206123936
0.316109422492401204163314787365
0.317629179331307021083574682052
0.319148936170212726981532114223
0.320668693009118543901792008910
0.322188449848024305310900672339
0.323708206686930122231160567026
0.325227963525835939151420461712
0.326747720364741645049377893884
0.328267477203647461969637788570
0.329787234042553223378746451999
0.331306990881459040299006346686
0.332826747720364746196963778857
0.334346504559270563117223673544
0.335866261398176324526332336973
0.337386018237082085935441000402
0.338905775075987847344549663831
0.340425531914893664264809558517
0.341945288753799425673918221946
0.343465045592705187083026885375
0.344984802431610948492135548804
0.346504559270516765412395443491
0.348024316109422526821504106920
0.349544072948328288230612770349
0.351063829787234049639721433778
0.352583586626139866559981328464
0.354103343465045572457938760635
0.355623100303951389378198655322
0.357142857142857150787307318751
0.358662613981762967707567213438
0.360182370820668673605524645609
0.361702127659574490525784540296
0.363221884498480251934893203725
0.364741641337386068855153098411
0.366261398176291774753110530582
0.367781155015197591673370425269
0.369300911854103353082479088698
0.370820668693009170002738983385
0.372340425531914875900696415556
0.373860182370820692820956310243
0.375379939209726454230064973672
0.376899696048632271150324868358
0.378419452887537977048282300530
0.379939209726443793968542195216
0.381458966565349555377650858645
0.382978723404255316786759522074
0.384498480243161078195868185503
0.386018237082066895116128080190
0.387537993920972656525236743619
0.389057750759878417934345407048
0.390577507598784234854605301734
0.392097264437689996263713965163
0.393617021276595813183973859850
0.395136778115501519081931292021
0.396656534954407336002191186708
0.398176291793313097411299850137
0.399696048632218914331559744824
0.401215805471124620229517176995
0.402735562310030437149777071681
0.404255319148936198558885735110
0.405775075987842015479145629797
0.407294832826747721377103061968
0.408814589665653538297362956655
0.410334346504559299706471620084
0.411854103343465116626731514771
0.413373860182370822524688946942
0.414893617021276639444948841629
0.416413373860182400854057505057
0.417933130699088162263166168486
0.419452887537993923672274831915
0.420972644376899740592534726602
0.422492401215805502001643390031
0.424012158054711263410752053460
0.425531914893617024819860716889
0.427051671732522841740120611576
0.428571428571428603149229275004
0.430091185410334364558337938433
0.431610942249240125967446601862
0.433130699088145942887706496549
0.434650455927051648785663928720
0.436170212765957465705923823407
0.437689969604863227115032486836
0.439209726443769044035292381523
0.440729483282674749933249813694
0.442249240121580566853509708380
0.443768996960486328262618371809
0.445288753799392145182878266496
0.446808510638297851080835698667
0.448328267477203668001095593354
0.449848024316109429410204256783
0.451367781155015246330464151470
0.452887537993920952228421583641
0.454407294832826769148681478327
0.455927051671732586068941373014
0.457446808510638347478050036443
0.458966565349544108887158699872
0.460486322188449870296267363301
0.462006079027355687216527257988
0.463525835866261393114484690159
0.465045592705167210034744584846
0.466565349544072971443853248275
0.468085106382978788364113142961
0.469604863221884494262070575132
0.471124620060790311182330469819
0.472644376899696072591439133248
0.474164133738601889511699027935
0.475683890577507595409656460106
0.477203647416413412329916354793
0.478723404255319173739025018222
0.480243161094224990659284912908
0.481762917933130696557242345079
0.483282674772036513477502239766
0.484802431610942274886610903195
0.486322188449848091806870797882
0.487841945288753797704828230053
0.489361702127659614625088124740
0.490881458966565376034196788169
0.492401215805471192954456682855
0.493920972644376898852414115026
0.495440729483282715772674009713
0.496960486322188477181782673142
0.498480243161094238590891336571
0.500000000000000000000000000000
0.501519756838905816920259894687
0.503039513677811522818217326858
0.504559270516717339738477221545
0.506079027355623156658737116231
0.507598784194528862556694548402
0.509118541033434679476954443089
0.510638297872340496397214337776
0.512158054711246202295171769947
0.513677811550152019215431664634
0.515197568389057725113389096805
0.516717325227963542033648991492
0.518237082066869247931606423663
0.519756838905775064851866318349
0.521276595744680881772126213036
0.522796352583586698692386107723
0.524316109422492515612646002410
0.525835866261398221510603434581
0.527355623100304038430863329268
0.528875379939209744328820761439
0.530395136778115561249080656125
0.531914893617021267147038088297
0.533434650455927084067297982983
0.534954407294832900987557877670
0.536474164133738606885515309841
0.537993920972644423805775204528
0.539513677811550240726035099215
0.541033434650455946623992531386
0.542553191489361763544252426072
0.544072948328267469442209858244
0.545592705167173286362469752930
0.547112462006078992260427185101
0.548632218844984809180687079788
0.550151975683890626100946974475
0.551671732522796443021206869162
0.553191489361702148919164301333
0.554711246200607965839424196020
0.556231003039513671737381628191
0.557750759878419488657641522877
0.559270516717325194555598955048
0.560790273556231011475858849735
0.562310030395136828396118744422
0.563829787234042645316378639109
0.565349544072948351214336071280
0.566869300911854168134595965967
0.568389057750759874032553398138
0.569908814589665690952813292824
0.571428571428571396850770724996
0.572948328267477213771030619682
0.574468085106383030691290514369
0.575987841945288736589247946540
0.577507598784194553509507841227
0.579027355623100370429767735914
0.580547112462006076327725168085
0.582066869300911893247985062771
0.583586626139817599145942494943
0.585106382978723416066202389629
0.586626139817629232986462284316
0.588145896656534938884419716487
0.589665653495440755804679611174
0.591185410334346572724939505861
0.592705167173252389645199400547
0.594224924012158095543156832719
0.595744680851063912463416727405
0.597264437689969618361374159576
0.598784194528875435281634054263
0.600303951367781141179591486434
0.601823708206686958099851381121
0.603343465045592775020111275808
0.604863221884498591940371170494
0.606382978723404297838328602666
0.607902735562310114758588497352
0.609422492401215820656545929523
0.610942249240121637576805824210
0.612462006079027343474763256381
0.613981762917933160395023151068
0.615501519756838977315283045755
0.617021276595744683213240477926
0.618541033434650500133500372613
0.620060790273556206031457804784
0.621580547112462133974020161986
0.623100303951367839871977594157
0.624620060790273545769935026328
0.626139817629179362690194921015
0.627659574468085179610454815702
0.629179331306990885508412247873
0.630699088145896702428672142560
0.632218844984802408326629574731
0.633738601823708336269191931933
0.635258358662614042167149364104
0.636778115501519748065106796275
0.638297872340425453963064228446
0.639817629179331381905626585649
0.641337386018237087803584017820
0.642857142857142904723843912507
0.644376899696048610621801344678
0.645896656534954427542061239365
0.647416413373860244462321134051
0.648936170212765950360278566222
0.650455927051671878302840923425
0.651975683890577584200798355596
0.653495440729483290098755787767
0.655015197568389107019015682454
0.656534954407294923939275577141
0.658054711246200629837233009312
0.659574468085106446757492903998
0.661094224924012152655450336169
0.662613981762918080598012693372
0.664133738601823786495970125543
0.665653495440729492393927557714
0.667173252279635198291884989885
0.668693009118541126234447347088
0.670212765957446832132404779259
0.671732522796352649052664673945
0.673252279635258354950622106116
0.674772036474164171870882000803
0.676291793313069988791141895490
0.677811550151975694689099327661
0.679331306990881400587056759832
0.680851063829787328529619117035
0.682370820668693034427576549206
0.683890577507598851347836443892
0.685410334346504557245793876064
0.686930091185410374166053770750
0.688449848024316191086313665437
0.689969604863221896984271097608
0.691489361702127602882228529779
0.693009118541033530824790886982
0.694528875379939236722748319153
0.696048632218845053643008213839
0.697568389057750759540965646011
0.699088145896656576461225540697
0.700607902735562393381485435384
0.702127659574468099279442867555
0.703647416413373805177400299726
0.705167173252279733119962656929
0.706686930091185439017920089100
0.708206686930091144915877521271
0.709726443768996961836137415958
0.711246200607902778756397310644
0.712765957446808595676657205331
0.714285714285714301574614637502
0.715805471124620118494874532189
0.717325227963525935415134426876
0.718844984802431641313091859047
0.720364741641337347211049291218
0.721884498480243275153611648420
0.723404255319148981051569080591
0.724924012158054797971828975278
0.726443768996960503869786407449
0.727963525835866320790046302136
0.729483282674772137710306196823
0.731003039513677843608263628994
0.732522796352583549506221061165
0.734042553191489477448783418367
0.735562310030395183346740850538
0.737082066869300889244698282710
0.738601823708206706164958177396
0.740121580547112523085218072083
0.741641337386018340005477966770
0.743161094224924045903435398941
0.744680851063829751801392831112
0.746200607902735679743955188314
0.747720364741641385641912620486
0.749240121580547091539870052657
0.750759878419452908460129947343
0.752279635258358725380389842030
0.753799392097264542300649736717
0.755319148936170248198607168888
0.756838905775075954096564601059
0.758358662613981882039126958261
0.759878419452887587937084390433
0.761398176291793293835041822604
0.762917933130699110755301717290
0.764437689969604927675561611977
0.765957446808510633573519044148
0.767477203647416450493778938835
0.768996960486322156391736371006
0.770516717325228084334298728209
0.772036474164133790232256160380
0.773556231003039496130213592551
0.775075987841945313050473487237
0.776595744680851129970733381924
0.778115501519756835868690814095
0.779635258358662652788950708782
0.781155015197568469709210603469
0.782674772036474286629470498156
0.784194528875379992527427930327
0.785714285714285698425385362498
0.787234042553191626367947719700
0.788753799392097332265905151871
0.790273556231003038163862584042
0.791793313069908855084122478729
0.793313069908814672004382373416
0.794832826747720488924642268103
0.796352583586626194822599700274
0.797872340425531900720557132445
0.799392097264437828663119489647
0.800911854103343534561076921818
0.802431610942249240459034353989
0.803951367781155057379294248676
0.805471124620060874299554143363
0.806990881458966580197511575534
0.808510638297872397117771470221
0.810030395136778103015728902392
0.811550151975684030958291259594
0.813069908814589736856248691765
0.814589665653495442754206123936
0.816109422492401259674466018623
0.817629179331307076594725913310
0.819148936170212782492683345481
0.820668693009118599412943240168
0.822188449848024305310900672339
0.823708206686930233253463029541
0.825227963525835939151420461712
0.826747720364741645049377893884
0.828267477203647350947335326055
0.829787234042553278889897683257
0.831306990881458984787855115428
0.832826747720364801708115010115
0.834346504559270507606072442286
0.835866261398176324526332336973
0.837386018237082141446592231659
0.838905775075987847344549663831
0.840425531914893553242507096002
0.841945288753799481185069453204
0.843465045592705187083026885375
0.844984802431611004003286780062
0.846504559270516820923546674749
0.848024316109422526821504106920
0.849544072948328343741764001606
0.851063829787234049639721433778
0.852583586626139977582283790980
0.854103343465045683480241223151
0.855623100303951389378198655322
0.857142857142857206298458550009
0.858662613981763023218718444696
0.860182370820668729116675876867
0.861702127659574546036935771554
0.863221884498480251934893203725
0.864741641337386179877455560927
0.866261398176291885775412993098
0.867781155015197591673370425269
0.869300911854103297571327857440
0.870820668693009225513890214643
0.872340425531914931411847646814
0.873860182370820748332107541501
0.875379939209726454230064973672
0.876899696048632271150324868358
0.878419452887538088070584763045
0.879939209726443793968542195216
0.881458966565349499866499627387
0.882978723404255427809061984590
0.884498480243161133707019416761
0.886018237082066950627279311448
0.887537993920972656525236743619
0.889057750759878473445496638305
0.890577507598784290365756532992
0.892097264437689996263713965163
0.893617021276595702161671397334
0.895136778115501630104233754537
0.896656534954407336002191186708
0.898176291793313041900148618879
0.899696048632218858820408513566
0.901215805471124675740668408253
0.902735562310030492660928302939
0.904255319148936198558885735110
0.905775075987841904456843167281
0.907294832826747832399405524484
0.908814589665653538297362956655
0.910334346504559244195320388826
0.911854103343465172137882746028
0.913373860182370878035840178200
0.914893617021276694956100072886
0.916413373860182400854057505057
0.917933130699088217774317399744
0.919452887537994034694577294431
0.920972644376899740592534726602
0.922492401215805446490492158773
0.924012158054711374433054515976
0.925531914893617080331011948147
0.927051671732522786228969380318
0.928571428571428603149229275004
0.930091185410334420069489169691
0.931610942249240236989749064378
0.933130699088145942887706496549
0.934650455927051648785663928720
0.936170212765957576728226285923
0.937689969604863282626183718094
0.939209726443768988524141150265
0.940729483282674805444401044952
0.942249240121580622364660939638
0.943768996960486439284920834325
0.945288753799392145182878266496
0.946808510638297851080835698667
0.948328267477203779023398055870
0.949848024316109484921355488041
0.951367781155015190819312920212
0.952887537993921007739572814899
0.954407294832826824659832709585
0.955927051671732641580092604272
0.957446808510638347478050036443
0.958966565349544053376007468614
0.960486322188449981318569825817
0.962006079027355687216527257988
0.963525835866261393114484690159
0.965045592705167210034744584846
0.966565349544073026955004479532
0.968085106382978732852961911703
0.969604863221884549773221806390
0.971124620060790255671179238561
0.972644376899696183613741595764
0.974164133738601889511699027935
0.975683890577507595409656460106
0.977203647416413523352218817308
0.978723404255319229250176249479
0.980243161094224935148133681651
0.981762917933130752068393576337
0.983282674772036568988653471024
0.984802431610942385908913365711
0.986322188449848091806870797882
0.987841945288753797704828230053
0.989361702127659725647390587255
0.990881458966565431545348019426
0.992401215805471137443305451598
0.993920972644376954363565346284
0.995440729483282771283825240971
0.996960486322188477181782673142
0.998480243161094294102042567829
0.000068349200594497425717381567
0.000159097898960521797482106643
0.000249966521006411853365880571
0.000340824092723629923275957543
0.000431653025596725851975588029
0.000522443421266099083596912145
0.000613186591242285104763620751
0.000703874138589774263168041823
0.000794497759862821772806895648
0.000885049189895570896126353322
0.000975520183648415930253994244
0.001065902509649862758833727128
0.001156187947609191779205217721
0.001246368287703176255115655735
0.001336435330592607292551909914
0.001426380887783066341023552326
0.001516196782156027699287048627
0.001605874848589127542458632192
0.001695406934624584969692473457
0.001784784901165310973258915084
0.001874000623185447704857620188
0.001963045990450433108537309224
0.002051912908241928200359094348
0.002140593298084997753855107661
0.002229079098476583788157601163
0.002317362265614460875573499266
0.002405434774125431423436038969
0.002493288617792583771598513565
0.002580915810281798287301180395
0.002668308385866444143452724802
0.002755458400150712604259606309
0.002842357930791161810951672706
0.002928999078216234543126095247
0.003015373966344108910830890125
0.003101474743298559752502363551
0.003187293582122086108704417384
0.003272822681487581961828903232
0.003358054266407149886231042757
0.003442980588938909791707487784
0.003527593928891204714398677211
0.003611886594524249191606735110
0.003695850923249295681000115010
0.003779479282325232721712060524
0.003862764069552338582619332996
0.003945697713963320502061904449
0.004028272676511475587635136009
0.004110481450756124296996851797
0.004192316563544919681694178593
0.004273770575692983388071954920
0.004354836082659427863583712082
0.004435505715220347533467304402
0.004515772140138636300821239900
0.004595628060830642645784305245
0.004675066218029436809766608008
0.004754079390444925119763031063
0.004832660395419764547131347143
0.004910802089583021258489825556
0.004988497369498851377600523449
0.005065739172312636907913319106
0.005142520476392842092294710454
0.005218834301969601553727873267
0.005294673711768683663225765201
0.005370031811642600287626247990
0.005444901751197103040302849308
0.005519276724414035745214235362
0.005593149970269751213025610781
0.005666514773350146173813701722
0.005739364464460659440159240319
0.005811692421232912512951696016
0.005883492068726492094099533858
0.005954756880026878043676852315
0.006025480376838254770177627506
0.006095656130073085626763784717
0.006165277760436041649960703381
0.006234338939004178958835922231
0.006302833387802074180394917846
0.006370754880372768783058923248
0.006438097242343527454311313818
0.006504854351987243189781029429
0.006571020140778966941996763751
0.006636588593947357998803493473
0.006701553751021830512835109062
0.006765909706373904319853807010
0.006829650609754601454925992954
0.006892770666825635828001139771
0.006955264139686766558523522974
0.007017125347397011256300736193
0.007078348666491051516258536935
0.007138928531490700522821324370
0.007198859435410598361926304278
0.007258135930258987657259783788
0.007316752627532702168977607471
0.007374704198707331126438901947
0.007431985375721394428139010557
0.007488590951455411683090890307
0.007544515780204891913784948088
0.007599754778148491186906543504
0.007654302923810078762567599142
0.007708155258514995389340640486
0.007761306886840966048901613306
0.007813752977063263827073313905
0.007865488761593680822059582169
0.007916509537413986968834578306
0.007966810666503515089842402119
0.008016387576260929417881762049
0.008065235759919492375402683138
0.008113350776957040447201485733
0.008160728253499741069454387343
0.008207363882719422368272610413
0.008253253425225105452400775619
0.008298392709448775689251576182
0.008342777632024053757753279115
0.008386404158159561916807689386
0.008429268322005651487005550848
0.008471366227014706651310405050
0.008512694046295805200275097491
0.008553248022962069152530517613
0.008593024470472490281003352663
0.008632019772967149812137321874
0.008670230385595559946532162598
0.008707652834839232219854565642
0.008744283718827291357333919564
0.008780119707645719223654268148
0.008815157543640138662621730248
0.008849394041711759056889619046
0.008882826089607274641646306179
0.008915450648201404121317992235
0.008947264751773334467976894757
0.008978265508276345521765371416
0.009008450099600573759972554910
0.009037815781829444325423672524
0.009066359885488801603758979297
0.009094079815789760101729655162
0.009120973052864571328779419446
0.009147037151995669745918604576
0.009172269743837764208183038761
0.009196668534633550828871761951
0.009220231306421954389773709693
0.009242955917239809027208252701
0.009264840301316593085267925289
0.009285882469262245891838958300
0.009306080508248004007354481359
0.009325432582180206639299591131
0.009343936931867290532349734633
0.009361591875179700247833203264
0.009378395807202764139498540885
0.009394347200382633170101520648
0.009409444604665103892293664956
0.009423686647627448759179102922
0.009437072034603071618574787749
0.009449599548799553910827242476
0.009461268051408785323408423551
0.009472076481710755765930365158
0.009482023857170117017711952201
0.009491109273525038733665404322
0.009499331904869923529077802016
0.009506691003730180500319590919
0.009513185901130143118376025768
0.009518816006654277211973536055
0.009523580808500194117005577255
0.009527479873525823012014868141
0.009530512847288407501933349408
0.009532679454076806169204871821
0.009533979496936599226653008543
0.009534412857688044640180891065
0.009533979496936599226653008543
0.009532679454076806169204871821
0.009530512847288407501933349408
0.009527479873525823012014868141
0.009523580808500194117005577255
0.009518816006654277211973536055
0.009513185901130143118376025768
0.009506691003730180500319590919
0.009499331904869923529077802016
0.009491109273525038733665404322
0.009482023857170117017711952201
0.009472076481710755765930365158
0.009461268051408785323408423551
0.009449599548799553910827242476
0.009437072034603071618574787749
0.009423686647627448759179102922
0.009409444604665103892293664956
0.009394347200382633170101520648
0.009378395807202764139498540885
0.009361591875179700247833203264
0.009343936931867290532349734633
0.009325432582180206639299591131
0.009306080508248004007354481359
0.009285882469262245891838958300
0.009264840301316593085267925289
0.009242955917239809027208252701
0.009220231306421954389773709693
0.009196668534633550828871761951
0.009172269743837764208183038761
0.009147037151995669745918604576
0.009120973052864571328779419446
0.009094079815789760101729655162
0.009066359885488801603758979297
0.009037815781829444325423672524
0.009008450099600573759972554910
0.008978265508276345521765371416
0.008947264751773334467976894757
0.008915450648201404121317992235
0.008882826089607274641646306179
0.008849394041711759056889619046
0.008815157543640138662621730248
0.008780119707645719223654268148
0.008744283718827291357333919564
0.008707652834839232219854565642
0.008670230385595559946532162598
0.008632019772967149812137321874
0.008593024470472490281003352663
0.008553248022962069152530517613
0.008512694046295805200275097491
0.008471366227014706651310405050
0.008429268322005651487005550848
0.008386404158159561916807689386
0.008342777632024053757753279115
0.008298392709448775689251576182
0.008253253425225105452400775619
0.008207363882719422368272610413
0.008160728253499741069454387343
0.008113350776957040447201485733
0.008065235759919492375402683138
0.008016387576260929417881762049
0.007966810666503515089842402119
0.007916509537413986968834578306
0.007865488761593680822059582169
0.007813752977063263827073313905
0.007761306886840966048901613306
0.007708155258514995389340640486
0.007654302923810078762567599142
0.007599754778148491186906543504
0.007544515780204891913784948088
0.007488590951455411683090890307
0.007431985375721394428139010557
0.007374704198707331126438901947
0.007316752627532702168977607471
0.007258135930258987657259783788
0.007198859435410598361926304278
0.007138928531490700522821324370
0.007078348666491051516258536935
0.007017125347397011256300736193
0.006955264139686766558523522974
0.006892770666825635828001139771
0.006829650609754601454925992954
0.006765909706373904319853807010
0.006701553751021830512835109062
0.006636588593947357998803493473
0.006571020140778966941996763751
0.006504854351987243189781029429
0.006438097242343527454311313818
0.006370754880372768783058923248
0.006302833387802074180394917846
0.006234338939004178958835922231
0.006165277760436041649960703381
0.006095656130073085626763784717
0.006025480376838254770177627506
0.005954756880026878043676852315
0.005883492068726492094099533858
0.005811692421232912512951696016
0.005739364464460659440159240319
0.005666514773350146173813701722
0.005593149970269751213025610781
0.005519276724414035745214235362
0.005444901751197103040302849308
0.005370031811642600287626247990
0.005294673711768683663225765201
0.005218834301969601553727873267
0.005142520476392842092294710454
0.005065739172312636907913319106
0.004988497369498851377600523449
0.004910802089583021258489825556
0.004832660395419764547131347143
0.004754079390444925119763031063
0.004675066218029436809766608008
0.004595628060830642645784305245
0.004515772140138636300821239900
0.004435505715220347533467304402
0.004354836082659427863583712082
0.004273770575692983388071954920
0.004192316563544919681694178593
0.004110481450756124296996851797
0.004028272676511475587635136009
0.003945697713963320502061904449
0.003862764069552338582619332996
0.003779479282325232721712060524
0.003695850923249295681000115010
0.003611886594524249191606735110
0.003527593928891204714398677211
0.003442980588938909791707487784
0.003358054266407149886231042757
0.003272822681487581961828903232
0.003187293582122086108704417384
0.003101474743298559752502363551
0.003015373966344108910830890125
0.002928999078216234543126095247
0.002842357930791161810951672706
0.002755458400150712604259606309
0.002668308385866444143452724802
0.002580915810281798287301180395
0.002493288617792583771598513565
0.002405434774125431423436038969
0.002317362265614460875573499266
0.002229079098476583788157601163
0.002140593298084997753855107661
0.002051912908241928200359094348
0.001963045990450433108537309224
0.001874000623185447704857620188
0.001784784901165310973258915084
0.001695406934624584969692473457
0.001605874848589127542458632192
0.001516196782156027699287048627
0.001426380887783066341023552326
0.001336435330592607292551909914
0.001246368287703176255115655735
0.001156187947609191779205217721
0.001065902509649862758833727128
0.000975520183648415930253994244
0.000885049189895570896126353322
0.000794497759862821772806895648
0.000703874138589774263168041823
0.000613186591242285104763620751
0.000522443421266099083596912145
0.000431653025596725851975588029
0.000340824092723629923275957543
0.000249966521006411853365880571
0.000159097898960521797482106643
0.000068349200594497425717381567
