0.001190481245701196545694333651
0.002732651207916800099873011476
0.004283928517218336083638430267
0.005837263564624217693221908121
0.007391379160619162072554111376
0.008945872465903184633795319769
0.010500576856727526775525660696
0.012055411065743391885174418121
0.013610330767931342124676952210
0.015165309743394856170639606319
0.016720331494281922418698727029
0.018275385122890269035123012031
0.019830463142195275949575261620
0.021385560238781940040064810660
0.022940672537638134159676539525
0.024495797146385705350679629078
0.026050931862439993813573835268
0.027606074978986382822965239825
0.029161225152944534461108005985
0.030716381312991827834402158715
0.032271542594146621074635561399
0.033826708290378225407746271003
0.035381877819702506338117586893
0.036937050698087892097731810281
0.038492226519679678675700529311
0.040047404941631441210869724046
0.041602585672333977639958391137
0.043157768462188640656851390531
0.044712953096305567413093484674
0.046268139388672122058743241269
0.047823327177460323023083788030
0.049378516321219471929548916478
0.050933706695766203798036997341
0.052488898191627490763533359086
0.054044090711924855363612607562
0.055599284170613147426642797200
0.057154478491007319751471271729
0.058709673604542891856006292528
0.060264869449728308836711221375
0.061820065971255826198227367740
0.063375263119242422615862153634
0.064930460848580728860923727552
0.066485659118380197041275891934
0.068040857891485770347905770450
0.069596057134059682858229223257
0.071151256815219832141394817882
0.072706456906723393451841275237
0.074261657382690401951741421271
0.075816858219361224491272821524
0.077372059394884104555067949605
0.078927260889126368836876679325
0.080482462683509128908987406703
0.082037664760859316248620132228
0.083592867105279397565986698737
0.085148069702030565464312417134
0.086703272537428974220397037698
0.088258475598752522683909660373
0.089813678874158059395327313723
0.091368882352605831909109213029
0.092924086023792928923370482153
0.094479289878092218013527769926
0.096034493906497694903912076825
0.097589698100575050787597319868
0.099144902452416361349207818421
0.100700106954600257513909866702
0.102255311600154080720059823761
0.103810516382520506839526319709
0.105365721295527167700178949872
0.106920926333358035087428561383
0.108476131490528454603960994973
0.110031336761861248119132028478
0.111586542142465383609106766016
0.113141747627716268698172541463
0.114696953213237862190254645611
0.116252158894885548878761483138
0.117807364668731165413539940801
0.119362570531048969857401687023
0.120917776478302180231949591871
0.122472982507131192275728892582
0.124028188614342463336193134182
0.125583394796898062395484885201
0.127138601051906108274636153510
0.128693807376612151527339733548
0.130249013768390459189205898838
0.131804220224736728939163299401
0.133359426743260928160950129495
0.134914633321680632604966376675
0.136469839957814670361457842773
0.138025046649577709523271096259
0.139580253394974512781701037056
0.141135460192095135711909392739
0.142690667039110236080645677248
0.144245873934266605198573074631
0.145801080875882949072774863453
0.147356287862346307937500000662
0.148911494892108170473576933546
0.150466701963681337428369033660
0.152021909075636396657671411958
0.153577116226599141857178665305
0.155132323415247436182440310404
0.156687530640308575469177299055
0.158242737900557067787232767841
0.159797945194812024416464169008
0.161353152521935050422996482666
0.162908359880827996457597350854
0.164463567270431321176715755428
0.166018774689721870796432767747
0.167573982137711186002348995316
0.169129189613444225193106262850
0.170684397115997116278762746333
0.172239604644476185235646426008
0.173794812198016401794120611157
0.175350019775779936148651927397
0.176905227376954882201331997749
0.178460435000754258361155279999
0.180015642646414592009662669625
0.181570850313195003566946184037
0.183126058000376151779775568684
0.184681265707259151254149287524
0.186236473433164573254572360383
0.187791681177431862836968434749
0.189346888939418062092201466839
0.190902096718497338301290255913
0.192457304514060123512564359771
0.194012512325512059829790700860
0.195567720152273749611993025610
0.197122927993779784028305357424
0.198678135849478187946459684099
0.200233343718829698287819951474
0.201788551601307292182596597740
0.203343759496395631858334240860
0.204898967403590176461491978444
0.206454175322397126546292156490
0.208009383252332591407451900523
0.209564591192922200502124496779
0.211119799143700714871840773412
0.212675007104211194475240631618
0.214230215074005136965951123784
0.215785423052641561758591137732
0.217340631039686843495317702946
0.218895839034714184689889293622
0.220451047037303393683060903641
0.222006255047040190753193655837
0.223561463063516291382981648894
0.225116671086328573592183488472
0.226671879115079188959924749724
0.228227087149374785468580739689
0.229782295188826590770503344174
0.231337503233049635031903790150
0.232892711281662917466306339520
0.234447919334288740200733514030
0.236003127390552513986676785862
0.237558335450082536155491652607
0.239113543512509629795914634087
0.240668751577466810687155884807
0.242223959644588954231991806409
0.243779167713512795456765047675
0.245334375783876318388720960684
0.246889583855318617278129522674
0.248444791927479702309256026638
0.250000000000000000000000000000
0.251555208072520297690743973362
0.253110416144681382721870477326
0.254665624216123709366854654945
0.256220832286487232298810567954
0.257776040355411073523583809219
0.259331248422533244823995346451
0.260886456487490425715236597171
0.262441664549917463844508347393
0.263996872609447541524474445396
0.265552080665711287554842101599
0.267107288718337110289269276109
0.268662496766950364968096209850
0.270217704811173464740647887083
0.271772912850625214531419260311
0.273328120884920811040075250276
0.274883328913671454163392127157
0.276438536936483791883745197993
0.277993744952959809246806344163
0.279548952962696661828090327617
0.281104160965285843065686322007
0.282659368960313184260257912683
0.284214576947358465996984477897
0.285769784925994863034048876216
0.287324992895788833280334984011
0.288880200856299340639310457846
0.290435408807077799497875503221
0.291990616747667408592548099477
0.293545824677602928964859074767
0.295101032596409851294083637185
0.296656240503604395897241374769
0.298211448398692735572979017888
0.299766656281170329467755664155
0.301321864150521812053540315901
0.302877072006220271482845873834
0.304432279847726250388006974390
0.305987487674487967925784914769
0.307542695485939931998586871487
0.309097903281502661698709744087
0.310653111060581965663374148789
0.312208318822568164918607180880
0.313763526566835426745427639617
0.315318734292740876501426328105
0.316873941999623875975800046945
0.318429149686805024188629431592
0.319984357353585380234761714746
0.321539564999245797149995951258
0.323094772623045201065394849138
0.324649980224220091606923688232
0.326205187801983598205879388843
0.327760395355523814764353573992
0.329315602884002911476812869296
0.330870810386555802562469352779
0.332426017862288813997651004684
0.333981225310278129203567232253
0.335536432729568734334435475830
0.337091640119171975786827033517
0.338646847478065005088154748591
0.340202054805187947827960215363
0.341757262099443015479494079045
0.343312469359691507797549547831
0.344867676584752591573135305225
0.346422883773400913653972565953
0.347978090924363658853479819300
0.349533298036318718082782197598
0.351088505107891801770847450825
0.352643712137653775329226846225
0.354198919124117050927225136547
0.355754126065733367045851309740
0.357309332960889736163778707123
0.358864539807904892043666222889
0.360419746605025514973874578573
0.361974953350422345987880134999
0.363530160042185301882966541598
0.365085366678319422906184854583
0.366640573256739099594625486134
0.368195779775263298816412316228
0.369750986231609624077520948049
0.371306192623387876228235882081
0.372861398948093891725363846490
0.374416605203101993115666346057
0.375971811385657606052745904890
0.377527017492868821602058915232
0.379082223521697847523626023758
0.380637429468951016264810505163
0.382192635331268903975399098272
0.383747841105114506632389748120
0.385303046786762137809745354389
0.386858252372283772935190881981
0.388413457857534616390893233984
0.389968663238138835147594818409
0.391523868509471573151614620656
0.393079073666642020423722669875
0.394634278704472873933184473572
0.396189483617479576427200527178
0.397744688399845947035515791868
0.399299893045399811875029172370
0.400855097547583638650792181579
0.402410301899425004723553911390
0.403965506093502346729451346619
0.405520710121907879130986884775
0.407075913976207126587780749105
0.408631117647394237479829826043
0.410186321125841968360248301906
0.411741524401247505071665955256
0.413296727462571067412966385746
0.414851930297969462291263198495
0.416407132894720588556225493448
0.417962335239140725384743291215
0.419517537316490940479951632369
0.421072739110873672796486744119
0.422627940605115937078295473839
0.424183141780638761630939370662
0.425738342617309584170470770914
0.427293543093276606548158724763
0.428848743184780167858605182118
0.430403942865940358775134200187
0.431959142108514215774306421736
0.433514340881619830714299723695
0.435069539151419326650227503706
0.436624736880757591261925654180
0.438179934028744222374029959610
0.439735130550271746674440009883
0.441290326395457122021781515286
0.442845521508992701065210439992
0.444400715829386894206720626244
0.445955909288075214025326431511
0.447511101808372502297572737007
0.449066293304233810079750810473
0.450621483678780576642708410873
0.452176672822539704732491827599
0.453731860611327919574620182175
0.455287046903694481159163842676
0.456842231537811394037618129005
0.458397414327666008482253801049
0.459952595058368551850236372047
0.461507773480320349079875086318
0.463062949301912163413419420976
0.464618122180297521417458028736
0.466173291709621795408935440719
0.467728457405853448314303477673
0.469283618687008186043385649100
0.470838774847055496763914561598
0.472393925021013627585375616036
0.473949068137560047819789588175
0.475504202853614332813236842412
0.477059327462361904004239931965
0.478614439761218091184957756923
0.480169536857804779561575969637
0.481724614877109769128793459458
0.483279668505718129623005552276
0.484834690256605194136341197009
0.486389669232068666548940427674
0.487944588934256684442658524858
0.489499423143272494041156051026
0.491054127534096829243992488045
0.492608620839380895173320595859
0.494162736435375837817929323137
0.495716071482781683865681543466
0.497267348792083230257787818118
0.498809518754298852893924731688
0.000000000000000000000000000000
0.001557632398753894037088385538
0.003115264797507788074176771076
0.004672897196261681894424722117
0.006230529595015576148353542152
0.007788161993769470402282362187
0.009345794392523363788849444234
0.010903426791277259777501740245
0.012461059190031152296707084304
0.014018691588785046550635904339
0.015576323987538940804564724374
0.017133956386292833323770068432
0.018691588785046727577698888467
0.020249221183800621831627708502
0.021806853582554519555003480491
0.023364485981308410339485348572
0.024922118380062304593414168608
0.026479750778816198847342988643
0.028037383177570093101271808678
0.029595015576323990824647580666
0.031152647975077881609129448748
0.032710280373831779332505220736
0.034267912772585666647540136864
0.035825545171339560901468956899
0.037383177570093455155397776934
0.038940809968847356348220500877
0.040498442367601243663255417005
0.042056074766355144856078140947
0.043613707165109039110006960982
0.045171339563862933363935781017
0.046728971962616820678970697145
0.048286604361370714932899517180
0.049844236760124609186828337215
0.051401869158878503440757157250
0.052959501557632397694685977285
0.054517133956386291948614797320
0.056074766355140186202543617355
0.057632398753894073517578533483
0.059190031152647981649295161333
0.060747663551401868964330077461
0.062305295950155763218258897496
0.063862928348909664411081621438
0.065420560747663558665010441473
0.066978193146417439041151453694
0.068535825545171333295080273729
0.070093457943925227549009093764
0.071651090342679121802937913799
0.073208722741433016056866733834
0.074766355140186910310795553869
0.076323987538940818442512181718
0.077881619937694712696441001754
0.079439252336448593072582013974
0.080996884735202487326510834009
0.082554517133956381580439654044
0.084112149532710289712156281894
0.085669781931464183966085101929
0.087227414330218078220013921964
0.088785046728971972473942741999
0.090342679127725866727871562034
0.091900311526479760981800382069
0.093457943925233641357941394290
0.095015576323987535611870214325
0.096573208722741429865799034360
0.098130841121495324119727854395
0.099688473520249218373656674430
0.101246105919003112627585494465
0.102803738317757006881514314500
0.104361370716510901135443134535
0.105919003115264795389371954570
0.107476635514018689643300774605
0.109034267912772583897229594641
0.110591900311526478151158414676
0.112149532710280372405087234711
0.113707165109034266659016054746
0.115264797507788147035157066966
0.116822429906542069044661502630
0.118380062305295963298590322665
0.119937694704049857552519142700
0.121495327102803737928660154921
0.123052959501557632182588974956
0.124610591900311526436517794991
0.126168224299065434568234422841
0.127725856697819328822163242876
0.129283489096573223076092062911
0.130841121495327117330020882946
0.132398753894080983828374087352
0.133956386292834878082302907387
0.135514018691588772336231727422
0.137071651090342666590160547457
0.138629283489096560844089367492
0.140186915887850455098018187527
0.141744548286604349351947007563
0.143302180685358243605875827598
0.144859813084112137859804647633
0.146417445482866032113733467668
0.147975077881619926367662287703
0.149532710280373820621591107738
0.151090342679127742631095543402
0.152647975077881636885024363437
0.154205607476635531138953183472
0.155763239875389425392882003507
0.157320872274143291891235207913
0.158878504672897186145164027948
0.160436137071651080399092847983
0.161993769470404974653021668018
0.163551401869158868906950488054
0.165109034267912763160879308089
0.166666666666666685170383743753
0.168224299065420579424312563788
0.169781931464174473678241383823
0.171339563862928367932170203858
0.172897196261682262186099023893
0.174454828660436156440027843928
0.176012461059190050693956663963
0.177570093457943944947885483998
0.179127725856697839201814304033
0.180685358255451733455743124068
0.182242990654205627709671944103
0.183800623052959521963600764138
0.185358255451713416217529584173
0.186915887850467282715882788580
0.188473520249221176969811608615
0.190031152647975071223740428650
0.191588785046728965477669248685
0.193146417445482859731598068720
0.194704049844236753985526888755
0.196261682242990648239455708790
0.197819314641744542493384528825
0.199376947040498436747313348860
0.200934579439252331001242168895
0.202492211838006225255170988930
0.204049844236760119509099808965
0.205607476635514013763028629000
0.207165109034267908016957449036
0.208722741433021802270886269071
0.210280373831775696524815089106
0.211838006230529590778743909141
0.213395638629283485032672729176
0.214953271028037379286601549211
0.216510903426791273540530369246
0.218068535825545167794459189281
0.219626168224299062048388009316
0.221183800623052956302316829351
0.222741433021806850556245649386
0.224299065420560744810174469421
0.225856697819314639064103289456
0.227414330218068533318032109491
0.228971962616822427571960929527
0.230529595015576294070314133933
0.232087227414330188324242953968
0.233644859813084138089323005261
0.235202492211838032343251825296
0.236760124610591926597180645331
0.238317757009345820851109465366
0.239875389408099715105038285401
0.241433021806853581603391489807
0.242990654205607475857320309842
0.244548286604361370111249129877
0.246105919003115264365177949912
0.247663551401869158619106769947
0.249221183800623052873035589982
0.250778816199376974882540025646
0.252336448598130869136468845682
0.253894080996884763390397665717
0.255451713395638657644326485752
0.257009345794392551898255305787
0.258566978193146446152184125822
0.260124610591900340406112945857
0.261682242990654234660041765892
0.263239875389408073402819354669
0.264797507788161967656748174704
0.266355140186915861910676994739
0.267912772585669756164605814774
0.269470404984423650418534634809
0.271028037383177544672463454845
0.272585669781931438926392274880
0.274143302180685333180321094915
0.275700934579439227434249914950
0.277258566978193121688178734985
0.278816199376947015942107555020
0.280373831775700910196036375055
0.281931464174454804449965195090
0.283489096573208698703894015125
0.285046728971962592957822835160
0.286604361370716487211751655195
0.288161993769470381465680475230
0.289719626168224275719609295265
0.291277258566978169973538115300
0.292834890965732064227466935336
0.294392523364485958481395755371
0.295950155763239852735324575406
0.297507788161993746989253395441
0.299065420560747641243182215476
0.300623052959501591008262266769
0.302180685358255485262191086804
0.303738317757009379516119906839
0.305295950155763273770048726874
0.306853582554517168023977546909
0.308411214953271062277906366944
0.309968847352024956531835186979
0.311526479750778850785764007014
0.313084112149532745039692827049
0.314641744548286583782470415827
0.316199376947040533547550467119
0.317757009345794372290328055897
0.319314641744548266544256875932
0.320872274143302160798185695967
0.322429906542056055052114516002
0.323987538940809949306043336037
0.325545171339563843559972156072
0.327102803738317737813900976107
0.328660436137071632067829796142
0.330218068535825526321758616177
0.331775700934579420575687436212
0.333333333333333370340767487505
0.334890965732087209083545076282
0.336448598130841158848625127575
0.338006230529594997591402716353
0.339563862928348947356482767646
0.341121495327102786099260356423
0.342679127725856735864340407716
0.344236760124610574607117996493
0.345794392523364524372198047786
0.347352024922118363114975636563
0.348909657320872312880055687856
0.350467289719626151622833276633
0.352024922118380101387913327926
0.353582554517133940130690916703
0.355140186915887889895770967996
0.356697819314641728638548556773
0.358255451713395678403628608066
0.359813084112149517146406196844
0.361370716510903466911486248136
0.362928348909657305654263836914
0.364485981308411255419343888207
0.366043613707165094162121476984
0.367601246105919043927201528277
0.369158878504672882669979117054
0.370716510903426832435059168347
0.372274143302180671177836757124
0.373831775700934565431765577159
0.375389408099688459685694397194
0.376947040498442353939623217229
0.378504672897196248193552037264
0.380062305295950142447480857300
0.381619937694704036701409677335
0.383177570093457930955338497370
0.384735202492211825209267317405
0.386292834890965719463196137440
0.387850467289719613717124957475
0.389408099688473507971053777510
0.390965732087227402224982597545
0.392523364485981296478911417580
0.394080996884735190732840237615
0.395638629283489084986769057650
0.397196261682242979240697877685
0.398753894080996873494626697720
0.400311526479750823259706749013
0.401869158878504662002484337791
0.403426791277258611767564389083
0.404984423676012450510341977861
0.406542056074766400275422029154
0.408099688473520239018199617931
0.409657320872274188783279669224
0.411214953271028027526057258001
0.412772585669781977291137309294
0.414330218068535816033914898071
0.415887850467289765798994949364
0.417445482866043604541772538141
0.419003115264797554306852589434
0.420560747663551393049630178211
0.422118380062305342814710229504
0.423676012461059181557487818282
0.425233644859813131322567869574
0.426791277258566970065345458352
0.428348909657320864319274278387
0.429906542056074758573203098422
0.431464174454828652827131918457
0.433021806853582547081060738492
0.434579439252336441334989558527
0.436137071651090335588918378562
0.437694704049844229842847198597
0.439252336448598124096776018632
0.440809968847352018350704838667
0.442367601246105912604633658702
0.443925233644859806858562478737
0.445482866043613701112491298773
0.447040498442367595366420118808
0.448598130841121489620348938843
0.450155763239875383874277758878
0.451713395638629278128206578913
0.453271028037383172382135398948
0.454828660436137066636064218983
0.456386292834890960889993039018
0.457943925233644855143921859053
0.459501557632398749397850679088
0.461059190031152588140628267865
0.462616822429906537905708319158
0.464174454828660376648485907936
0.465732087227414326413565959228
0.467289719626168276178646010521
0.468847352024922114921423599299
0.470404984423676064686503650591
0.471962616822429903429281239369
0.473520249221183853194361290662
0.475077881619937691937138879439
0.476635514018691641702218930732
0.478193146417445480444996519509
0.479750778816199430210076570802
0.481308411214953268952854159579
0.482866043613707163206782979614
0.484423676012461057460711799649
0.485981308411214951714640619684
0.487538940809968845968569439719
0.489096573208722740222498259755
0.490654205607476634476427079790
0.492211838006230528730355899825
0.493769470404984422984284719860
0.495327102803738317238213539895
0.496884735202492211492142359930
0.498442367601246105746071179965
0.500000000000000000000000000000
0.501557632398753949765080051293
0.503115264797507788507857640070
0.504672897196261738272937691363
0.506230529595015577015715280140
0.507788161993769526780795331433
0.509345794392523365523572920210
0.510903426791277315288652971503
0.512461059190031154031430560281
0.514018691588785103796510611573
0.515576323987538942539288200351
0.517133956386292892304368251644
0.518691588785046731047145840421
0.520249221183800680812225891714
0.521806853582554519555003480491
0.523364485981308469320083531784
0.524922118380062308062861120561
0.526479750778816146805638709338
0.528037383177570096570718760631
0.529595015576323935313496349409
0.531152647975077885078576400701
0.532710280373831723821353989479
0.534267912772585673586434040772
0.535825545171339512329211629549
0.537383177570093462094291680842
0.538940809968847300837069269619
0.540498442367601250602149320912
0.542056074766355089344926909689
0.543613707165109039110006960982
0.545171339563862877852784549759
0.546728971962616827617864601052
0.548286604361370666360642189829
0.549844236760124616125722241122
0.551401869158878454868499829900
0.552959501557632404633579881192
0.554517133956386243376357469970
0.556074766355140193141437521263
0.557632398753894031884215110040
0.559190031152647981649295161333
0.560747663551401820392072750110
0.562305295950155770157152801403
0.563862928348909608899930390180
0.565420560747663558665010441473
0.566978193146417397407788030250
0.568535825545171347172868081543
0.570093457943925185915645670320
0.571651090342679135680725721613
0.573208722741432974423503310391
0.574766355140186924188583361683
0.576323987538940762931360950461
0.577881619937694712696441001754
0.579439252336448551439218590531
0.580996884735202501204298641824
0.582554517133956339947076230601
0.584112149532710289712156281894
0.585669781931464128454933870671
0.587227414330218078220013921964
0.588785046728971916962791510741
0.590342679127725866727871562034
0.591900311526479705470649150811
0.593457943925233655235729202104
0.595015576323987493978506790882
0.596573208722741443743586842174
0.598130841121495282486364430952
0.599688473520249232251444482245
0.601246105919003182016524533537
0.602803738317757020759302122315
0.604361370716510970524382173608
0.605919003115264809267159762385
0.607476635514018759032239813678
0.609034267912772597775017402455
0.610591900311526547540097453748
0.612149532710280386282875042525
0.613707165109034336047955093818
0.615264797507788174790732682595
0.616822429906542124555812733888
0.618380062305295963298590322665
0.619937694704049913063670373958
0.621495327102803751806447962736
0.623052959501557701571528014028
0.624610591900311540314305602806
0.626168224299065490079385654099
0.627725856697819328822163242876
0.629283489096573167564940831653
0.630841121495327117330020882946
0.632398753894081067095100934239
0.633956386292834905837878523016
0.635514018691588744580656111793
0.637071651090342694345736163086
0.638629283489096533088513751864
0.640186915887850482853593803156
0.641744548286604321596371391934
0.643302180685358271361451443227
0.644859813084112110104229032004
0.646417445482866059869309083297
0.647975077881619898612086672074
0.649532710280373848377166723367
0.651090342679127687119944312144
0.652647975077881636885024363437
0.654205607476635475627801952214
0.655763239875389425392882003507
0.657320872274143264135659592284
0.658878504672897213900739643577
0.660436137071651052643517232354
0.661993769470405002408597283647
0.663551401869158841151374872425
0.665109034267912790916454923718
0.666666666666666740681534975010
0.668224299065420579424312563788
0.669781931464174418167090152565
0.671339563862928256909867741342
0.672897196261682317697250255151
0.674454828660436156440027843928
0.676012461059189995182805432705
0.677570093457943833925583021482
0.679127725856697894712965535291
0.680685358255451733455743124068
0.682242990654205572198520712845
0.683800623052959410941298301623
0.685358255451713471728680815431
0.686915887850467310471458404209
0.688473520249221149214235992986
0.690031152647974987957013581763
0.691588785046729048744396095572
0.693146417445482887487173684349
0.694704049844236726229951273126
0.696261682242990564972728861903
0.697819314641744625760111375712
0.699376947040498464502888964489
0.700934579439252303245666553266
0.702492211838006141988444142044
0.704049844236760202775826655852
0.705607476635514041518604244629
0.707165109034267880261381833407
0.708722741433021719004159422184
0.710280373831775779791541935992
0.711838006230529618534319524770
0.713395638629283457277097113547
0.714953271028037296019874702324
0.716510903426791356807257216133
0.718068535825545195550034804910
0.719626168224299034292812393687
0.721183800623052873035589982464
0.722741433021806933822972496273
0.724299065420560772565750085050
0.725856697819314611308527673827
0.727414330218068450051305262605
0.728971962616822510838687776413
0.730529595015576349581465365191
0.732087227414330188324242953968
0.733644859813084138089323005261
0.735202492211838087854403056554
0.736760124610591926597180645331
0.738317757009345765339958234108
0.739875389408099715105038285401
0.741433021806853664870118336694
0.742990654205607503612895925471
0.744548286604361342355673514248
0.746105919003115292120753565541
0.747663551401869130863531154318
0.749221183800623080628611205611
0.750778816199376919371388794389
0.752336448598130869136468845682
0.753894080996884707879246434459
0.755451713395638657644326485752
0.757009345794392496387104074529
0.758566978193146446152184125822
0.760124610591900284894961714599
0.761682242990654234660041765892
0.763239875389408073402819354669
0.764797507788162023167899405962
0.766355140186915861910676994739
0.767912772585669811675757046032
0.769470404984423650418534634809
0.771028037383177600183614686102
0.772585669781931438926392274880
0.774143302180685388691472326173
0.775700934579439227434249914950
0.777258566978193177199329966243
0.778816199376947015942107555020
0.780373831775700854684885143797
0.781931464174454804449965195090
0.783489096573208754215045246383
0.785046728971962592957822835160
0.786604361370716431700600423937
0.788161993769470381465680475230
0.789719626168224331230760526523
0.791277258566978169973538115300
0.792834890965732008716315704078
0.794392523364485958481395755371
0.795950155763239908246475806664
0.797507788161993746989253395441
0.799065420560747585732030984218
0.800623052959501646519413498027
0.802180685358255485262191086804
0.803738317757009324004968675581
0.805295950155763162747746264358
0.806853582554517223535128778167
0.808411214953271062277906366944
0.809968847352024901020683955721
0.811526479750778739763461544499
0.813084112149532800550844058307
0.814641744548286639293621647084
0.816199376947040478036399235862
0.817757009345794316779176824639
0.819314641744548377566559338447
0.820872274143302216309336927225
0.822429906542056055052114516002
0.823987538940809893794892104779
0.825545171339563954582274618588
0.827102803738317793325052207365
0.828660436137071632067829796142
0.830218068535825470810607384919
0.831775700934579531597989898728
0.833333333333333370340767487505
0.834890965732087209083545076282
0.836448598130841047826322665060
0.838006230529595108613705178868
0.839563862928348947356482767646
0.841121495327102786099260356423
0.842679127725856624842037945200
0.844236760124610685629420459009
0.845794392523364524372198047786
0.847352024922118363114975636563
0.848909657320872201857753225340
0.850467289719626262645135739149
0.852024922118380101387913327926
0.853582554517133940130690916703
0.855140186915887778873468505481
0.856697819314641728638548556773
0.858255451713395678403628608066
0.859813084112149517146406196844
0.861370716510903355889183785621
0.862928348909657305654263836914
0.864485981308411255419343888207
0.866043613707165094162121476984
0.867601246105919043927201528277
0.869158878504672882669979117054
0.870716510903426832435059168347
0.872274143302180671177836757124
0.873831775700934620942916808417
0.875389408099688459685694397194
0.876947040498442409450774448487
0.878504672897196248193552037264
0.880062305295950197958632088557
0.881619937694704036701409677335
0.883177570093457986466489728627
0.884735202492211825209267317405
0.886292834890965774974347368698
0.887850467289719613717124957475
0.889408099688473452459902546252
0.890965732087227402224982597545
0.892523364485981351990062648838
0.894080996884735190732840237615
0.895638629283489029475617826392
0.897196261682242979240697877685
0.898753894080996929005777928978
0.900311526479750767748555517755
0.901869158878504606491333106533
0.903426791277258556256413157826
0.904984423676012506021493209118
0.906542056074766344764270797896
0.908099688473520183507048386673
0.909657320872274133272128437966
0.911214953271028083037208489259
0.912772585669781921779986078036
0.914330218068535760522763666813
0.915887850467289710287843718106
0.917445482866043660052923769399
0.919003115264797498795701358176
0.920560747663551337538478946954
0.922118380062305176281256535731
0.923676012461059237068639049539
0.925233644859813075811416638317
0.926791277258566914554194227094
0.928348909657320753296971815871
0.929906542056074814084354329680
0.931464174454828652827131918457
0.933021806853582491569909507234
0.934579439252336552357292021043
0.936137071651090391100069609820
0.937694704049844229842847198597
0.939252336448598068585624787374
0.940809968847352129373007301183
0.942367601246105968115784889960
0.943925233644859806858562478737
0.945482866043613645601340067515
0.947040498442367706388722581323
0.948598130841121545131500170100
0.950155763239875383874277758878
0.951713395638629222617055347655
0.953271028037383283404437861464
0.954828660436137122147215450241
0.956386292834890960889993039018
0.957943925233644799632770627795
0.959501557632398860420153141604
0.961059190031152699162930730381
0.962616822429906537905708319158
0.964174454828660376648485907936
0.965732087227414326413565959228
0.967289719626168276178646010521
0.968847352024922114921423599299
0.970404984423675953664201188076
0.971962616822429903429281239369
0.973520249221183853194361290662
0.975077881619937691937138879439
0.976635514018691530679916468216
0.978193146417445480444996519509
0.979750778816199430210076570802
0.981308411214953268952854159579
0.982866043613707107695631748356
0.984423676012461057460711799649
0.985981308411215007225791850942
0.987538940809968845968569439719
0.989096573208722684711347028497
0.990654205607476634476427079790
0.992211838006230584241507131082
0.993769470404984422984284719860
0.995327102803738261727062308637
0.996884735202492211492142359930
0.998442367601246050234919948707
0.000071793001695546272873660332
0.000167113789461791848465002652
0.000262559778092791957452428742
0.000357992957189237387578828464
0.000453394415106490877593464761
0.000548753318137349711813843811
0.000644060103792710005390920180
0.000739305516295734785857385329
0.000834480398619945502869388321
0.000929575634578119953423114286
0.001024582129835423021865792315
0.001119490805101767917292820975
0.001214292593705298961559435611
0.001308978440923665772371853322
0.001403539304082305431281563202
0.001497966153013758879367078869
0.001592249970696008390391718024
0.001686381753983818990519361058
0.001780352514391585335915002553
0.001874153278903568789828804064
0.001967775090800437214066942460
0.002061209010494670281626872210
0.002154446116371410303164113387
0.002247477505630907698014331331
0.002340294295133112968676503129
0.002432887622240875041823571223
0.002525248645663794033744409262
0.002617368546299579483427333315
0.002709238528075209959805613735
0.002800849818784690008904858516
0.002892193670926746819349606454
0.002983261362538752129586194783
0.003074044198029288015028281933
0.003164533509007960536407733088
0.003254720655112682426574055583
0.003344597024834768290990627548
0.003434154036340597657833706435
0.003523383138291191155749837449
0.003612275810658762634913765410
0.003700823565539426707182713017
0.003789017947964520675874222633
0.003876850536707143399239861026
0.003964312945086679272621577041
0.004051396821769157573223107960
0.004138093851565036174200429286
0.004224395756222825391856812161
0.004310294295219634433391497907
0.004395781266547987321813284467
0.004480848507499090443984002263
0.004565487895441957579001357459
0.004649691348599290993681698581
0.004733450826818864400069575282
0.004816758332341614275151631119
0.004899605910564831454112599829
0.004981985650801985625324430629
0.005063889687038117606854292774
0.005145310198680706596785494611
0.005226239411306533681755848164
0.005306669597404013380415044310
0.005386593077111131999679116689
0.005466002218948517489549576709
0.005544889440548409278997077365
0.005623247209378413533076290776
0.005701068043460912927733463818
0.005778344512087437920277999126
0.005855069236528077578074480414
0.005931234890736281246959027413
0.006006834202048070073254315560
0.006081859951876779878110479416
0.006156304976401942401220690471
0.006230162167253795908739011367
0.006303424472191680900945431887
0.006376084895777424203788807944
0.006448136500043565727535721521
0.006519572405155474661975212314
0.006590385790068626660487272062
0.006660569893179531068827525786
0.006730118012971814805966985773
0.006799023508655542558098971995
0.006867279800801954700584239788
0.006934880371971153568966261815
0.007001818767334714796457539876
0.007068088595291990329505527058
0.007133683528080293073658779690
0.007198597302379251133830351250
0.007262823719908707148507076568
0.007326356648020818443378665563
0.007389190020285237373021125507
0.007451317837068711924519703871
0.007512734166107882735619050152
0.007573433143075415305278674793
0.007633408972140583691190496296
0.007692655926521930857819864258
0.007751168349034802916575070952
0.007808940652630932260924723209
0.007865967320932355094642574045
0.007922242908757790719187497075
0.007977762042642918063894974523
0.008032519421353167751731483293
0.008086509816390053187462605422
0.008139728072490456933785196725
0.008192169108118721454481203637
0.008243827915951917190140463276
0.008294699563358130106616172839
0.008344779192867182379678148152
0.008394062022634662251219239693
0.008442543346898442532810769023
0.008490218536427972251257045855
0.008537083038966284190274258492
0.008583132379664860575618767768
0.008628362161510628319804894204
0.008672768065746003229854466099
0.008716345852281167858044419461
0.008759091360099042697373583621
0.008801000507652412957471099730
0.008842069293253934300635954457
0.008882293795457994051156802584
0.008921670173435111358961613348
0.008960194667339089688584685689
0.008997863598665374260110461080
0.009034673370602848765931192077
0.009070620468377213474475695421
0.009105701459586111254362883471
0.009139912994527482972828558161
0.009173251806519001211315256228
0.009205714712210263245273367261
0.009237298611886520308122960898
0.009268000489764758459410032287
0.009297817414281699111011647574
0.009326746538373684516920469889
0.009354785099748493329419041231
0.009381930421149110507772483913
0.009408179910609380455777106533
0.009433531061701600634039621696
0.009457981453775564720243274053
0.009481528752190028497270901653
0.009504170708535434469732550156
0.009525905160848609914969742363
0.009546730033819294386487896986
0.009566643338988267686318067717
0.009585643174937203206398272926
0.009603727727469991634623447396
0.009620895269786561981861794379
0.009637144162647199793769736686
0.009652472854529277682122945237
0.009666879881775296626256199772
0.009680363868733003057664987523
0.009692923527886187010094154459
0.009704557659978177083792694191
0.009715265154125884636271415218
0.009725044987926197842531550464
0.009733896227553372540453047179
0.009741818027848453756534219394
0.009748809632399737384877980162
0.009754870373615108156140074414
0.009759999672785795929441654550
0.009764197040141607553120906005
0.009767462074897644702664578631
0.009769794465292634330633170237
0.009771193988618793666023343292
0.009771660511242763122452537061
0.009771193988618793666023343292
0.009769794465292634330633170237
0.009767462074897644702664578631
0.009764197040141607553120906005
0.009759999672785795929441654550
0.009754870373615108156140074414
0.009748809632399737384877980162
0.009741818027848453756534219394
0.009733896227553372540453047179
0.009725044987926197842531550464
0.009715265154125884636271415218
0.009704557659978177083792694191
0.009692923527886187010094154459
0.009680363868733003057664987523
0.009666879881775296626256199772
0.009652472854529277682122945237
0.009637144162647199793769736686
0.009620895269786561981861794379
0.009603727727469991634623447396
0.009585643174937203206398272926
0.009566643338988267686318067717
0.009546730033819294386487896986
0.009525905160848609914969742363
0.009504170708535434469732550156
0.009481528752190028497270901653
0.009457981453775564720243274053
0.009433531061701600634039621696
0.009408179910609380455777106533
0.009381930421149110507772483913
0.009354785099748493329419041231
0.009326746538373684516920469889
0.009297817414281699111011647574
0.009268000489764758459410032287
0.009237298611886520308122960898
0.009205714712210263245273367261
0.009173251806519001211315256228
0.009139912994527482972828558161
0.009105701459586111254362883471
0.009070620468377213474475695421
0.009034673370602848765931192077
0.008997863598665374260110461080
0.008960194667339089688584685689
0.008921670173435111358961613348
0.008882293795457994051156802584
0.008842069293253934300635954457
0.008801000507652412957471099730
0.008759091360099042697373583621
0.008716345852281167858044419461
0.008672768065746003229854466099
0.008628362161510628319804894204
0.008583132379664860575618767768
0.008537083038966284190274258492
0.008490218536427972251257045855
0.008442543346898442532810769023
0.008394062022634662251219239693
0.008344779192867182379678148152
0.008294699563358130106616172839
0.008243827915951917190140463276
0.008192169108118721454481203637
0.008139728072490456933785196725
0.008086509816390053187462605422
0.008032519421353167751731483293
0.007977762042642918063894974523
0.007922242908757790719187497075
0.007865967320932355094642574045
0.007808940652630932260924723209
0.007751168349034802916575070952
0.007692655926521930857819864258
0.007633408972140583691190496296
0.007573433143075415305278674793
0.007512734166107882735619050152
0.007451317837068711924519703871
0.007389190020285237373021125507
0.007326356648020818443378665563
0.007262823719908707148507076568
0.007198597302379251133830351250
0.007133683528080293073658779690
0.007068088595291990329505527058
0.007001818767334714796457539876
0.006934880371971153568966261815
0.006867279800801954700584239788
0.006799023508655542558098971995
0.006730118012971814805966985773
0.006660569893179531068827525786
0.006590385790068626660487272062
0.006519572405155474661975212314
0.006448136500043565727535721521
0.006376084895777424203788807944
0.006303424472191680900945431887
0.006230162167253795908739011367
0.006156304976401942401220690471
0.006081859951876779878110479416
0.006006834202048070073254315560
0.005931234890736281246959027413
0.005855069236528077578074480414
0.005778344512087437920277999126
0.005701068043460912927733463818
0.005623247209378413533076290776
0.005544889440548409278997077365
0.005466002218948517489549576709
0.005386593077111131999679116689
0.005306669597404013380415044310
0.005226239411306533681755848164
0.005145310198680706596785494611
0.005063889687038117606854292774
0.004981985650801985625324430629
0.004899605910564831454112599829
0.004816758332341614275151631119
0.004733450826818864400069575282
0.004649691348599290993681698581
0.004565487895441957579001357459
0.004480848507499090443984002263
0.004395781266547987321813284467
0.004310294295219634433391497907
0.004224395756222825391856812161
0.004138093851565036174200429286
0.004051396821769157573223107960
0.003964312945086679272621577041
0.003876850536707143399239861026
0.003789017947964520675874222633
0.003700823565539426707182713017
0.003612275810658762634913765410
0.003523383138291191155749837449
0.003434154036340597657833706435
0.003344597024834768290990627548
0.003254720655112682426574055583
0.003164533509007960536407733088
0.003074044198029288015028281933
0.002983261362538752129586194783
0.002892193670926746819349606454
0.002800849818784690008904858516
0.002709238528075209959805613735
0.002617368546299579483427333315
0.002525248645663794033744409262
0.002432887622240875041823571223
0.002340294295133112968676503129
0.002247477505630907698014331331
0.002154446116371410303164113387
0.002061209010494670281626872210
0.001967775090800437214066942460
0.001874153278903568789828804064
0.001780352514391585335915002553
0.001686381753983818990519361058
0.001592249970696008390391718024
0.001497966153013758879367078869
0.001403539304082305431281563202
0.001308978440923665772371853322
0.001214292593705298961559435611
0.001119490805101767917292820975
0.001024582129835423021865792315
0.000929575634578119953423114286
0.000834480398619945502869388321
0.000739305516295734785857385329
0.000644060103792710005390920180
0.000548753318137349711813843811
0.000453394415106490877593464761
0.000357992957189237387578828464
0.000262559778092791957452428742
0.000167113789461791848465002652
0.000071793001695546272873660332
