0.011424646629589122262538047892
0.026224329716335245676894771805
0.041111409496705275667949308627
0.056018231215834990432966833396
0.070932535986010208928220777125
0.085850455629256680611938179482
0.100770388669267227377268625332
0.115691552534641750593635833866
0.130613518882987722502520000489
0.145536032750858829176721087606
0.160458932010607013829428524332
0.175382107696440303623575118763
0.190305482843150408633903225564
0.205229000420828505690806764505
0.220152616025452413373031390620
0.235076293166748051532977115130
0.250000000000000000000000000000
0.264923706833251948467022884870
0.279847383974547614382544225009
0.294770999579171577575920082381
0.309694517156849591366096774436
0.324617892303559696376424881237
0.339541067989393041681722706926
0.354463967249141198578854528023
0.369386481117012333008631230769
0.384308447465358304917515397392
0.399229611330732814256094798111
0.414149544370743361021425243962
0.429067464013989818827354838504
0.443981768784165065078184397862
0.458888590503294724332050691373
0.473775670283664795956468651639
0.488575353370410914166654947621
0.000000000000000000000000000000
0.015151515151515151935690539631
0.030303030303030303871381079261
0.045454545454545448868177714985
0.060606060606060607742762158523
0.075757575757575759678452698154
0.090909090909090897736355429970
0.106060606060606063549833777415
0.121212121212121215485524317046
0.136363636363636353543427048862
0.151515151515151519356905396307
0.166666666666666657414808128124
0.181818181818181795472710859940
0.196969696969696961286189207385
0.212121212121212127099667554830
0.227272727272727265157570286647
0.242424242424242430971048634092
0.257575757575757569028951365908
0.272727272727272707086854097724
0.287878787878787900655908060799
0.303030303030303038713810792615
0.318181818181818176771713524431
0.333333333333333314829616256247
0.348484848484848452887518988064
0.363636363636363590945421719880
0.378787878787878784514475682954
0.393939393939393922572378414770
0.409090909090909116141432377844
0.424242424242424254199335109661
0.439393939393939392257237841477
0.454545454545454530315140573293
0.469696969696969723884194536367
0.484848484848484861942097268184
0.500000000000000000000000000000
0.515151515151515138057902731816
0.530303030303030276115805463633
0.545454545454545414173708195449
0.560606060606060552231610927265
0.575757575757575801311816121597
0.590909090909090939369718853413
0.606060606060606077427621585230
0.621212121212121215485524317046
0.636363636363636353543427048862
0.651515151515151491601329780678
0.666666666666666629659232512495
0.681818181818181767717135244311
0.696969696969696905775037976127
0.712121212121212043832940707944
0.727272727272727181890843439760
0.742424242424242430971048634092
0.757575757575757569028951365908
0.772727272727272707086854097724
0.787878787878787845144756829541
0.803030303030302983202659561357
0.818181818181818232282864755689
0.833333333333333370340767487505
0.848484848484848508398670219322
0.863636363636363646456572951138
0.878787878787878784514475682954
0.893939393939393922572378414770
0.909090909090909060630281146587
0.924242424242424309710486340919
0.939393939393939447768389072735
0.954545454545454585826291804551
0.969696969696969723884194536367
0.984848484848484861942097268184
0.006606227847587484679203750915
0.015321701512934696523537958512
0.023915548101749450893294124398
0.032300358632328871055783281463
0.040401541331669621470723541279
0.048147742818711682100119020333
0.055470846631663503489839683880
0.062306482530317411350218037569
0.068594572818656829316097400806
0.074279854843954107312953283326
0.079312364794886736074630562143
0.083647876067038787195606630576
0.087248287618844302948595270664
0.090081958660638547509158513549
0.092123986643316849165508131136
0.093356426065596062602303106814
0.093768446160209989459488610919
0.093356426065596062602303106814
0.092123986643316849165508131136
0.090081958660638547509158513549
0.087248287618844302948595270664
0.083647876067038787195606630576
0.079312364794886736074630562143
0.074279854843954107312953283326
0.068594572818656829316097400806
0.062306482530317411350218037569
0.055470846631663503489839683880
0.048147742818711682100119020333
0.040401541331669621470723541279
0.032300358632328871055783281463
0.023915548101749450893294124398
0.015321701512934696523537958512
0.006606227847587484679203750915
