0.001134043658593735914158484590
0.002603103395939840650208374484
0.004080838724988465789078606605
0.005560534240198053944348455246
0.007040973300254881571402787444
0.008521772163415153311660787949
0.010002772105127791940626380551
0.011483895710720282146155568626
0.012965100756509506316205282417
0.014446362265619031028940355554
0.015927664522321471896049160932
0.017408997145549512386430990318
0.018890353003223614436478783318
0.020371727033826385333536990174
0.021853115546055363466182441812
0.023334515784656340020575271410
0.024815925651467080764733807996
0.026297343520592503934851791314
0.027778768112629498299170904829
0.029260198407047310203976664411
0.030741633579875277115789344862
0.032223072958557794076561719976
0.033704515988705802120861676485
0.035185962209238287601298367235
0.036667411233545658955090829068
0.038148862735039222593425023433
0.039630316435938360564161797583
0.041111772098481783044299220364
0.042593229517971425979183663912
0.044074688517217450178797832905
0.045556148942068337703847902276
0.047037610657783390788466704180
0.048519073546071371516585912786
0.050000537502653527588414306138
0.051482002435248822025393167223
0.052963468261895914335202206757
0.054444934909549907997572404383
0.055926402312901454805249557012
0.057407870413379212537474671763
0.058889339158301926002714310471
0.060370808500156664111457871513
0.061852278395979023994932788355
0.063333748806822354193712953929
0.064815219697297615786268920601
0.066296691035176644191118100480
0.067778162791046508983683338556
0.069259634938008393656438954622
0.070741107451414389495347734282
0.072222580308636860624282860499
0.073704053488864995635765353654
0.075185526972926339239755577637
0.076667000743128044248919650272
0.078148474783116900210799826709
0.079629949077754516584271016200
0.081111423613006661259561269617
0.082592898375843853964184404504
0.084074373354153159043633536385
0.085555848536658596348303262857
0.087037323912849948182035575428
0.088518799472918768822538027052
0.090000275207700541901800761480
0.091481751108622388901636668379
0.092963227167656092841951931405
0.094444703377275354694297959668
0.095926179730416963331585122887
0.097407656220445407169172824524
0.098889132841121080153001798863
0.100370609586570916360592775618
0.101852086451261716892879860552
0.103333563429975641700941935142
0.104815040517788185536751655036
0.106296517710047319638100304928
0.107777995002355311826569561617
0.109259472390550768650108182101
0.110740949870693203282989713898
0.112222427439048630382067983646
0.113703905092075521765515588868
0.115185382826412788248582330652
0.116666860638868205568563496399
0.118148338526407978288368383346
0.119629816486146345333452245541
0.121111294515337308830282836425
0.122592772611365363744084788777
0.124074250771738336940330782454
0.125555728994079546234630129220
0.127037207276121444365912793728
0.128518685615698929902706026951
0.130000164010743907150313702914
0.131481642459279429724361420995
0.132963120959414676791610077089
0.134444599509340345644403669212
0.135926078107323794474936562438
0.137407556751705461905999072769
0.138889035440894315076576503998
0.140370514173364546728350887861
0.141851992947652161269900261686
0.143333471762351588596473561665
0.144814950616112603221097288042
0.146296429507637770761618867255
0.147777908435679422582964548383
0.149259387399037518617816999722
0.150740866396556844053478130263
0.152222345427125094197151611297
0.153703824489670681785469241731
0.155185303583160738583046622807
0.156666782706599172492190064077
0.158148261859025196507388955069
0.159629741039511136024842130610
0.161111220247161318619433245658
0.162592699481110353199042606320
0.164074178740521825492493235288
0.165555658024586799248467627876
0.167037137332522678256907511241
0.168518616663572012859262372331
0.170000096017001223192011138963
0.171481575392099683252666864064
0.172963054788178527410025253630
0.174444534204569789981320582228
0.175926013640625406031503530357
0.177407493095716406461548331208
0.178888972569231863296579376765
0.180370452060578390085510136487
0.181851931569179170455896610292
0.183333411094473236468971322211
0.184814890635914913508131007802
0.186296370192972959856092529662
0.187777849765130011583380564844
0.189259329351882027436815292276
0.190740808952737650461273233304
0.192222288567217708399326170365
0.193703768194854575313001987524
0.195185247835191699738999204783
0.196666727487783243866203974903
0.198148207152193445157450923944
0.199629686827996172260313301194
0.201111166514774591940195591633
0.202592646212120780502274897117
0.204074125919635085413261776921
0.205555605636926014279097785220
0.207037085363609763000170005398
0.208518565099309799437676815614
0.210000044843656558102296116886
0.211481524596287051576126714281
0.212963004356844759490385854406
0.214444484124978990147170065939
0.215925963900344825008303928371
0.217407443682602841139583915719
0.218888923471418556099266083947
0.220370403266462400182490455336
0.221851883067409438865524862194
0.223333362873938956472130712427
0.224814842685734317395684911389
0.226296322502482716298999321225
0.227777802323874956069715835838
0.229259282149605031486672146457
0.230740761979370212486628588522
0.232222241812870461297180213478
0.233703721649808487947908020033
0.235185201489889444959047182238
0.236666681332820622030155277571
0.238148161178311362773385440050
0.239629641026072842668881435202
0.241111120875817735997870272513
0.242592600727260132575935358545
0.244074080580115343463987187533
0.245555560434099595656931569465
0.247037040288930004328094014454
0.248518520144324128740009882677
0.250000000000000000000000000000
0.251481479855675926771141348581
0.252962959711070078938632832433
0.254444439565900459854219661793
0.255925919419884684291588428096
0.257407399272739867424064641455
0.258888879124182291757705343116
0.260370358973927185086694180427
0.261851838821688664982190175579
0.263333318667179405725420338058
0.264814798510110582796528433391
0.266296278350191539807667595596
0.267777758187129566458395402151
0.269259238020629843024522642736
0.270740717850394996268903469172
0.272222197676125099441435395420
0.273703677497517283701000678775
0.275185157314265738115466319869
0.276666637126061099039020518831
0.278148116932590616645626369063
0.279629596733537599817509544664
0.281111076528581471656309531681
0.282592556317397158860416084281
0.284074036099655202747271687258
0.285555515875021037608405549690
0.287036995643155268265189761223
0.288518475403713003935024516977
0.289999955156343469653279498743
0.291481434900690228317898800015
0.292962914636390236999829994602
0.294444394363074013476477830409
0.295925874080364970097889454337
0.297407353787879302764451949770
0.298888833485225435815380023996
0.300370313172003911006413545692
0.301851792847806610353700307314
0.303333272512216756133796025097
0.304814752164808300261000795217
0.306296231805145480198149243733
0.307777711432782319356249445264
0.309259191047262405049877997953
0.310740670648118000318760323353
0.312222150234870043927770666414
0.313703629807027040143907470338
0.315185109364085114247444607827
0.316666588905526791286604293418
0.318148068430820885055254620966
0.319629547939421609914489863513
0.321111027430768136703420623235
0.322592506904283649049602900050
0.324073986359374621724072085271
0.325555465795430210018679417772
0.327036945211821472589974746370
0.328518424607900372258484367194
0.329999903982998832319140092295
0.331481383336428014896313243298
0.332962862667477321743092488759
0.334444341975413228507107987753
0.335925821259478285529809227228
0.337407300518889619045381778051
0.338888779752838764647293601229
0.340370258960488891730733485019
0.341851738140974803492611044931
0.343333217293400883018961167181
0.344814696416839261416953377193
0.346296175510329318214530758269
0.347777654572874905802848388703
0.349259133603443183702097485366
0.350740612600962509137758615907
0.352222091564320549661459835988
0.353703570492362229238381132745
0.355185049383887396778902711958
0.356666528237648439159102053964
0.358148007052347838730099738314
0.359629485826635508782800343397
0.361110964559105795945725958518
0.362592443248294593605152158489
0.364073921892676177769487821934
0.365555400490659709866747562046
0.367036879040585350963965538540
0.368518357540720598031214194634
0.369999835989256176116413143973
0.371481314384301097852869588678
0.372962792723878611145238437530
0.374444271005920481520945486409
0.375925749228261718570820448804
0.377407227388634636255915211223
0.378888705484662746680868394833
0.380370183513853710177698985717
0.381851661473592007833843808839
0.383333139361131836064799927044
0.384814617173587225629205477162
0.386296094907924547623423450204
0.387777572560951411251295439797
0.389259050129306782839222478287
0.390740527609449272983255241343
0.392222004997644702051218246197
0.393703482289952721995263118515
0.395184959482211883852187384036
0.396666436570024372176845872673
0.398147913548738296984907947262
0.399629390413429097517195032196
0.401110867158878947602573816766
0.402592343779554662219766214548
0.404073820269583050546202684927
0.405555296622724659183489848147
0.407036772832343962669199299853
0.408518248891377611098363331621
0.409999724792299513609350469778
0.411481200527081258933037588577
0.412962676087150093451327848015
0.414444151463341459162847968400
0.415925626645846868711942079244
0.417407101624156173791391211125
0.418888576386993394251589961641
0.420370050922245552804668022873
0.421851525216883127544775788920
0.423332999256871955751080349728
0.424814473027073702393607845806
0.426295946511135059875385877604
0.427777419691363181009080562944
0.429258892548585624382440073532
0.430740365061991592465773237564
0.432221837208953518771892277073
0.433703308964823397442245322964
0.435184780302702411969306695028
0.436666251193177645806287046071
0.438147721604020989882855019459
0.439629191499843363644117744116
0.441110660841698087875073497344
0.442592129586620808279207039959
0.444073597687098586828113866432
0.445555065090450119758003211246
0.447036531738104148114842928408
0.448517997564751247363545871849
0.449999462497346514044949117306
0.451480926453928621544520183306
0.452962389342216609211533295820
0.454443851057931724746197232889
0.455925311482782591454565590539
0.457406770482028601776391951717
0.458888227901518286344639818708
0.460369683564061715763671145396
0.461851137264960853734407919546
0.463332588766454334106015267025
0.464814037790761747093171152301
0.466295484011294225634713939144
0.467776927041442247556801703467
0.469258366420124695128635039509
0.470739801592952700204364191450
0.472221231887370473945253479542
0.473702656479407513412382968454
0.475184074348532992093652183030
0.476665484215343659979424728590
0.478146884453944653881052317956
0.479628272966173607727569105919
0.481109646996776441074672447940
0.482591002854450501491356817496
0.484072335477678528103950839068
0.485553637734381038359998683518
0.487034899243490526643540761143
0.488516104289279717853844431374
0.489997227894872211528820571402
0.491478227836584846688339212051
0.492959026699745173072386705826
0.494439465759802021516122749745
0.495919161275011566303305698966
0.497396896604060168023409005400
0.498865956341406291407736262045
0.000000000000000000000000000000
0.001483679525222551982832630557
0.002967359050445103965665261114
0.004451038575667655948497891671
0.005934718100890207931330522229
0.007418397626112760781524890774
0.008902077151335311896995783343
0.010385756676557864747190151888
0.011869436201780415862661044457
0.013353115727002968712855413003
0.014836795252225521563049781548
0.016320474777448072678520674117
0.017804154302670623793991566686
0.019287833827893174909462459254
0.020771513353115729494380303777
0.022255192878338280609851196346
0.023738872403560831725322088914
0.025222551928783386310239933437
0.026706231454005937425710826005
0.028189910979228492010628670528
0.029673590504451043126099563096
0.031157270029673594241570455665
0.032640949554896145357041348234
0.034124629080118699941959192756
0.035608308605341247587983133371
0.037091988130563802172900977894
0.038575667655786349818924918509
0.040059347181008911342736666938
0.041543026706231458988760607554
0.043026706231454013573678452076
0.044510385756676561219702392691
0.045994065281899115804620237213
0.047477744807121663450644177829
0.048961424332344218035562022351
0.050445103857566772620479866873
0.051928783382789320266503807488
0.053412462908011874851421652011
0.054896142433234422497445592626
0.056379821958456984021257341055
0.057863501483679531667281281671
0.059347181008902086252199126193
0.060830860534124633898223066808
0.062314540059347188483140911330
0.063798219584569743068058755853
0.065281899109792290714082696468
0.066765578635014838360106637083
0.068249258160237399883918385513
0.069732937685459947529942326128
0.071216617210682495175966266743
0.072700296735905056699778015172
0.074183976261127604345801955787
0.075667655786350151991825896403
0.077151335311572699637849837018
0.078635014836795247283873777633
0.080118694362017822685473333877
0.081602373887240370331497274492
0.083086053412462917977521215107
0.084569732937685479501332963537
0.086053412462908027147356904152
0.087537091988130574793380844767
0.089020771513353122439404785382
0.090504451038575683963216533812
0.091988130563798231609240474427
0.093471810089020779255264415042
0.094955489614243326901288355657
0.096439169139465888425100104087
0.097922848664688436071124044702
0.099406528189910983717147985317
0.100890207715133545240959733746
0.102373887240356092886983674362
0.103857566765578640533007614977
0.105341246290801188179031555592
0.106824925816023749702843304021
0.108308605341246297348867244636
0.109792284866468844994891185252
0.111275964391691420396490741496
0.112759643916913968042514682111
0.114243323442136515688538622726
0.115727002967359063334562563341
0.117210682492581624858374311771
0.118694362017804172504398252386
0.120178041543026720150422193001
0.121661721068249267796446133616
0.123145400593471829320257882046
0.124629080118694376966281822661
0.126112759643916938490093571090
0.127596439169139486136117511705
0.129080118694362033782141452321
0.130563798219584581428165392936
0.132047477744807129074189333551
0.133531157270029676720213274166
0.135014836795252224366237214781
0.136498516320474799767836771025
0.137982195845697347413860711640
0.139465875370919895059884652255
0.140949554896142442705908592870
0.142433234421364990351932533486
0.143916913946587565753532089730
0.145400593471810113399556030345
0.146884272997032661045579970960
0.148367952522255208691603911575
0.149851632047477756337627852190
0.151335311572700303983651792805
0.152818991097922851629675733420
0.154302670623145399275699674035
0.155786350148367946921723614651
0.157270029673590494567747555266
0.158753709198813097724922727139
0.160237388724035645370946667754
0.161721068249258193016970608369
0.163204747774480740662994548984
0.164688427299703288309018489599
0.166172106824925835955042430214
0.167655786350148383601066370829
0.169139465875370959002665927073
0.170623145400593506648689867689
0.172106824925816054294713808304
0.173590504451038601940737748919
0.175074183976261149586761689534
0.176557863501483697232785630149
0.178041543026706244878809570764
0.179525222551928820280409127008
0.181008902077151367926433067623
0.182492581602373915572457008238
0.183976261127596463218480948854
0.185459940652819010864504889469
0.186943620178041558510528830084
0.188427299703264106156552770699
0.189910979228486653802576711314
0.191394658753709229204176267558
0.192878338278931776850200208173
0.194362017804154324496224148788
0.195845697329376872142248089403
0.197329376854599419788272030019
0.198813056379821967434295970634
0.200296735905044515080319911249
0.201780415430267090481919467493
0.203264094955489638127943408108
0.204747774480712185773967348723
0.206231454005934733419991289338
0.207715133531157281066015229953
0.209198813056379828712039170568
0.210682492581602376358063111184
0.212166172106824924004087051799
0.213649851632047499405686608043
0.215133531157270047051710548658
0.216617210682492594697734489273
0.218100890207715142343758429888
0.219584569732937689989782370503
0.221068249258160237635806311118
0.222551928783382840792981482991
0.224035608308605388439005423606
0.225519287833827936085029364222
0.227002967359050483731053304837
0.228486646884273031377077245452
0.229970326409495579023101186067
0.231454005934718126669125126682
0.232937685459940674315149067297
0.234421364985163249716748623541
0.235905044510385797362772564156
0.237388724035608345008796504771
0.238872403560830892654820445387
0.240356083086053440300844386002
0.241839762611275987946868326617
0.243323442136498535592892267232
0.244807121661721110994491823476
0.246290801186943658640515764091
0.247774480712166206286539704706
0.249258160237388753932563645321
0.250741839762611329334163201565
0.252225519287833876980187142181
0.253709198813056424626211082796
0.255192878338278972272235023411
0.256676557863501519918258964026
0.258160237388724067564282904641
0.259643916913946615210306845256
0.261127596439169162856330785871
0.262611275964391710502354726486
0.264094955489614258148378667101
0.265578635014836805794402607717
0.267062314540059353440426548332
0.268545994065281901086450488947
0.270029673590504448732474429562
0.271513353115726996378498370177
0.272997032640949599535673542050
0.274480712166172147181697482665
0.275964391691394694827721423280
0.277448071216617242473745363895
0.278931750741839790119769304511
0.280415430267062337765793245126
0.281899109792284885411817185741
0.283382789317507433057841126356
0.284866468842729980703865066971
0.286350148367952583861040238844
0.287833827893175131507064179459
0.289317507418397679153088120074
0.290801186943620226799112060689
0.292284866468842774445136001304
0.293768545994065322091159941920
0.295252225519287869737183882535
0.296735905044510417383207823150
0.298219584569732965029231763765
0.299703264094955512675255704380
0.301186943620178060321279644995
0.302670623145400607967303585610
0.304154302670623211124478757483
0.305637982195845703259351466841
0.307121661721068306416526638714
0.308605341246290798551399348071
0.310089020771513401708574519944
0.311572700296735893843447229301
0.313056379821958497000622401174
0.314540059347180989135495110531
0.316023738872403592292670282404
0.317507418397626195449845454277
0.318991097922848687584718163635
0.320474777448071290741893335507
0.321958456973293782876766044865
0.323442136498516386033941216738
0.324925816023738878168813926095
0.326409495548961481325989097968
0.327893175074184028972013038583
0.329376854599406576618036979198
0.330860534124629124264060919813
0.332344213649851671910084860428
0.333827893175074219556108801044
0.335311572700296767202132741659
0.336795252225519314848156682274
0.338278931750741918005331854147
0.339762611275964410140204563504
0.341246290801187013297379735377
0.342729970326409505432252444734
0.344213649851632108589427616607
0.345697329376854600724300325965
0.347181008902077203881475497838
0.348664688427299696016348207195
0.350148367952522299173523379068
0.351632047477744846819547319683
0.353115727002967394465571260298
0.354599406528189942111595200913
0.356083086053412489757619141528
0.357566765578635037403643082143
0.359050445103857640560818254016
0.360534124629080132695690963374
0.362017804154302735852866135247
0.363501483679525227987738844604
0.364985163204747831144914016477
0.366468842729970323279786725834
0.367952522255192926436961897707
0.369436201780415418571834607064
0.370919881305638021729009778937
0.372403560830860569375033719552
0.373887240356083117021057660168
0.375370919881305664667081600783
0.376854599406528212313105541398
0.378338278931750759959129482013
0.379821958456973307605153422628
0.381305637982195910762328594501
0.382789317507418458408352535116
0.384272997032641006054376475731
0.385756676557863553700400416346
0.387240356083086101346424356962
0.388724035608308648992448297577
0.390207715133531252149623469450
0.391691394658753744284496178807
0.393175074183976347441671350680
0.394658753709198839576544060037
0.396142433234421442733719231910
0.397626112759643934868591941267
0.399109792284866538025767113140
0.400593471810089030160639822498
0.402077151335311633317814994371
0.403560830860534180963838934986
0.405044510385756728609862875601
0.406528189910979276255886816216
0.408011869436201823901910756831
0.409495548961424371547934697446
0.410979228486646919193958638061
0.412462908011869466839982578676
0.413946587537092069997157750549
0.415430267062314562132030459907
0.416913946587537165289205631780
0.418397626112759657424078341137
0.419881305637982260581253513010
0.421364985163204752716126222367
0.422848664688427355873301394240
0.424332344213649848008174103597
0.425816023738872451165349275470
0.427299703264094998811373216085
0.428783382789317546457397156701
0.430267062314540094103421097316
0.431750741839762641749445037931
0.433234421364985189395468978546
0.434718100890207792552644150419
0.436201780415430284687516859776
0.437685459940652887844692031649
0.439169139465875379979564741006
0.440652818991097983136739912879
0.442136498516320475271612622237
0.443620178041543078428787794110
0.445103857566765681585962965983
0.446587537091988173720835675340
0.448071216617210776878010847213
0.449554896142433269012883556570
0.451038575667655872170058728443
0.452522255192878364304931437800
0.454005934718100967462106609673
0.455489614243323459596979319031
0.456973293768546062754154490904
0.458456973293768610400178431519
0.459940652818991158046202372134
0.461424332344213705692226312749
0.462908011869436253338250253364
0.464391691394658800984274193979
0.465875370919881348630298134594
0.467359050445103896276322075209
0.468842729970326499433497247082
0.470326409495548991568369956440
0.471810089020771594725545128313
0.473293768545994086860417837670
0.474777448071216690017593009543
0.476261127596439182152465718900
0.477744807121661785309640890773
0.479228486646884277444513600130
0.480712166172106880601688772003
0.482195845697329428247712712619
0.483679525222551975893736653234
0.485163204747774523539760593849
0.486646884272997071185784534464
0.488130563798219618831808475079
0.489614243323442221988983646952
0.491097922848664714123856356309
0.492581602373887317281031528182
0.494065281899109809415904237540
0.495548961424332412573079409412
0.497032640949554904707952118770
0.498516320474777507865127290643
0.500000000000000000000000000000
0.501483679525222658668326403131
0.502967359050445095292047881230
0.504451038575667753960374284361
0.505934718100890190584095762460
0.507418397626112849252422165591
0.508902077151335396898446106206
0.510385756676557944544470046822
0.511869436201780492190493987437
0.513353115727003039836517928052
0.514836795252225587482541868667
0.516320474777448135128565809282
0.517804154302670682774589749897
0.519287833827893230420613690512
0.520771513353115778066637631127
0.522255192878338325712661571743
0.523738872403560873358685512358
0.525222551928783421004709452973
0.526706231454005968650733393588
0.528189910979228516296757334203
0.529673590504451063942781274818
0.531157270029673611588805215433
0.532640949554896270257131618564
0.534124629080118706880853096663
0.535608308605341365549179499794
0.537091988130563802172900977894
0.538575667655786460841227381025
0.540059347181008897464948859124
0.541543026706231556133275262255
0.543026706231453992756996740354
0.544510385756676651425323143485
0.545994065281899199071347084100
0.547477744807121746717371024715
0.548961424332344294363394965330
0.550445103857566842009418905945
0.551928783382789389655442846561
0.553412462908011937301466787176
0.554896142433234484947490727791
0.556379821958457032593514668406
0.557863501483679580239538609021
0.559347181008902127885562549636
0.560830860534124675531586490251
0.562314540059347223177610430866
0.563798219584569770823634371482
0.565281899109792318469658312097
0.566765578635014866115682252712
0.568249258160237413761706193327
0.569732937685459961407730133942
0.571216617210682509053754074557
0.572700296735905167722080477688
0.574183976261127604345801955787
0.575667655786350263014128358918
0.577151335311572810660152299533
0.578635014836795358306176240148
0.580118694362017905952200180764
0.581602373887240453598224121379
0.583086053412463001244248061994
0.584569732937685548890272002609
0.586053412462908096536295943224
0.587537091988130644182319883839
0.589020771513353191828343824454
0.590504451038575739474367765069
0.591988130563798287120391705685
0.593471810089020834766415646300
0.594955489614243382412439586915
0.596439169139465930058463527530
0.597922848664688477704487468145
0.599406528189911025350511408760
0.600890207715133684018837811891
0.602373887240356120642559289990
0.603857566765578668288583230606
0.605341246290801215934607171221
0.606824925816023874602933574351
0.608308605341246422248957514967
0.609792284866468858872678993066
0.611275964391691406518702933681
0.612759643916914065187029336812
0.614243323442136612833053277427
0.615727002967359049456774755527
0.617210682492581597102798696142
0.618694362017804255771125099272
0.620178041543026803417149039888
0.621661721068249351063172980503
0.623145400593471787686894458602
0.624629080118694446355220861733
0.626112759643916994001244802348
0.627596439169139541647268742963
0.629080118694361978270990221063
0.630563798219584636939316624193
0.632047477744807184585340564809
0.633531157270029732231364505424
0.635014836795252390899690908554
0.636498516320474827523412386654
0.637982195845697375169436327269
0.639465875370919922815460267884
0.640949554896142581483786671015
0.642433234421365129129810611630
0.643916913946587565753532089730
0.645400593471810113399556030345
0.646884272997032772067882433475
0.648367952522255319713906374091
0.649851632047477756337627852190
0.651335311572700303983651792805
0.652818991097922962651978195936
0.654302670623145510298002136551
0.655786350148368057944026077166
0.657270029673590494567747555266
0.658753709198813153236073958396
0.660237388724035700882097899012
0.661721068249258248528121839627
0.663204747774480685151843317726
0.664688427299703343820169720857
0.666172106824925891466193661472
0.667655786350148439112217602087
0.669139465875370986758241542702
0.670623145400593534404265483317
0.672106824925816082050289423933
0.673590504451038629696313364548
0.675074183976261177342337305163
0.676557863501483836010663708294
0.678041543026706272634385186393
0.679525222551928820280409127008
0.681008902077151367926433067623
0.682492581602374026594759470754
0.683976261127596463218480948854
0.685459940652819010864504889469
0.686943620178041558510528830084
0.688427299703264217178855233215
0.689910979228486764824879173830
0.691394658753709201448600651929
0.692878338278931749094624592544
0.694362017804154407762950995675
0.695845697329376955408974936290
0.697329376854599392032696414390
0.698813056379822050701022817520
0.700296735905044598347046758136
0.701780415430267145993070698751
0.703264094955489693639094639366
0.704747774480712352307421042497
0.706231454005934788931142520596
0.707715133531157336577166461211
0.709198813056379884223190401826
0.710682492581602542891516804957
0.712166172106824979515238283057
0.713649851632047527161262223672
0.715133531157270074807286164287
0.716617210682492733475612567418
0.718100890207715281121636508033
0.719584569732937717745357986132
0.721068249258160265391381926747
0.722551928783382924059708329878
0.724035608308605471705732270493
0.725519287833827908329453748593
0.727002967359050455975477689208
0.728486646884273114643804092339
0.729970326409495662289828032954
0.731454005934718209935851973569
0.732937685459940646559573451668
0.734421364985163305227899854799
0.735905044510385852873923795414
0.737388724035608400519947736029
0.738872403560830837143669214129
0.740356083086053495811995617260
0.741839762611276043458019557875
0.743323442136498591104043498490
0.744807121661721138750067439105
0.746290801186943686396091379720
0.747774480712166234042115320335
0.749258160237388781688139260950
0.750741839762611329334163201565
0.752225519287833988002489604696
0.753709198813056424626211082796
0.755192878338278972272235023411
0.756676557863501519918258964026
0.758160237388724178586585367157
0.759643916913946615210306845256
0.761127596439169162856330785871
0.762611275964391821524657189002
0.764094955489614369170681129617
0.765578635014836916816705070232
0.767062314540059353440426548332
0.768545994065282012108752951463
0.770029673590504559754776892078
0.771513353115727107400800832693
0.772997032640949544024522310792
0.774480712166172202692848713923
0.775964391691394750338872654538
0.777448071216617297984896595153
0.778931750741839845630920535768
0.780415430267062504299246938899
0.781899109792284940922968416999
0.783382789317507488568992357614
0.784866468842730036215016298229
0.786350148367952694883342701360
0.787833827893175131507064179459
0.789317507418397679153088120074
0.790801186943620226799112060689
0.792284866468842885467438463820
0.793768545994065433113462404435
0.795252225519287869737183882535
0.796735905044510417383207823150
0.798219584569733076051534226281
0.799703264094955623697558166896
0.801186943620178060321279644995
0.802670623145400607967303585610
0.804154302670623266635629988741
0.805637982195845814281653929356
0.807121661721068361927677869971
0.808605341246290798551399348071
0.810089020771513457219725751202
0.811572700296736004865749691817
0.813056379821958552511773632432
0.814540059347180989135495110531
0.816023738872403647803821513662
0.817507418397626195449845454277
0.818991097922848743095869394892
0.820474777448071290741893335507
0.821958456973293838387917276123
0.823442136498516386033941216738
0.824925816023738933679965157353
0.826409495548961592348291560484
0.827893175074184139994315501099
0.829376854599406576618036979198
0.830860534124629124264060919813
0.832344213649851782932387322944
0.833827893175074330578411263559
0.835311572700296767202132741659
0.836795252225519314848156682274
0.838278931750741973516483085405
0.839762611275964521162507026020
0.841246290801187068808530966635
0.842729970326409505432252444734
0.844213649851632164100578847865
0.845697329376854711746602788480
0.847181008902077259392626729095
0.848664688427299696016348207195
0.850148367952522354684674610326
0.851632047477744902330698550941
0.853115727002967449976722491556
0.854599406528189997622746432171
0.856083086053412656291072835302
0.857566765578635092914794313401
0.859050445103857640560818254016
0.860534124629080188206842194631
0.862017804154302846875168597762
0.863501483679525283498890075862
0.864985163204747831144914016477
0.866468842729970378790937957092
0.867952522255193037459264360223
0.869436201780415585105288300838
0.870919881305638021729009778937
0.872403560830860569375033719552
0.873887240356083228043360122683
0.875370919881305775689384063298
0.876854599406528212313105541398
0.878338278931750759959129482013
0.879821958456973418627455885144
0.881305637982195966273479825759
0.882789317507418513919503766374
0.884272997032640950543225244473
0.885756676557863609211551647604
0.887240356083086156857575588219
0.888724035608308704503599528834
0.890207715133531363171925931965
0.891691394658753799795647410065
0.893175074183976347441671350680
0.894658753709198895087695291295
0.896142433234421553756021694426
0.897626112759643990379743172525
0.899109792284866538025767113140
0.900593471810089085671791053755
0.902077151335311744340117456886
0.903560830860534291986141397501
0.905044510385756728609862875601
0.906528189910979276255886816216
0.908011869436201934924213219347
0.909495548961424482570237159962
0.910979228486646919193958638061
0.912462908011869466839982578676
0.913946587537092125508308981807
0.915430267062314673154332922422
0.916913946587537220800356863037
0.918397626112759657424078341137
0.919881305637982316092404744268
0.921364985163204863738428684883
0.922848664688427411384452625498
0.924332344213649848008174103597
0.925816023738872506676500506728
0.927299703264095054322524447343
0.928783382789317601968548387958
0.930267062314540149614572328574
0.931750741839762697260596269189
0.933234421364985244906620209804
0.934718100890207792552644150419
0.936201780415430340198668091034
0.937685459940652998866994494165
0.939169139465875435490715972264
0.940652818991097983136739912879
0.942136498516320530782763853495
0.943620178041543189451090256625
0.945103857566765626074811734725
0.946587537091988173720835675340
0.948071216617210721366859615955
0.949554896142433380035186019086
0.951038575667655927681209959701
0.952522255192878364304931437800
0.954005934718101022973257840931
0.955489614243323570619281781546
0.956973293768546118265305722161
0.958456973293768554889027200261
0.959940652818991213557353603392
0.961424332344213761203377544007
0.962908011869436308849401484622
0.964391691394658856495425425237
0.965875370919881515163751828368
0.967359050445103951787473306467
0.968842729970326499433497247082
0.970326409495549047079521187698
0.971810089020771705747847590828
0.973293768545994142371569068928
0.974777448071216690017593009543
0.976261127596439237663616950158
0.977744807121661896331943353289
0.979228486646884443977967293904
0.980712166172106880601688772003
0.982195845697329428247712712619
0.983679525222552086916039115749
0.985163204747774634562063056364
0.986646884272997071185784534464
0.988130563798219618831808475079
0.989614243323442277500134878210
0.991097922848664825146158818825
0.992581602373887372792182759440
0.994065281899109809415904237540
0.995548961424332468084230640670
0.997032640949555015730254581285
0.998516320474777563376278521901
0.000065147374694927610112513139
0.000151645209432726290775181321
0.000238257995607942327101827495
0.000324861263577760060218546645
0.000411438617401694520930854893
0.000497980990799530716904575112
0.000584480470372768365003302016
0.000670929420242489908676741805
0.000757320293198087898800530127
0.000843645578008693714303078970
0.000929897782054559408210225868
0.001016069425010797475789070532
0.001102153036507516874892287362
0.001188141155384136527298211128
0.001274026329641035322828845899
0.001359801116717996487606723299
0.001445458083936449747083918815
0.001530989809025566986133704006
0.001616388880695651675267754399
0.001701647899236707157585857253
0.001786759477132268984431173742
0.001871716239681565658453665790
0.001956510825626579103131419402
0.002041135887781844043820100865
0.002125584093665526096844642368
0.002209848126130753778739723714
0.002293920683996890450689898344
0.002377794482680166150007083914
0.002461462254823212642690366536
0.002544916750923967036640549466
0.002628150739962600412197302191
0.002711157010027799834500639165
0.002793928368940998187980317979
0.002876457644879165925083652766
0.002958737686995997328426311057
0.003040761366041340799104553128
0.003122521574978611661604910310
0.003204011229600506674430882015
0.003285223269142779987245228668
0.003366150656895844622135127722
0.003446786380814446677095519433
0.003527123454125138599102307069
0.003607154915931712856058677374
0.003686873831818159724660333154
0.003766273294449546012174767640
0.003845346424170512002888022707
0.003924086369601212723190464260
0.004002486308231119858935809219
0.004080539447010044645791637663
0.004158239022936821918663419240
0.004235578303645017375633763379
0.004312550587986629935244309308
0.004389149206612369749636037852
0.004465367522549722710534236825
0.004541198931778047710727808095
0.004616636863800536658142270596
0.004691674782213849960454954413
0.004766306185274198428669656380
0.004840524606460830034371234376
0.004914323615036233702801915513
0.004987696816603446985094461041
0.005060637853660049541304477572
0.005133140406148949119735647173
0.005205198192006109218776810366
0.005276804967704679799611611202
0.005347954528796322951067487850
0.005418640710448399504250982517
0.005488857387978315904852877338
0.005558598477384237707132896844
0.005627857935872218261841304354
0.005696629762379701832075706847
0.005764907998095565068441548107
0.005832686726976460053761819324
0.005899960076259268965115367678
0.005966722216970174290373574166
0.006032967364429512799328669814
0.006098689778753094148378011141
0.006163883765349474977424115707
0.006228543675413610036795120095
0.006292663906415832571206170343
0.006356238902587791998743949051
0.006419263155403480587690712156
0.006481731204056768134991184382
0.006543637635934301463591644676
0.006604977087084767939373364243
0.006665744242683601869514653515
0.006725933837493188426071011321
0.006785540656319435058596578614
0.006844559534463527314396280588
0.006902985358169443259879205499
0.006960813065066968029215299651
0.007018037644610403656686425933
0.007074654138512677555017393871
0.007130657641175015305778916996
0.007186043300111888930403747366
0.007240806316371527738551261422
0.007294941944951823485643327416
0.007348445495211175342020748502
0.007401312331275353671722339044
0.007453537872438690398135818782
0.007505117593561460784257199919
0.007556047025461521543521214994
0.007606321755301926126890954549
0.007655937426973009711506090724
0.007704889741469939622164897486
0.007753174457265300106856287243
0.007800787390676353245944074644
0.007847724416227780039334582796
0.007893981467009042116145245416
0.007939554535026743103953705827
0.007984439671551914197156207820
0.008028632987462383518995068243
0.008072130653579099104910632434
0.008114928900998802027699774442
0.008157024021419944509458943571
0.008198412367464132446959190759
0.008239090352992337745741124877
0.008279054453415497089041608092
0.008318301205999825004289149888
0.008356827210167028577303405257
0.008394629127788818395705661146
0.008431703683476175423261445019
0.008468047664863167373061614285
0.008503657922885326722606258443
0.008538531372052378734527344761
0.008572664990715756633266053655
0.008606055821330208313590937053
0.008638700970710287349585421168
0.008670597610280876554877949047
0.008701742976322391145971302251
0.008732134370210005783197182438
0.008761769158647805810780084812
0.008790644773896693492387655056
0.008818758713997058851230548271
0.008846108542985448366935408160
0.008872691891105587147503541701
0.008898506455013898558403795391
0.008923549997978888134730901527
0.008947820350075023215774550067
0.008971315408370881053223833135
0.008994033137111018955112129447
0.009015971567892668014909673957
0.009037128799836294593128549479
0.009057502999750031286163576283
0.009077092402288810049637568511
0.009095895310107165315782751236
0.009113910094006288237222790372
0.009131135193075328587708483496
0.009147569114826486352809453706
0.009163210435324434244286351259
0.009178057799309606232252001234
0.009192109920315752816244447843
0.009205365580781232209828246482
0.009217823632154701837815302667
0.009229482994994557890078290541
0.009240342659062364058519811749
0.009250401683410489767078743739
0.009259659196463584929226442455
0.009268114396094281545734894223
0.009275766549692384885239526682
0.009282614994228586408064884949
0.009288659136311803315999569008
0.009293898452240729329831836480
0.009298332488048911478872859959
0.009301960859544565474177346687
0.009304783252343325553046504695
0.009306799421895819643402170129
0.009308009193508857276322387975
0.009308412462360443617725991317
0.009308009193508857276322387975
0.009306799421895819643402170129
0.009304783252343325553046504695
0.009301960859544565474177346687
0.009298332488048911478872859959
0.009293898452240729329831836480
0.009288659136311803315999569008
0.009282614994228586408064884949
0.009275766549692384885239526682
0.009268114396094281545734894223
0.009259659196463584929226442455
0.009250401683410489767078743739
0.009240342659062364058519811749
0.009229482994994557890078290541
0.009217823632154701837815302667
0.009205365580781232209828246482
0.009192109920315752816244447843
0.009178057799309606232252001234
0.009163210435324434244286351259
0.009147569114826486352809453706
0.009131135193075328587708483496
0.009113910094006288237222790372
0.009095895310107165315782751236
0.009077092402288810049637568511
0.009057502999750031286163576283
0.009037128799836294593128549479
0.009015971567892668014909673957
0.008994033137111018955112129447
0.008971315408370881053223833135
0.008947820350075023215774550067
0.008923549997978888134730901527
0.008898506455013898558403795391
0.008872691891105587147503541701
0.008846108542985448366935408160
0.008818758713997058851230548271
0.008790644773896693492387655056
0.008761769158647805810780084812
0.008732134370210005783197182438
0.008701742976322391145971302251
0.008670597610280876554877949047
0.008638700970710287349585421168
0.008606055821330208313590937053
0.008572664990715756633266053655
0.008538531372052378734527344761
0.008503657922885326722606258443
0.008468047664863167373061614285
0.008431703683476175423261445019
0.008394629127788818395705661146
0.008356827210167028577303405257
0.008318301205999825004289149888
0.008279054453415497089041608092
0.008239090352992337745741124877
0.008198412367464132446959190759
0.008157024021419944509458943571
0.008114928900998802027699774442
0.008072130653579099104910632434
0.008028632987462383518995068243
0.007984439671551914197156207820
0.007939554535026743103953705827
0.007893981467009042116145245416
0.007847724416227780039334582796
0.007800787390676353245944074644
0.007753174457265300106856287243
0.007704889741469939622164897486
0.007655937426973009711506090724
0.007606321755301926126890954549
0.007556047025461521543521214994
0.007505117593561460784257199919
0.007453537872438690398135818782
0.007401312331275353671722339044
0.007348445495211175342020748502
0.007294941944951823485643327416
0.007240806316371527738551261422
0.007186043300111888930403747366
0.007130657641175015305778916996
0.007074654138512677555017393871
0.007018037644610403656686425933
0.006960813065066968029215299651
0.006902985358169443259879205499
0.006844559534463527314396280588
0.006785540656319435058596578614
0.006725933837493188426071011321
0.006665744242683601869514653515
0.006604977087084767939373364243
0.006543637635934301463591644676
0.006481731204056768134991184382
0.006419263155403480587690712156
0.006356238902587791998743949051
0.006292663906415832571206170343
0.006228543675413610036795120095
0.006163883765349474977424115707
0.006098689778753094148378011141
0.006032967364429512799328669814
0.005966722216970174290373574166
0.005899960076259268965115367678
0.005832686726976460053761819324
0.005764907998095565068441548107
0.005696629762379701832075706847
0.005627857935872218261841304354
0.005558598477384237707132896844
0.005488857387978315904852877338
0.005418640710448399504250982517
0.005347954528796322951067487850
0.005276804967704679799611611202
0.005205198192006109218776810366
0.005133140406148949119735647173
0.005060637853660049541304477572
0.004987696816603446985094461041
0.004914323615036233702801915513
0.004840524606460830034371234376
0.004766306185274198428669656380
0.004691674782213849960454954413
0.004616636863800536658142270596
0.004541198931778047710727808095
0.004465367522549722710534236825
0.004389149206612369749636037852
0.004312550587986629935244309308
0.004235578303645017375633763379
0.004158239022936821918663419240
0.004080539447010044645791637663
0.004002486308231119858935809219
0.003924086369601212723190464260
0.003845346424170512002888022707
0.003766273294449546012174767640
0.003686873831818159724660333154
0.003607154915931712856058677374
0.003527123454125138599102307069
0.003446786380814446677095519433
0.003366150656895844622135127722
0.003285223269142779987245228668
0.003204011229600506674430882015
0.003122521574978611661604910310
0.003040761366041340799104553128
0.002958737686995997328426311057
0.002876457644879165925083652766
0.002793928368940998187980317979
0.002711157010027799834500639165
0.002628150739962600412197302191
0.002544916750923967036640549466
0.002461462254823212642690366536
0.002377794482680166150007083914
0.002293920683996890450689898344
0.002209848126130753778739723714
0.002125584093665526096844642368
0.002041135887781844043820100865
0.001956510825626579103131419402
0.001871716239681565658453665790
0.001786759477132268984431173742
0.001701647899236707157585857253
0.001616388880695651675267754399
0.001530989809025566986133704006
0.001445458083936449747083918815
0.001359801116717996487606723299
0.001274026329641035322828845899
0.001188141155384136527298211128
0.001102153036507516874892287362
0.001016069425010797475789070532
0.000929897782054559408210225868
0.000843645578008693714303078970
0.000757320293198087898800530127
0.000670929420242489908676741805
0.000584480470372768365003302016
0.000497980990799530716904575112
0.000411438617401694520930854893
0.000324861263577760060218546645
0.000238257995607942327101827495
0.000151645209432726290775181321
0.000065147374694927610112513139
