0.001107785068548434309620986937
0.002542828974935896785974920320
0.003986347591161573146456564842
0.005431781005772459008928976232
0.006877940748581899514657589378
0.008324451963321146882868184491
0.009771159600682826143480674830
0.011217988038518211107996691567
0.012664896030829628920111318280
0.014111859179076889636572644804
0.015558862131429786884728727614
0.017005894747193953109309916272
0.018452950059433637780559323005
0.019900023123832599747373706123
0.021347110334560496364142423431
0.022794209000162386768995048669
0.024241317071060912435864764802
0.025688432959009906836334025115
0.027135555414231651155665403508
0.028582683439828022314843636309
0.030029816230908501495378004620
0.031476953130492396626394224768
0.032924093597029115143559607759
0.034371237180115823961479293303
0.035818383502096082238175256407
0.037265532243945430346254710230
0.038712683134316798472251974772
0.040159835940956199740181631341
0.041606990463906944055505476854
0.043054146530083999000471095542
0.044501303988906788788870727558
0.045948462708756583616764856970
0.047395622574082835187780915476
0.048842783483023143042967006977
0.050289945345435217716190123838
0.051737108081257282554688003984
0.053184271619137815645395050979
0.054631435895281479919738387707
0.056078600852475096738558590914
0.057525766439259544415829594755
0.058972932609223378819240934945
0.060420099320399635323131093401
0.061867266534744995432060221674
0.063314434217692089346130046579
0.064761602337761084435818759175
0.066208770866221969275677849964
0.067655939776801024554409025313
0.069103109045423050105227957829
0.070550278649986530865589884343
0.071997448570164684911176777860
0.073444618787231019663153119836
0.074891789283904788843138078391
0.076338960044213477473817874852
0.077786131053371745935898218249
0.079233302297672211778056805542
0.080680473764389637469918170609
0.082127645441693819527984032902
0.083574817318572192093029116222
0.085021989384760271457608382661
0.086469161630679233776497483177
0.087916334047379099403407565205
0.089363506626488092843274557708
0.090810679360166332574344494333
0.092257852241064350340415955998
0.093705025262284968867732004583
0.095152198417349079240246112477
0.096599371700164068932359384689
0.098046545104995608266307272061
0.099493718626441268737536915978
0.100940892259406930775433863801
0.102388065999084731938495451686
0.103835239840933415966794939322
0.105282413780659750424106846367
0.106729587814201665185720457885
0.108176761937713139527517114402
0.109623936147549269626289003554
0.111071110440253709161773087999
0.112518284812546512374531459955
0.113965459261312296312951275468
0.115412633783590748426384209324
0.116859808376566315368805248909
0.118306983037559709792674311757
0.119754157764019542042888133437
0.121201332553514590228971314900
0.122648507403726694797718721475
0.124095682312444402506379503848
0.125542857277556429984599617455
0.126990032297046057108147465442
0.128437207368985811806183505723
0.129884382491532529568800669040
0.131331557662922565610230662969
0.132778732881467464999047933816
0.134225908145549854832978553532
0.135673083453619724991767725442
0.137120258804190653378896058712
0.138567434195836808319413080426
0.140014609627189368090682819457
0.141461785096933773120397859202
0.142908960603806978184593390324
0.144356136146594871139114957259
0.145803311724129636139934973471
0.147250487335287588708254702397
0.148697662978986872017728160245
0.150144838654185708293198331376
0.151592014359879928564467377328
0.153039190095101779176545164773
0.154486365858917590321297552691
0.155933541650426665814421767209
0.157380717468759367960728923208
0.158827893313075757530938858508
0.160275069182564317005201814936
0.161722245076440618305468888138
0.163169420993946018283438093022
0.164616596934346437475227276082
0.166063772896931444167378799648
0.167510948881012894373654376068
0.168958124885924237945644676984
0.170405300911019436105320323804
0.171852476955671962244309725065
0.173299653019274080278933070076
0.174746829101235900960631397538
0.176194005200984854520029898595
0.177641181317964524932762060416
0.179088357451634233585835431768
0.180535533601468456410543694801
0.181982709766955824681744502413
0.183429885947598847462103321959
0.184877062142912995668098119495
0.186324238352426618803292512894
0.187771414575679834735311146687
0.189218590812224390917961613923
0.190665767061623137035297759212
0.192112943323449386623380519268
0.193560119597286556247794919727
0.195007295882727804681167071976
0.196454472179375561058378707457
0.197901648486841025276206096351
0.199348824804743862681988275654
0.200796001132711954273446508523
0.202243177470380841587171971696
0.203690353817393421387293983571
0.205137530173399751376450694806
0.206584706538056606106579238258
0.208031882911027254934310803947
0.209479059291980906909458326481
0.210926235680592905064045794461
0.212373412076544004767342244122
0.213820588479520373725861759340
0.215267764889213092383002390307
0.216714941305318126163470537904
0.218162117727536075673100413042
0.219609294155571732609644186596
0.221056470589133996496045142521
0.222503647027935680391408368450
0.223950823471693205579668983773
0.225397999920126435036138445867
0.226845176372958395871748393802
0.228292352829915279333050648347
0.229739529290725857935129283760
0.231186705755121735261781168447
0.232633882222836901876306114900
0.234081058693607457765750723411
0.235528235167171778874362075840
0.236975411643269878725348576154
0.238422588121643685976636106716
0.239869764602036517064931331333
0.241316941084193048450146079631
0.242764117567859177837519268905
0.244211294052781774377436363466
0.245658470538708539887551296488
0.247105647025387870074908391871
0.248552823512568632491337439205
0.250000000000000000000000000000
0.251447176487431367508662560795
0.252894352974612157680667223758
0.254341529461291460112448703512
0.255788705947218253378139252163
0.257235882432140849918056346723
0.258683058915807007061005151627
0.260130235397963538446219899924
0.261577411878356369534515124542
0.263024588356730149030227039475
0.264471764832828248881213539789
0.265918941306392597745400507847
0.267366117777163125879269500729
0.268813294244878264738218831553
0.270260470709274169820446331869
0.271707647170084776178100582911
0.273154823627041576372675990569
0.274602000079873620475012785391
0.276049176528306794420331016227
0.277496352972064375119742862807
0.278943529410866031259530473108
0.280390705844428322901507044662
0.281837882272463979838050818216
0.283285058694681901592105077725
0.284732235110786935372573225322
0.286179411520479709540865087547
0.287626587923456022988233371507
0.289073764319407122691529821168
0.290520940708019148601692904776
0.291968117088972800576840427311
0.293415293461943393893420761742
0.294862469826600304134700536451
0.296309646182606578612706016429
0.297756822529619213923979259562
0.299203998867288101237704722735
0.300651175195256137318011724346
0.302098351513159002479369519278
0.303545527820624494452772523800
0.304992704117272195318832928024
0.306439880402713471507780695902
0.307887056676550641132195096361
0.309334232938376862964702240788
0.310781409187775636837614001706
0.312228585424320193020264468942
0.313675761647573436707858718364
0.315122937857087004331901880505
0.316570114052401208049047909299
0.318017290233044203073831113215
0.319464466398531543589456305199
0.320911642548365794169740183861
0.322358818682035530578389170842
0.323805994799015228746696948292
0.325253170898764099039368602462
0.326700346980725919721066929924
0.328147523044328037755690274935
0.329594699088980591650255291825
0.331041875114075789809930938645
0.332489051118987133381921239561
0.333936227103068583588196815981
0.335383403065653507013621492661
0.336830579006054009472137522607
0.338277754923559437205682343119
0.339724930817435710750373800693
0.341172106686924214713485525863
0.342619282531240687550422308050
0.344066458349573334185578232791
0.345513634141082437434278062938
0.346960809904898193067879219598
0.348407985640120099191108238301
0.349855161345814291706801668624
0.351302337021013155737847455384
0.352749512664712439047320913232
0.354196688275870419371216257787
0.355643863853405184372036273999
0.357091039396193077326557840934
0.358538214903066254635177756427
0.359985390372810687420468411801
0.361432565804163274947313766461
0.362879741195809346621103941288
0.364326916546380330519383505816
0.365774091854450145167021446468
0.367221267118532535000952066184
0.368668442337077462145344952660
0.370115617508467498186774946589
0.371562792631014215949392109906
0.373009967702953970647428150187
0.374457142722443570015400382545
0.375904317687555611371408303967
0.377351492596273319080069086340
0.378798667446485493037755531986
0.380245842235980513468263097820
0.381693016962440345718476919501
0.383140191623433712386770366720
0.384587366216409265451403598490
0.386034540738687759198199955790
0.387481715187453557014407579118
0.388928889559746304716014719816
0.390376063852450772007074419889
0.391823238062286860472482885598
0.393270412185798334814279542115
0.394717586219340277331468769262
0.396164760159066597910992868492
0.397611934000915323572655779572
0.399059107740593055346778328385
0.400506281373558759018038699651
0.401953454895004447244843959197
0.403400628299835972701004038754
0.404847801582650934637541695338
0.406294974737715031132267995417
0.407742147758935691292947467446
0.409189320639833653547867697853
0.410636493373511934912301057921
0.412083665952620914474380242609
0.413530838369320807856865940266
0.414978010615239811809118464225
0.416425182681427863418122115036
0.417872354558306180472015967098
0.419319526235610418041233060649
0.420766697702327774344155386643
0.422213868946628267941889589565
0.423661039955786578037333356406
0.425108210716095225034649729423
0.426555381212768980336846880164
0.428002551429835342844398837769
0.429449721350013524645561346915
0.430896890954577005405923273429
0.432344060223199044834530013759
0.433791229133778044602109957850
0.435238397662238984953120279897
0.436685565782307938409445569050
0.438132733465255053140197105677
0.439579900679600399371338426135
0.441027067390776628119652968962
0.442474233560740448645276501338
0.443921399147524931017017024715
0.445368564104718533958049420107
0.446815728380862253743543988094
0.448262891918742745200887611645
0.449710054654564816978279395698
0.451157216516976877773714704745
0.452604377425917192567794700153
0.454051537291243478833280278195
0.455498696011093273661174407607
0.456945853469916007938422808365
0.458393009536093132272327466126
0.459840164059043821076500080380
0.461287316865683194588854121321
0.462734467756054645981578232750
0.464181616497903959395188167036
0.465628762819884189916308514512
0.467075906402970919550909911777
0.468523046869507631129181390861
0.469970183769091554015773226638
0.471417316560171995032391123459
0.472864444585768373130463260168
0.474311567040990089694219022931
0.475758682928939136136392562548
0.477205790999837675681050086496
0.478652889665439562616455759780
0.480099976876167400252626293877
0.481547049940566407322251052392
0.482994105252806060768477891543
0.484441137868570237401399936061
0.485888140820923186691260298176
0.487335103969170402304911249303
0.488782011961481799300344164294
0.490228840399317189469030608961
0.491675548036678899954665666883
0.493122059251418165537472759752
0.494568218994227537521624071815
0.496013652408838490170950308311
0.497457171025064148750516324071
0.498892214931451638548765004089
0.000000000000000000000000000000
0.001449275362318840380468354390
0.002898550724637680760936708779
0.004347826086956520924564628672
0.005797101449275361521873417558
0.007246376811594202986543944434
0.008695652173913041849129257344
0.010144927536231883313799784219
0.011594202898550723043746835117
0.013043478260869562773693886015
0.014492753623188405973087888867
0.015942028985507245703034939766
0.017391304347826083698258514687
0.018840579710144925162929041562
0.020289855072463766627599568437
0.021739130434782608092270095312
0.023188405797101446087493670234
0.024637681159420287552164197109
0.026086956521739125547387772031
0.027536231884057970481505250859
0.028985507246376811946175777734
0.030434782608695649941399352656
0.031884057971014491406069879531
0.033333333333333332870740406406
0.034782608695652167396517029374
0.036231884057971015800081460156
0.037681159420289850325858083124
0.039130434782608698729422513907
0.040579710144927533255199136875
0.042028985507246374719869663750
0.043478260869565216184540190625
0.044927536231884057649210717500
0.046376811594202892174987340468
0.047826086956521733639657867343
0.049275362318840575104328394218
0.050724637681159416568998921093
0.052173913043478251094775544061
0.053623188405797092559446070936
0.055072463768115940963010501719
0.056521739130434782427681028594
0.057971014492753623892351555469
0.059420289855072458418128178437
0.060869565217391299882798705312
0.062318840579710141347469232187
0.063768115942028982812139759062
0.065217391304347824276810285937
0.066666666666666665741480812812
0.068115942028985493328363531873
0.069565217391304334793034058748
0.071014492753623190135492393438
0.072463768115942031600162920313
0.073913043478260859187045639374
0.075362318840579700651716166249
0.076811594202898542116386693124
0.078260869565217397458845027813
0.079710144927536238923515554688
0.081159420289855066510398273749
0.082608695652173907975068800624
0.084057971014492749439739327499
0.085507246376811590904409854375
0.086956521739130432369080381250
0.088405797101449273833750908125
0.089855072463768115298421435000
0.091304347826086956763091961875
0.092753623188405784349974680936
0.094202898550724625814645207811
0.095652173913043467279315734686
0.097101449275362308743986261561
0.098550724637681150208656788436
0.099999999999999991673327315311
0.101449275362318833137997842186
0.102898550724637674602668369062
0.104347826086956502189551088122
0.105797101449275343654221614997
0.107246376811594185118892141872
0.108695652173913040461350476562
0.110144927536231881926021003437
0.111594202898550723390691530312
0.113043478260869564855362057187
0.114492753623188406320032584063
0.115942028985507247784703110938
0.117391304347826075371585829998
0.118840579710144916836256356873
0.120289855072463758300926883749
0.121739130434782599765597410624
0.123188405797101441230267937499
0.124637681159420282694938464374
0.126086956521739124159608991249
0.127536231884057965624279518124
0.128985507246376807088950044999
0.130434782608695648553620571874
0.131884057971014490018291098750
0.133333333333333331482961625625
0.134782608695652145192056536871
0.136231884057970986656727063746
0.137681159420289828121397590621
0.139130434782608669586068117496
0.140579710144927538806314260000
0.142028985507246380270984786875
0.143478260869565221735655313751
0.144927536231884063200325840626
0.146376811594202876909420751872
0.147826086956521718374091278747
0.149275362318840559838761805622
0.150724637681159401303432332497
0.152173913043478242768102859372
0.153623188405797084232773386248
0.155072463768115953453019528752
0.156521739130434794917690055627
0.157971014492753636382360582502
0.159420289855072477847031109377
0.160869565217391319311701636252
0.162318840579710133020796547498
0.163768115942028974485467074373
0.165217391304347815950137601249
0.166666666666666657414808128124
0.168115942028985498879478654999
0.169565217391304340344149181874
0.171014492753623181808819708749
0.172463768115942023273490235624
0.173913043478260864738160762499
0.175362318840579706202831289374
0.176811594202898547667501816250
0.178260869565217389132172343125
0.179710144927536230596842870000
0.181159420289855072061513396875
0.182608695652173913526183923750
0.184057971014492754990854450625
0.185507246376811568699949361871
0.186956521739130410164619888747
0.188405797101449251629290415622
0.189855072463768093093960942497
0.191304347826086934558631469372
0.192753623188405776023301996247
0.194202898550724617487972523122
0.195652173913043458952643049997
0.197101449275362300417313576872
0.198550724637681141881984103748
0.199999999999999983346654630623
0.201449275362318824811325157498
0.202898550724637666275995684373
0.204347826086956507740666211248
0.205797101449275349205336738123
0.207246376811594190670007264998
0.208695652173913004379102176244
0.210144927536231845843772703120
0.211594202898550687308443229995
0.213043478260869528773113756870
0.214492753623188370237784283745
0.215942028985507211702454810620
0.217391304347826080922700953124
0.218840579710144922387371479999
0.220289855072463763852042006874
0.221739130434782605316712533750
0.223188405797101446781383060625
0.224637681159420288246053587500
0.226086956521739129710724114375
0.227536231884057971175394641250
0.228985507246376812640065168125
0.230434782608695654104735695000
0.231884057971014495569406221875
0.233333333333333337034076748751
0.234782608695652150743171659997
0.236231884057970992207842186872
0.237681159420289833672512713747
0.239130434782608675137183240622
0.240579710144927516601853767497
0.242028985507246358066524294372
0.243478260869565199531194821247
0.244927536231884040995865348123
0.246376811594202882460535874998
0.247826086956521723925206401873
0.249275362318840565389876928748
0.250724637681159379098971839994
0.252173913043478248319217982498
0.253623188405797062028312893744
0.255072463768115931248559036248
0.256521739130434744957653947495
0.257971014492753614177900089999
0.259420289855072427886995001245
0.260869565217391297107241143749
0.262318840579710110816336054995
0.263768115942028980036582197499
0.265217391304347793745677108745
0.266666666666666662965923251249
0.268115942028985476675018162496
0.269565217391304290384113073742
0.271014492753623159604359216246
0.272463768115941973313454127492
0.273913043478260842533700269996
0.275362318840579656242795181242
0.276811594202898525463041323746
0.278260869565217339172136234993
0.279710144927536208392382377497
0.281159420289855077612628520001
0.282608695652173891321723431247
0.284057971014492760541969573751
0.285507246376811574251064484997
0.286956521739130443471310627501
0.288405797101449257180405538747
0.289855072463768126400651681251
0.291304347826086940109746592498
0.292753623188405753818841503744
0.294202898550724623039087646248
0.295652173913043436748182557494
0.297101449275362305968428699998
0.298550724637681119677523611244
0.299999999999999988897769753748
0.301449275362318802606864664995
0.302898550724637671827110807499
0.304347826086956485536205718745
0.305797101449275354756451861249
0.307246376811594168465546772495
0.308695652173913037685792914999
0.310144927536231906906039057503
0.311594202898550720615133968749
0.313043478260869589835380111253
0.314492753623188403544475022500
0.315942028985507272764721165004
0.317391304347826086473816076250
0.318840579710144955694062218754
0.320289855072463713892005898742
0.321739130434782638623403272504
0.323188405797101396821346952493
0.324637681159420266041593094997
0.326086956521739079750688006243
0.327536231884057948970934148747
0.328985507246376762680029059993
0.330434782608695631900275202497
0.331884057971014445609370113743
0.333333333333333314829616256247
0.334782608695652128538711167494
0.336231884057970997758957309998
0.337681159420289811468052221244
0.339130434782608680688298363748
0.340579710144927494397393274994
0.342028985507246363617639417498
0.343478260869565177326734328744
0.344927536231884046546980471248
0.346376811594202860256075382495
0.347826086956521729476321524999
0.349275362318840543185416436245
0.350724637681159412405662578749
0.352173913043478226114757489995
0.353623188405797095335003632499
0.355072463768115909044098543745
0.356521739130434778264344686249
0.357971014492753591973439597496
0.359420289855072461193685740000
0.360869565217391274902780651246
0.362318840579710144123026793750
0.363768115942028957832121704996
0.365217391304347827052367847500
0.366666666666666585250311527489
0.368115942028985509981708901250
0.369565217391304268179652581239
0.371014492753623137399898723743
0.372463768115942006620144866247
0.373913043478260820329239777493
0.375362318840579689549485919997
0.376811594202898503258580831243
0.378260869565217372478826973747
0.379710144927536186187921884994
0.381159420289855055408168027498
0.382608695652173869117262938744
0.384057971014492738337509081248
0.385507246376811552046603992494
0.386956521739130421266850134998
0.388405797101449234975945046244
0.389855072463768104196191188748
0.391304347826086917905286099995
0.392753623188405787125532242499
0.394202898550724600834627153745
0.395652173913043470054873296249
0.397101449275362283763968207495
0.398550724637681152984214349999
0.399999999999999966693309261245
0.401449275362318835913555403749
0.402898550724637649622650314996
0.404347826086956518842896457500
0.405797101449275332551991368746
0.407246376811594201772237511250
0.408695652173913015481332422496
0.410144927536231884701578565000
0.411594202898550698410673476246
0.413043478260869567630919618750
0.414492753623188381340014529997
0.415942028985507250560260672501
0.417391304347826008758204352489
0.418840579710144877978450494993
0.420289855072463691687545406239
0.421739130434782560907791548743
0.423188405797101374616886459989
0.424637681159420243837132602494
0.426086956521739057546227513740
0.427536231884057926766473656244
0.428985507246376740475568567490
0.430434782608695609695814709994
0.431884057971014423404909621240
0.433333333333333292625155763744
0.434782608695652161845401906248
0.436231884057970975554496817495
0.437681159420289844774742959999
0.439130434782608658483837871245
0.440579710144927527704084013749
0.442028985507246341413178924995
0.443478260869565210633425067499
0.444927536231884024342519978745
0.446376811594202893562766121249
0.447826086956521707271861032496
0.449275362318840576492107175000
0.450724637681159390201202086246
0.452173913043478259421448228750
0.453623188405797073130543139996
0.455072463768115942350789282500
0.456521739130434756059884193746
0.457971014492753625280130336250
0.459420289855072438989225247497
0.460869565217391308209471390001
0.462318840579710121918566301247
0.463768115942028991138812443751
0.465217391304347749336756123739
0.466666666666666674068153497501
0.468115942028985432266097177489
0.469565217391304301486343319993
0.471014492753623115195438231240
0.472463768115941984415684373744
0.473913043478260798124779284990
0.475362318840579667345025427494
0.476811594202898481054120338740
0.478260869565217350274366481244
0.479710144927536163983461392490
0.481159420289855033203707534994
0.482608695652173846912802446241
0.484057971014492716133048588745
0.485507246376811529842143499991
0.486956521739130399062389642495
0.488405797101449212771484553741
0.489855072463768081991730696245
0.491304347826086895700825607491
0.492753623188405764921071749995
0.494202898550724578630166661242
0.495652173913043447850412803746
0.497101449275362317070658946250
0.498550724637681130779753857496
0.500000000000000000000000000000
0.501449275362318758197943679988
0.502898550724637627418189822492
0.504347826086956496638435964996
0.505797101449275365858682107500
0.507246376811594124056625787489
0.508695652173912993276871929993
0.510144927536231862497118072497
0.511594202898550731717364215001
0.513043478260869489915307894989
0.514492753623188359135554037493
0.515942028985507228355800179997
0.517391304347826097576046322501
0.518840579710144855773990002490
0.520289855072463724994236144994
0.521739130434782594214482287498
0.523188405797101463434728430002
0.524637681159420221632672109990
0.526086956521739090852918252494
0.527536231884057960073164394998
0.528985507246376829293410537502
0.530434782608695587491354217491
0.531884057971014456711600359995
0.533333333333333325931846502499
0.534782608695652195152092645003
0.536231884057970953350036324991
0.537681159420289822570282467495
0.539130434782608580768226147484
0.540579710144927561010774752503
0.542028985507246319208718432492
0.543478260869565188428964574996
0.544927536231883946626908254984
0.546376811594202815847154397488
0.547826086956521685067400539992
0.549275362318840554287646682496
0.550724637681159312485590362485
0.552173913043478181705836504989
0.553623188405797050926082647493
0.555072463768115920146328789997
0.556521739130434678344272469985
0.557971014492753547564518612489
0.559420289855072416784764754993
0.560869565217391286005010897497
0.562318840579710155225257040001
0.563768115942028913423200719990
0.565217391304347782643446862494
0.566666666666666651863693004998
0.568115942028985521083939147502
0.569565217391304279281882827490
0.571014492753623148502128969994
0.572463768115942017722375112498
0.573913043478260886942621255002
0.575362318840579645140564934991
0.576811594202898514360811077495
0.578260869565217383581057219999
0.579710144927536252801303362503
0.581159420289855010999247042491
0.582608695652173880219493184995
0.584057971014492749439739327499
0.585507246376811507637683007488
0.586956521739130487880231612507
0.588405797101449246078175292496
0.589855072463768004276118972484
0.591304347826086873496365114988
0.592753623188405853738913720008
0.594202898550724611936857399996
0.595652173913043370134801079985
0.597101449275362239355047222489
0.598550724637681108575293364993
0.599999999999999977795539507497
0.601449275362318735993483187485
0.602898550724637605213729329989
0.604347826086956474433975472493
0.605797101449275343654221614997
0.607246376811594101852165294986
0.608695652173912971072411437490
0.610144927536231840292657579994
0.611594202898550709512903722498
0.613043478260869467710847402486
0.614492753623188336931093544990
0.615942028985507206151339687494
0.617391304347826075371585829998
0.618840579710144833569529509987
0.620289855072463813812078115006
0.621739130434782572010021794995
0.623188405797101441230267937499
0.624637681159420199428211617487
0.626086956521739179670760222507
0.627536231884057937868703902495
0.628985507246376807088950044999
0.630434782608695565286893724988
0.631884057971014545529442330007
0.633333333333333303727386009996
0.634782608695652172947632152500
0.636231884057970931145575832488
0.637681159420289911388124437508
0.639130434782608669586068117496
0.640579710144927427784011797485
0.642028985507246297004257939989
0.643478260869565277246806545008
0.644927536231884035444750224997
0.646376811594202793642693904985
0.647826086956521662862940047489
0.649275362318840532083186189993
0.650724637681159401303432332497
0.652173913043478159501376012486
0.653623188405797028721622154990
0.655072463768115897941868297494
0.656521739130434767162114439998
0.657971014492753525360058119986
0.659420289855072394580304262490
0.660869565217391263800550404994
0.662318840579710133020796547498
0.663768115942028891218740227487
0.665217391304347760438986369991
0.666666666666666629659232512495
0.668115942028985498879478654999
0.669565217391304257077422334987
0.671014492753623126297668477491
0.672463768115941995517914619995
0.673913043478260864738160762499
0.675362318840579622936104442488
0.676811594202898492156350584992
0.678260869565217361376596727496
0.679710144927536230596842870000
0.681159420289854988794786549988
0.682608695652173969037335155008
0.684057971014492727235278834996
0.685507246376811596455524977500
0.686956521739130354653468657489
0.688405797101449334896017262508
0.689855072463768093093960942497
0.691304347826086851291904622485
0.692753623188405720512150764989
0.694202898550724700754699370009
0.695652173913043458952643049997
0.697101449275362217150586729986
0.698550724637681086370832872490
0.699999999999999955591079014994
0.701449275362318824811325157498
0.702898550724637583009268837486
0.704347826086956452229514979990
0.705797101449275321449761122494
0.707246376811594190670007264998
0.708695652173912948867950944987
0.710144927536231818088197087491
0.711594202898550687308443229995
0.713043478260869556528689372499
0.714492753623188314726633052487
0.715942028985507183946879194991
0.717391304347826053167125337495
0.718840579710144922387371479999
0.720289855072463680585315159988
0.721739130434782549805561302492
0.723188405797101419025807444996
0.724637681159420288246053587500
0.726086956521739046443997267488
0.727536231884057915664243409992
0.728985507246376784884489552496
0.730434782608695654104735695000
0.731884057971014412302679374989
0.733333333333333170500623054977
0.734782608695652150743171659997
0.736231884057971019963417802501
0.737681159420289778161361482489
0.739130434782608536359305162478
0.740579710144927516601853767497
0.742028985507246274799797447486
0.743478260869565144020043589990
0.744927536231884013240289732494
0.746376811594202882460535874998
0.747826086956521640658479554986
0.749275362318840509878725697490
0.750724637681159379098971839994
0.752173913043478248319217982498
0.753623188405797006517161662487
0.755072463768115875737407804991
0.756521739130434744957653947495
0.757971014492753614177900089999
0.759420289855072372375843769987
0.760869565217391241596089912491
0.762318840579710110816336054995
0.763768115942028980036582197499
0.765217391304347738234525877488
0.766666666666666607454772019992
0.768115942028985476675018162496
0.769565217391304345895264305000
0.771014492753623104093207984988
0.772463768115941973313454127492
0.773913043478260842533700269996
0.775362318840579711753946412500
0.776811594202898469951890092489
0.778260869565217339172136234993
0.779710144927536208392382377497
0.781159420289855077612628520001
0.782608695652173835810572199989
0.784057971014492594008515879977
0.785507246376811574251064484997
0.786956521739130332449008164986
0.788405797101449201669254307490
0.789855072463767959867197987478
0.791304347826086940109746592498
0.792753623188405698307690272486
0.794202898550724567527936414990
0.795652173913043325725880094978
0.797101449275362305968428699998
0.798550724637681064166372379987
0.799999999999999933386618522491
0.801449275362318691584562202479
0.802898550724637671827110807499
0.804347826086956430025054487487
0.805797101449275299245300629991
0.807246376811594168465546772495
0.808695652173913037685792914999
0.810144927536231795883736594988
0.811594202898550665103982737492
0.813043478260869534324228879996
0.814492753623188403544475022500
0.815942028985507161742418702488
0.817391304347826030962664844992
0.818840579710144900182910987496
0.820289855072463769403157130000
0.821739130434782527601100809989
0.823188405797101396821346952493
0.824637681159420266041593094997
0.826086956521739135261839237501
0.827536231884057893459782917489
0.828985507246376762680029059993
0.830434782608695631900275202497
0.831884057971014501120521345001
0.833333333333333259318465024990
0.834782608695652017516408704978
0.836231884057970997758957309998
0.837681159420289755956900989986
0.839130434782608625177147132490
0.840579710144927383375090812478
0.842028985507246363617639417498
0.843478260869565121815583097487
0.844927536231883991035829239991
0.846376811594202749233772919979
0.847826086956521729476321524999
0.849275362318840487674265204987
0.850724637681159356894511347491
0.852173913043478115092455027479
0.853623188405797095335003632499
0.855072463768115853532947312488
0.856521739130434722753193454992
0.857971014492753480951137134980
0.859420289855072461193685740000
0.860869565217391219391629419988
0.862318840579710088611875562492
0.863768115942028846809819242480
0.865217391304347827052367847500
0.866666666666666585250311527489
0.868115942028985454470557669993
0.869565217391304323690803812497
0.871014492753623192911049955001
0.872463768115941951108993634989
0.873913043478260820329239777493
0.875362318840579689549485919997
0.876811594202898558769732062501
0.878260869565217316967675742490
0.879710144927536075165619422478
0.881159420289855055408168027498
0.882608695652173924628414170002
0.884057971014492682826357849990
0.885507246376811441024301529978
0.886956521739130421266850134998
0.888405797101449179464793814986
0.889855072463768048685039957491
0.891304347826086806882983637479
0.892753623188405787125532242499
0.894202898550724545323475922487
0.895652173913043414543722064991
0.897101449275362172741665744979
0.898550724637681152984214349999
0.899999999999999911182158029987
0.901449275362318780402404172492
0.902898550724637538600347852480
0.904347826086956518842896457500
0.905797101449275277040840137488
0.907246376811594146261086279992
0.908695652173912904459029959980
0.910144927536231884701578565000
0.911594202898550642899522244988
0.913043478260869512119768387493
0.914492753623188270317712067481
0.915942028985507250560260672501
0.917391304347826008758204352489
0.918840579710144877978450494993
0.920289855072463636176394174981
0.921739130434782616418942780001
0.923188405797101374616886459989
0.924637681159420243837132602494
0.926086956521739002035076282482
0.927536231884057982277624887502
0.928985507246376740475568567490
0.930434782608695498673512247478
0.931884057971014478916060852498
0.933333333333333348136306995002
0.934782608695652106334250674990
0.936231884057970864532194354979
0.937681159420289844774742959999
0.939130434782608602972686639987
0.940579710144927472192932782491
0.942028985507246230390876462479
0.943478260869565210633425067499
0.944927536231883968831368747487
0.946376811594202838051614889991
0.947826086956521596249558569980
0.949275362318840576492107175000
0.950724637681159334690050854988
0.952173913043478203910296997492
0.953623188405796962108240677480
0.955072463768115942350789282500
0.956521739130434700548732962488
0.957971014492753569768979104992
0.959420289855072327966922784981
0.960869565217391308209471390001
0.962318840579710066407415069989
0.963768115942028935627661212493
0.965217391304347693825604892481
0.966666666666666674068153497501
0.968115942028985432266097177489
0.969565217391304301486343319993
0.971014492753623059684286999982
0.972463768115942039926835605002
0.973913043478260798124779284990
0.975362318840579667345025427494
0.976811594202898425542969107482
0.978260869565217405785517712502
0.979710144927536163983461392490
0.981159420289854922181405072479
0.982608695652173791401651214983
0.984057971014492771644199820003
0.985507246376811529842143499991
0.986956521739130288040087179979
0.988405797101449157260333322483
0.989855072463768026480579464987
0.991304347826086895700825607491
0.992753623188405653898769287480
0.994202898550724634141317892500
0.995652173913043392339261572488
0.997101449275362261559507714992
0.998550724637681019757451394980
0.000062165374300617449575961926
0.000144704170158965262412559261
0.000227353229516788349958561488
0.000309994107927947517514694065
0.000392611487574690486927059263
0.000475197044585440168430745533
0.000557743554935511906545109184
0.000640244059097409791078692187
0.000722691681779060639614908901
0.000805079581591179723951134939
0.000887400934418912682929980740
0.000969648927339064083119613002
0.001051816756332324366216002254
0.001133897625516630276037988168
0.001215884747046028311473486738
0.001297771341321689092182523062
0.001379550637358528154818859690
0.001461215873233172486689301905
0.001542760296576025464895809414
0.001624177165088382503513320110
0.001705459747073193336672214393
0.001786601321975250789009237451
0.001867595180924884988582501677
0.001948434627285434506474559591
0.002029112977201184137010514519
0.002109623560146631909839598507
0.002189959719475127481597143131
0.002270114812967419671424496030
0.002350082213379257704832792086
0.002429855308988544682069488090
0.002509427504140966224549513797
0.002588792219795068780263669339
0.002667942894065236745376745731
0.002746872982764404606814689913
0.002825575959944555144015554404
0.002904045318436130392741878481
0.002982274570386031411345362230
0.003060257247793637860183713073
0.003137986903045790650079727158
0.003215457109449388912320033640
0.003292661461763067998892440258
0.003369593576726626245332330001
0.003446247093588509276956832750
0.003522615674632047048919769594
0.003598693005699148649012553136
0.003674472796712399853824582152
0.003749948782195271571038297509
0.003825114721789931327561307128
0.003899964400773071101363731472
0.003974491630570129233057663498
0.004048690249266721601084650928
0.004122554122117905693600814487
0.004196077142055743350312901896
0.004269253230194046747070224512
0.004342076336330971154942037771
0.004414540439449284904560588672
0.004486639548214137011850066727
0.004558367701468610429238470516
0.004629718968726183152273545574
0.004700687450661419040931487956
0.004771267279597648028333090053
0.004841452619992010417138139644
0.004911237668917945060897967124
0.004980616656545143981771328612
0.005049583846616261320616736441
0.005118133536921666386365625812
0.005186260059770448835325673542
0.005253957782459234629457434096
0.005321221107737902043799405050
0.005388044474272304408535294584
0.005454422357104121883708547358
0.005520349268107687008833028841
0.005585819756443595809902724625
0.005650828409009482633518217654
0.005715369850887897992808284187
0.005779438745789911187344944921
0.005843029796497150804568398996
0.005906137745299225652595431768
0.005968757374428851521230843247
0.006030883506492724401015781410
0.006092511004900177593035515144
0.006153634774287448233609509884
0.006214249760939175200313844272
0.006274350953206054605504338184
0.006333933381919500289758406808
0.006392992120802194755402325654
0.006451522286875458617183554111
0.006509519040863283312337017605
0.006566977587591917714382461213
0.006623893176386721690085401804
0.006680261101464836370755762118
0.006736076702324238392460831193
0.006791335364129180707237765091
0.006846032518091475262134171231
0.006900163641848648839183244519
0.006953724259837342283607775073
0.007006709943663908153610453411
0.007059116312470185838900960107
0.007110939033295731771799896848
0.007162173821436168194565219380
0.007212816440797517776595260131
0.007262862704246173667366193172
0.007312308473955343723904576336
0.007361149661747061652417034594
0.007409382229430282011672925790
0.007457002189134559477778907421
0.007504005603640095597994807974
0.007550388586702782602044781157
0.007596147303376078740999588490
0.007641277970327698537689187219
0.007685776856152445879466483802
0.007729640281681031226124201083
0.007772864620283840772496652960
0.007815446298171045344527207988
0.007857381794688025541950615604
0.007898667642606544206373975214
0.007939300428411209115120428237
0.007979276792581884228394706327
0.008018593429871451877533061747
0.008057247089578912016549772090
0.008095234575818347627640392261
0.008132552747783105759338262430
0.008169198520005475222527380197
0.008205168862611612878854572273
0.008240460801572440166506972048
0.008275071418949234841599960077
0.008308997853134870298363878760
0.008342237299090657365319145811
0.008374787008578027033833812709
0.008406644290385921480801556527
0.008437806510553097147364631780
0.008468271092586203765972818758
0.008498035517672395539046092949
0.008527097324888148477395333202
0.008555454111402122432950001496
0.008583103532674248373202097184
0.008610043302649505667090146233
0.008636271193946623569992482317
0.008661785038042754680809309775
0.008686582725452350953188052074
0.008710662205901775756444749277
0.008734021488498713500781001073
0.008756658641896904182733152311
0.008778571794455665086576168221
0.008799759134394917817201253740
0.008820218909944553195567884529
0.008839949429489556489980550680
0.008858949061710067254815648141
0.008877216235715693765095934964
0.008894749441175893098221472144
0.008911547228444673465763692377
0.008927608208680376869481598590
0.008942931053960540346836616266
0.008957514497391898256051234739
0.008971357333214777934893291444
0.008984458416903044059020899681
0.008996816665258594233889333225
0.009008431056501110117951114376
0.009019300630352295594649447708
0.009029424488115346189576193581
0.009038801792749451974318120051
0.009047431768938650475941898321
0.009055313703156268184679689170
0.009062446943723736353382136599
0.009068830900864395180849264477
0.009074465046752525770878960998
0.009079348915556631482992600013
0.009083482103478411964769811959
0.009086864268785679529805143773
0.009089495131840926583910444947
0.009091374475124227444444713342
0.009092502143251468549323135449
0.009092878042987055306478616501
0.009092502143251468549323135449
0.009091374475124227444444713342
0.009089495131840926583910444947
0.009086864268785679529805143773
0.009083482103478411964769811959
0.009079348915556631482992600013
0.009074465046752525770878960998
0.009068830900864395180849264477
0.009062446943723736353382136599
0.009055313703156268184679689170
0.009047431768938650475941898321
0.009038801792749451974318120051
0.009029424488115346189576193581
0.009019300630352295594649447708
0.009008431056501110117951114376
0.008996816665258594233889333225
0.008984458416903044059020899681
0.008971357333214777934893291444
0.008957514497391898256051234739
0.008942931053960540346836616266
0.008927608208680376869481598590
0.008911547228444673465763692377
0.008894749441175893098221472144
0.008877216235715693765095934964
0.008858949061710067254815648141
0.008839949429489556489980550680
0.008820218909944553195567884529
0.008799759134394917817201253740
0.008778571794455665086576168221
0.008756658641896904182733152311
0.008734021488498713500781001073
0.008710662205901775756444749277
0.008686582725452350953188052074
0.008661785038042754680809309775
0.008636271193946623569992482317
0.008610043302649505667090146233
0.008583103532674248373202097184
0.008555454111402122432950001496
0.008527097324888148477395333202
0.008498035517672395539046092949
0.008468271092586203765972818758
0.008437806510553097147364631780
0.008406644290385921480801556527
0.008374787008578027033833812709
0.008342237299090657365319145811
0.008308997853134870298363878760
0.008275071418949234841599960077
0.008240460801572440166506972048
0.008205168862611612878854572273
0.008169198520005475222527380197
0.008132552747783105759338262430
0.008095234575818347627640392261
0.008057247089578912016549772090
0.008018593429871451877533061747
0.007979276792581884228394706327
0.007939300428411209115120428237
0.007898667642606544206373975214
0.007857381794688025541950615604
0.007815446298171045344527207988
0.007772864620283840772496652960
0.007729640281681031226124201083
0.007685776856152445879466483802
0.007641277970327698537689187219
0.007596147303376078740999588490
0.007550388586702782602044781157
0.007504005603640095597994807974
0.007457002189134559477778907421
0.007409382229430282011672925790
0.007361149661747061652417034594
0.007312308473955343723904576336
0.007262862704246173667366193172
0.007212816440797517776595260131
0.007162173821436168194565219380
0.007110939033295731771799896848
0.007059116312470185838900960107
0.007006709943663908153610453411
0.006953724259837342283607775073
0.006900163641848648839183244519
0.006846032518091475262134171231
0.006791335364129180707237765091
0.006736076702324238392460831193
0.006680261101464836370755762118
0.006623893176386721690085401804
0.006566977587591917714382461213
0.006509519040863283312337017605
0.006451522286875458617183554111
0.006392992120802194755402325654
0.006333933381919500289758406808
0.006274350953206054605504338184
0.006214249760939175200313844272
0.006153634774287448233609509884
0.006092511004900177593035515144
0.006030883506492724401015781410
0.005968757374428851521230843247
0.005906137745299225652595431768
0.005843029796497150804568398996
0.005779438745789911187344944921
0.005715369850887897992808284187
0.005650828409009482633518217654
0.005585819756443595809902724625
0.005520349268107687008833028841
0.005454422357104121883708547358
0.005388044474272304408535294584
0.005321221107737902043799405050
0.005253957782459234629457434096
0.005186260059770448835325673542
0.005118133536921666386365625812
0.005049583846616261320616736441
0.004980616656545143981771328612
0.004911237668917945060897967124
0.004841452619992010417138139644
0.004771267279597648028333090053
0.004700687450661419040931487956
0.004629718968726183152273545574
0.004558367701468610429238470516
0.004486639548214137011850066727
0.004414540439449284904560588672
0.004342076336330971154942037771
0.004269253230194046747070224512
0.004196077142055743350312901896
0.004122554122117905693600814487
0.004048690249266721601084650928
0.003974491630570129233057663498
0.003899964400773071101363731472
0.003825114721789931327561307128
0.003749948782195271571038297509
0.003674472796712399853824582152
0.003598693005699148649012553136
0.003522615674632047048919769594
0.003446247093588509276956832750
0.003369593576726626245332330001
0.003292661461763067998892440258
0.003215457109449388912320033640
0.003137986903045790650079727158
0.003060257247793637860183713073
0.002982274570386031411345362230
0.002904045318436130392741878481
0.002825575959944555144015554404
0.002746872982764404606814689913
0.002667942894065236745376745731
0.002588792219795068780263669339
0.002509427504140966224549513797
0.002429855308988544682069488090
0.002350082213379257704832792086
0.002270114812967419671424496030
0.002189959719475127481597143131
0.002109623560146631909839598507
0.002029112977201184137010514519
0.001948434627285434506474559591
0.001867595180924884988582501677
0.001786601321975250789009237451
0.001705459747073193336672214393
0.001624177165088382503513320110
0.001542760296576025464895809414
0.001461215873233172486689301905
0.001379550637358528154818859690
0.001297771341321689092182523062
0.001215884747046028311473486738
0.001133897625516630276037988168
0.001051816756332324366216002254
0.000969648927339064083119613002
0.000887400934418912682929980740
0.000805079581591179723951134939
0.000722691681779060639614908901
0.000640244059097409791078692187
0.000557743554935511906545109184
0.000475197044585440168430745533
0.000392611487574690486927059263
0.000309994107927947517514694065
0.000227353229516788349958561488
0.000144704170158965262412559261
0.000062165374300617449575961926
