0.001082714984898127058912664644
0.002485282672031967083486891923
0.003896133279381319702849850728
0.005308855351662433025294873801
0.006722287314744751496320418482
0.008136062795666235483715844623
0.009550030254013174360605553659
0.010964115779030978586883193771
0.012378279058151843428081662069
0.013792496244997563478729141195
0.015206752335162981165650464277
0.016621037417448390055563223200
0.018035344682585767450699876235
0.019449669298154996510685776911
0.020864007739930353485524605617
0.022278357377367247194044352909
0.023692716207274013007211266313
0.025107082677349318311499359879
0.026521455566100454043221290590
0.027935833899190878198970366952
0.029350216889947343401612300795
0.030764603896258759657689196843
0.032178994388831497208691700962
0.033593387927457189767732614882
0.035007784143027846635032318545
0.036422182723739912613147851062
0.037836583404389244333909658735
0.039250985957979121765415442269
0.040665390189079629601476284506
0.042079795928524364734268914390
0.043494203029142100569437445756
0.044908611362294188762422919581
0.046323020815046835052530838084
0.047737431287844515892526686685
0.049151842692586572569624081552
0.050566254951024666719483491306
0.051980667993423511352713006772
0.053395081757433626723496900013
0.054809496187137762834851173466
0.056223911232243184432633142933
0.057638326847390612683863508892
0.059052742991564370622636914732
0.060467159627584018966039991483
0.061881576721666151086331808528
0.063295994243044995108959938079
0.064710412163642608285307744609
0.066124830457781572090603106062
0.067539249101933471197689584642
0.068953668074498694617879834823
0.070368087355612313205099894731
0.071782506926973646543821416799
0.073196926771694759139563757344
0.074611346874166553644336374873
0.076025767219940115770882016477
0.077440187795620465949220090351
0.078854608588772134858402296231
0.080269029587834675454338650979
0.081683450782046806981639974765
0.083097872161378399935571792412
0.084512293716469441551275565416
0.085926715438574524652537434122
0.087341137319513484360555821695
0.088755559351626142627900151183
0.090169981527731354886689985051
0.091584403841090303299843355944
0.092998826285372690469976930672
0.094413248854626097283926355885
0.095827671543248185703767205723
0.097242094345961163637248603209
0.098656517257788581276578554480
0.100070940274033681749443758235
0.101485363390260416305288515559
0.102899786602275208902135261724
0.104314209906110316739002996655
0.105728633298009327967648118829
0.107143056774412367970761295055
0.108557480331943956297635622832
0.109971903967400932988773831767
0.111386327677741148178824914794
0.112800751460073955811935775273
0.114215175311650346534619870909
0.115629599229854329589528560973
0.117044023212195216765429961470
0.118458447256299614913643836189
0.119872871359904861754408500474
0.121287295520852406172096493719
0.122701719737081729744154756645
0.124116144006624976037223007097
0.125530568327601371736434998638
0.126944992698212633097654133962
0.128359417116738233621831000164
0.129773841581531212963085408774
0.131188266091014138492454321749
0.132602690643675524828637435348
0.134017115238066059079713454594
0.135431539872795519974246758466
0.136845964546529780259120911978
0.138260389257987698075069715742
0.139674814005938507932569336845
0.141089238789199211687730439735
0.142503663606632330340673320279
0.143918088457143600322751808562
0.145332513339679503250323477914
0.146746938253225905901544479093
0.148161363196805673236866596199
0.149575788169476919797773462051
0.150990213170331510905697314229
0.152404638198493369571906441706
0.153819063253117144229875634664
0.155233488333386349111719937355
0.156647913438512503825350563602
0.158062338567733634553391652844
0.159476763720312997296701951200
0.160891188895538106429228264460
0.162305614092719513452678370413
0.163720039311189780040223240576
0.165134464550302700880379802584
0.166548889809432054676108236890
0.167963315087970938010997201673
0.169377740385330849415268517077
0.170792165700940939965235543241
0.172206591034247291638337173936
0.173621016384712001379142520818
0.175035441751812653743414216478
0.176449867135041515986415561201
0.177864292533905288262729982307
0.179278717947923910136509562108
0.180693143376630588337050653536
0.182107568819570742046920486246
0.183521994276301808612927857212
0.184936419746392632923459586891
0.186350845229423023319270669163
0.187765270724983224237547574376
0.189179696232673527633849630547
0.190594121752103856648474788926
0.192008547282893377028401005191
0.193422972824669997526925158127
0.194837398377070203370209355853
0.196251823939738528901344238875
0.197666249512327196757865976906
0.199080675094495951338302575095
0.200495100685911670224115255223
0.201909526286247892334912990009
0.203323951895184873439603734369
0.204738377512408892267004034693
0.206152803137612333772565875734
0.207567228770493161782439983654
0.208981654410754891237900210399
0.210396080058106116350558068007
0.211810505712260399580060266089
0.213224931372936077345059402433
0.214639357039855926956306575448
0.216053782712747000083197690401
0.217468208391340428464744150006
0.218882634075371201864967929396
0.220297059764577918272721035464
0.221711485458702756146109891233
0.223125911157491002567709870164
0.224540336860691192022443374299
0.225954762568054690063945599832
0.227369188279335582292262074589
0.228783613994290535575970579885
0.230198039712678631518727456751
0.231612465434261199925813912159
0.233026891158801569003955478365
0.234441316886064954339019550389
0.235855742615818486651591001646
0.237270168347830656685459871369
0.238684594081871565007801905267
0.240099019817712561186695552351
0.241513445555126216035546349303
0.242927871293885905279452686045
0.244342297033766087110961962026
0.245756722774541719322982658014
0.247171148515988509108964876759
0.248585574257882496729266108559
0.250000000000000000000000000000
0.251414425742117531026309507070
0.252828851484011518646610738870
0.254243277225458308432592957615
0.255657702966233968400189269232
0.257072128706114122476122929584
0.258486554444873839475604881954
0.259900980182287466568880063278
0.261315405918128462747773710362
0.262729831652169398825691359889
0.264144257384181568859560229612
0.265558683113935045660980449611
0.266973108841198514262771368521
0.268387534565738827829761703470
0.269801960287321396236848158878
0.271216386005709519935180651373
0.272630811720664445463313541040
0.274045237431945365447205631426
0.275459663139308863488707856959
0.276874088842509025187865745465
0.278288514541297271609465724396
0.279702940235422137238430195794
0.281117365924628825890607686233
0.282531791608659599290831465623
0.283946217287253055427953540857
0.285360642960144073043693424552
0.286775068627063978166091828825
0.288189494287739600419939733911
0.289603919941893939160593163251
0.291018345589245108762099789601
0.292432771229506838217560016346
0.293847196862387693983009739895
0.295261622487591135488571580936
0.296676048104815126560396265631
0.298090473713752135420662625620
0.299504899314088357531460360406
0.300919324905504048661697424905
0.302333750487672858753285254352
0.303748176060261498854231376754
0.305162601622929796629790644147
0.306577027175330030228650457502
0.307991452717106650727174610438
0.309405878247896171107100826703
0.310820303767326500121725985082
0.312234729275016831273603656882
0.313649154770576976680729330837
0.315063580253607367076540413109
0.316478005723698219142647758417
0.317892431180429313464230745012
0.319306856623369439418524962093
0.320721282052076117619066053521
0.322135707466094711737270017693
0.323550132864958484013584438799
0.324964558248187429523312630408
0.326378983615287998620857479182
0.327793408965752708361662826064
0.329207834299059087790340072388
0.330622259614669233851458329809
0.332036684912029089744578413956
0.333451110190567945323891763110
0.334865535449697382386347044303
0.336279960688810219959776759424
0.337694385907280569814048476474
0.339108811104462004593074198056
0.340523236279686947192146817542
0.341937661432266393202183962785
0.343352086561487579441376283285
0.344766511666613650888280062645
0.346180936746882939036851212222
0.347595361801506630428093558294
0.349009786829668489094302685771
0.350424211830523080202226537949
0.351838636803194382274284635059
0.353253061746774121854031136536
0.354667486660320496749676522086
0.356081911542856455188399422696
0.357496336393367697414902295350
0.358910761210800843823420791523
0.360325185994061547578581894413
0.361739610742012329680505899887
0.363154035453470303007605934908
0.364568460127204507781328857163
0.365982884761933968675862161035
0.367397309356324530682513795909
0.368811733908985917018696909508
0.370226158418468842548065822484
0.371640582883261794133744615465
0.373055007301787422413497097295
0.374469431672398656019140616991
0.375883855993375093351716031975
0.377298280262918284133633051169
0.378712704479147621583479121909
0.380127128640095179878954922970
0.381541552743700385086356163811
0.382955976787804852623509077603
0.384370400770145670410471439027
0.385784824688349681220955744720
0.387199248539926099699215455985
0.388613672322258907332326316464
0.390028096032599080889013976048
0.391442519668056099213515608426
0.392856943225587729173753359646
0.394271366701990699787927496800
0.395685790093889711016572618973
0.397100213397724832731228161720
0.398514636609739625328074907884
0.399929059725966373761707473022
0.401343482742211488112360484593
0.402757905654038905751690435864
0.404172328456751883685171833349
0.405586751145373958227224875372
0.407001173714627351163386492772
0.408415596158909710577944451870
0.409830018472268686746673438392
0.411244440648373954516614503518
0.412658862680486571150595409563
0.414073284561425447591886950249
0.415487706283530600082087858027
0.416902127838621627820003823217
0.418316549217953193018360025235
0.419730970412165338423449156835
0.421145391411227865141597703769
0.422559812204379603439718948721
0.423974232780059911984693599152
0.425388653125833460233451432941
0.426803073228305296371587473914
0.428217493073026367333966391016
0.429631912644387714550475720898
0.431046331925501347015483588621
0.432460750898066570435673838801
0.433875169542218497298335933010
0.435289587836357405592480063206
0.436704005756955060402191293178
0.438118423278333835035880383657
0.439532840372416022667323431961
0.440947257008435622438469181361
0.442361673152609380377242587201
0.443776088767756815567366857067
0.445190503812862292676300057792
0.446604918242566373276503099987
0.448019332006576509463968704949
0.449433745048975374913879932137
0.450848157307413455185951534077
0.452262568712155532679730640666
0.453676979184953199641938681452
0.455091388637705818176470984326
0.456505796970857968819501593316
0.457920204071475656082412797332
0.459334609810920391215205427216
0.460749014042020899051266269453
0.462163416595610776482772052987
0.463577817276260073509064341124
0.464992215856972201937225008805
0.466406612072542858804524712468
0.467821005611168516669096106853
0.469235396103741264628439466833
0.470649783110052677415069410927
0.472064166100809146087158296723
0.473478544433899584120695180900
0.474892917322650764955227487008
0.476307283792725966176107021965
0.477721642622632780561531262720
0.479135992260069643045028442430
0.480550330701844996550420319181
0.481964655317414281121557451115
0.483378962582551641169459344383
0.484793247664837056998266007213
0.486207503755002490297698614086
0.487621720941848191266387857468
0.489035884220969052638139373812
0.490449969745986869007481345761
0.491863937204333800945477150890
0.493277712685255276259255197147
0.494691144648337577383045982060
0.496103866720618735808301380530
0.497514717327968092330792160283
0.498917285015101907852397289389
0.000000000000000000000000000000
0.001416430594900849708472900801
0.002832861189801699416945801602
0.004249291784702549125418702403
0.005665722379603398833891603203
0.007082152974504249409726241993
0.008498583569405098250837404805
0.009915014164305948826672043594
0.011331444759206797667783206407
0.012747875354107648243617845196
0.014164305949008498819452483986
0.015580736543909347660563646798
0.016997167138810196501674809610
0.018413597733711047077509448400
0.019830028328611897653344087189
0.021246458923512748229178725978
0.022662889518413595335566412814
0.024079320113314445911401051603
0.025495750708215296487235690392
0.026912181303116147063070329182
0.028328611898016997638904967971
0.029745042492917844745292654807
0.031161473087818695321127293596
0.032577903682719545896961932385
0.033994334277620393003349619221
0.035410764872521247048631209964
0.036827195467422094155018896799
0.038243626062322948200300487542
0.039660056657223795306688174378
0.041076487252124649351969765121
0.042492917847025496458357451957
0.043909348441926343564745138792
0.045325779036827190671132825628
0.046742209631728044716414416371
0.048158640226628891822802103206
0.049575070821529738929189790042
0.050991501416430592974471380785
0.052407932011331440080859067621
0.053824362606232294126140658364
0.055240793201133141232528345199
0.056657223796033995277809935942
0.058073654390934842384197622778
0.059490084985835689490585309613
0.060906515580736543535866900356
0.062322946175637390642254587192
0.063739376770538244687536177935
0.065155807365439091793923864770
0.066572237960339938900311551606
0.067988668555240786006699238442
0.069405099150141646990874733092
0.070821529745042494097262419928
0.072237960339943327325862298949
0.073654390934844188310037793599
0.075070821529745035416425480435
0.076487252124645896400600975085
0.077903682719546743506988661920
0.079320113314447590613376348756
0.080736543909348437719764035592
0.082152974504249298703939530242
0.083569405099150145810327217077
0.084985835694050992916714903913
0.086402266288951840023102590749
0.087818696883852687129490277584
0.089235127478753534235877964420
0.090651558073654381342265651256
0.092067988668555242326441145906
0.093484419263456089432828832742
0.094900849858356936539216519577
0.096317280453257783645604206413
0.097733711048158630751991893248
0.099150141643059477858379580084
0.100566572237960324964767266920
0.101983002832861185948942761570
0.103399433427762033055330448406
0.104815864022662880161718135241
0.106232294617563741145893629891
0.107648725212464588252281316727
0.109065155807365435358669003563
0.110481586402266282465056690398
0.111898016997167143449232185048
0.113314447592067990555619871884
0.114730878186968837662007558720
0.116147308781869684768395245555
0.117563739376770531874782932391
0.118980169971671378981170619227
0.120396600566572226087558306062
0.121813031161473087071733800713
0.123229461756373934178121487548
0.124645892351274781284509174384
0.126062322946175642268684669034
0.127478753541076489375072355870
0.128895184135977336481460042705
0.130311614730878183587847729541
0.131728045325779030694235416377
0.133144475920679877800623103212
0.134560906515580724907010790048
0.135977337110481572013398476884
0.137393767705382446875361779348
0.138810198300283293981749466184
0.140226628895184141088137153019
0.141643059490084988194524839855
0.143059490084985807545336911062
0.144475920679886654651724597898
0.145892351274787501758112284733
0.147308781869688376620075587198
0.148725212464589223726463274033
0.150141643059490070832850960869
0.151558073654390945694814263334
0.152974504249291792801201950169
0.154390934844192639907589637005
0.155807365439093487013977323841
0.157223796033994334120365010676
0.158640226628895181226752697512
0.160056657223796028333140384348
0.161473087818696875439528071183
0.162889518413597722545915758019
0.164305949008498597407879060484
0.165722379603399444514266747319
0.167138810198300291620654434155
0.168555240793201138727042120991
0.169971671388101985833429807826
0.171388101983002832939817494662
0.172804532577903680046205181497
0.174220963172804527152592868333
0.175637393767705374258980555169
0.177053824362606221365368242004
0.178470254957507068471755928840
0.179886685552407915578143615676
0.181303116147308762684531302511
0.182719546742209609790918989347
0.184135977337110484652882291812
0.185552407932011331759269978647
0.186968838526912178865657665483
0.188385269121813025972045352319
0.189801699716713873078433039154
0.191218130311614720184820725990
0.192634560906515567291208412826
0.194050991501416414397596099661
0.195467422096317261503983786497
0.196883852691218108610371473333
0.198300283286118955716759160168
0.199716713881019802823146847004
0.201133144475920649929534533840
0.202549575070821497035922220675
0.203966005665722371897885523140
0.205382436260623219004273209976
0.206798866855524066110660896811
0.208215297450424913217048583647
0.209631728045325760323436270482
0.211048158640226607429823957318
0.212464589235127482291787259783
0.213881019830028329398174946618
0.215297450424929176504562633454
0.216713881019830023610950320290
0.218130311614730870717338007125
0.219546742209631717823725693961
0.220963172804532564930113380797
0.222379603399433439792076683261
0.223796033994334286898464370097
0.225212464589235134004852056933
0.226628895184135981111239743768
0.228045325779036828217627430604
0.229461756373937675324015117440
0.230878186968838522430402804275
0.232294617563739369536790491111
0.233711048158640216643178177947
0.235127478753541063749565864782
0.236543909348441910855953551618
0.237960339943342757962341238454
0.239376770538243605068728925289
0.240793201133144452175116612125
0.242209631728045327037079914589
0.243626062322946174143467601425
0.245042492917847021249855288261
0.246458923512747868356242975096
0.247875354107648715462630661932
0.249291784702549562569018348768
0.250708215297450409675406035603
0.252124645892351284537369338068
0.253541076487252103888181409275
0.254957507082152978750144711739
0.256373937677053798100956782946
0.257790368271954672962920085411
0.259206798866855492313732156617
0.260623229461756367175695459082
0.262039660056657186526507530289
0.263456090651558061388470832753
0.264872521246458880739282903960
0.266288951841359755601246206425
0.267705382436260574952058277631
0.269121813031161449814021580096
0.270538243626062269164833651303
0.271954674220963144026796953767
0.273371104815864018888760256232
0.274787535410764893750723558696
0.276203966005665713101535629903
0.277620396600566587963498932368
0.279036827195467407314311003574
0.280453257790368282176274306039
0.281869688385269101527086377246
0.283286118980169976389049679710
0.284702549575070795739861750917
0.286118980169971615090673822124
0.287535410764872489952637124588
0.288951841359773309303449195795
0.290368271954674239676563729518
0.291784702549575003516224569466
0.293201133144475933889339103189
0.294617563739376753240151174396
0.296033994334277628102114476860
0.297450424929178447452926548067
0.298866855524079322314889850531
0.300283286118980141665701921738
0.301699716713881016527665224203
0.303116147308781891389628526667
0.304532577903682710740440597874
0.305949008498583585602403900339
0.307365439093484404953215971545
0.308781869688385279815179274010
0.310198300283286099165991345217
0.311614730878186974027954647681
0.313031161473087793378766718888
0.314447592067988668240730021353
0.315864022662889487591542092559
0.317280453257790362453505395024
0.318696883852691181804317466231
0.320113314447592056666280768695
0.321529745042492876017092839902
0.322946175637393750879056142367
0.324362606232294570229868213573
0.325779036827195445091831516038
0.327195467422096264442643587245
0.328611898016997194815758120967
0.330028328611898014166570192174
0.331444759206798889028533494638
0.332861189801699708379345565845
0.334277620396600583241308868310
0.335694050991501402592120939516
0.337110481586402277454084241981
0.338526912181303096804896313188
0.339943342776203971666859615652
0.341359773371104791017671686859
0.342776203966005665879634989324
0.344192634560906485230447060530
0.345609065155807360092410362995
0.347025495750708179443222434202
0.348441926345609054305185736666
0.349858356940509873655997807873
0.351274787535410748517961110338
0.352691218130311567868773181544
0.354107648725212442730736484009
0.355524079320113262081548555216
0.356940509915014136943511857680
0.358356940509914956294323928887
0.359773371104815831156287231352
0.361189801699716650507099302558
0.362606232294617525369062605023
0.364022662889518400231025907487
0.365439093484419219581837978694
0.366855524079320149954952512417
0.368271954674220969305764583623
0.369688385269121844167727886088
0.371104815864022663518539957295
0.372521246458923538380503259759
0.373937677053824357731315330966
0.375354107648725232593278633431
0.376770538243626051944090704637
0.378186968838526926806054007102
0.379603399433427746156866078309
0.381019830028328621018829380773
0.382436260623229440369641451980
0.383852691218130315231604754445
0.385269121813031134582416825651
0.386685552407932009444380128116
0.388101983002832828795192199323
0.389518413597733703657155501787
0.390934844192634523007967572994
0.392351274787535397869930875459
0.393767705382436217220742946665
0.395184135977337092082706249130
0.396600566572237911433518320337
0.398016997167138786295481622801
0.399433427762039605646293694008
0.400849858356940480508256996472
0.402266288951841299859069067679
0.403682719546742174721032370144
0.405099150141642994071844441351
0.406515580736543924444958975073
0.407932011331444743795771046280
0.409348441926345618657734348744
0.410764872521246438008546419951
0.412181303116147312870509722416
0.413597733711048132221321793622
0.415014164305949007083285096087
0.416430594900849826434097167294
0.417847025495750701296060469758
0.419263456090651520646872540965
0.420679886685552395508835843430
0.422096317280453214859647914636
0.423512747875354089721611217101
0.424929178470254964583574519565
0.426345609065155783934386590772
0.427762039660056658796349893237
0.429178470254957478147161964444
0.430594900849858353009125266908
0.432011331444759172359937338115
0.433427762039660047221900640579
0.434844192634560866572712711786
0.436260623229461741434676014251
0.437677053824362560785488085457
0.439093484419263435647451387922
0.440509915014164254998263459129
0.441926345609065129860226761593
0.443342776203965949211038832800
0.444759206798866879584153366523
0.446175637393767698934965437729
0.447592067988668573796928740194
0.449008498583569393147740811401
0.450424929178470268009704113865
0.451841359773371087360516185072
0.453257790368271962222479487536
0.454674220963172781573291558743
0.456090651558073656435254861208
0.457507082152974475786066932415
0.458923512747875350648030234879
0.460339943342776169998842306086
0.461756373937677044860805608550
0.463172804532577864211617679757
0.464589235127478739073580982222
0.466005665722379558424393053429
0.467422096317280433286356355893
0.468838526912181252637168427100
0.470254957507082127499131729564
0.471671388101982946849943800771
0.473087818696883821711907103236
0.474504249291784641062719174442
0.475920679886685515924682476907
0.477337110481586335275494548114
0.478753541076487210137457850578
0.480169971671388029488269921785
0.481586402266288904350233224250
0.483002832861189723701045295456
0.484419263456090654074159829179
0.485835694050991528936123131643
0.487252124645892348286935202850
0.488668555240793223148898505315
0.490084985835694042499710576521
0.491501416430594917361673878986
0.492917847025495736712485950193
0.494334277620396611574449252657
0.495750708215297430925261323864
0.497167138810198305787224626329
0.498583569405099125138036697535
0.500000000000000000000000000000
0.501416430594900819350812071207
0.502832861189801749723926604929
0.504249291784702569074738676136
0.505665722379603388425550747343
0.507082152974504207776362818549
0.508498583569405138149477352272
0.509915014164305957500289423479
0.511331444759206776851101494685
0.512747875354107596201913565892
0.514164305949008526575028099614
0.515580736543909345925840170821
0.516997167138810165276652242028
0.518413597733710984627464313235
0.519830028328611915000578846957
0.521246458923512734351390918164
0.522662889518413553702202989371
0.524079320113314373053015060577
0.525495750708215303426129594300
0.526912181303116122776941665506
0.528328611898016942127753736713
0.529745042492917761478565807920
0.531161473087818691851680341642
0.532577903682719511202492412849
0.533994334277620330553304484056
0.535410764872521149904116555263
0.536827195467422080277231088985
0.538243626062322899628043160192
0.539660056657223718978855231398
0.541076487252124538329667302605
0.542492917847025468702781836328
0.543909348441926288053593907534
0.545325779036827218426708441257
0.546742209631728037777520512464
0.548158640226628857128332583670
0.549575070821529787501447117393
0.550991501416430606852259188599
0.552407932011331426203071259806
0.553824362606232245553883331013
0.555240793201133175926997864735
0.556657223796033995277809935942
0.558073654390934814628622007149
0.559490084985835633979434078356
0.560906515580736564352548612078
0.562322946175637383703360683285
0.563739376770538203054172754491
0.565155807365439022404984825698
0.566572237960339952778099359421
0.567988668555240772128911430627
0.569405099150141591479723501834
0.570821529745042410830535573041
0.572237960339943230181347644248
0.573654390934844160554462177970
0.575070821529744979905274249177
0.576487252124645799256086320383
0.577903682719546618606898391590
0.579320113314447660002315387828
0.580736543909348479353127459035
0.582152974504249298703939530242
0.583569405099150007032449138933
0.584985835694051048427866135171
0.586402266288951867778678206378
0.587818696883852687129490277584
0.589235127478753506480302348791
0.590651558073654436853416882514
0.592067988668555256204228953720
0.593484419263456075555041024927
0.594900849858356894905853096134
0.596317280453257825278967629856
0.597733711048158644629779701063
0.599150141643059463980591772270
0.600566572237960283331403843476
0.601983002832861213704518377199
0.603399433427762033055330448406
0.604815864022662852406142519612
0.606232294617563782779257053335
0.607648725212464602130069124541
0.609065155807365421480881195748
0.610481586402266240831693266955
0.611898016997167171204807800677
0.613314447592067990555619871884
0.614730878186968809906431943091
0.616147308781869629257244014298
0.617563739376770559630358548020
0.618980169971671378981170619227
0.620396600566572198331982690434
0.621813031161473017682794761640
0.623229461756373948055909295363
0.624645892351274767406721366569
0.626062322946175586757533437776
0.627478753541076406108345508983
0.628895184135977336481460042705
0.630311614730878155832272113912
0.631728045325778975183084185119
0.633144475920679794533896256326
0.634560906515580724907010790048
0.635977337110481544257822861255
0.637393767705382363608634932461
0.638810198300283182959447003668
0.640226628895184113332561537391
0.641643059490084932683373608597
0.643059490084985752034185679804
0.644475920679886571384997751011
0.645892351274787501758112284733
0.647308781869688321108924355940
0.648725212464589140459736427147
0.650141643059489959810548498353
0.651558073654390890183663032076
0.652974504249291709534475103283
0.654390934844192528885287174489
0.655807365439093348236099245696
0.657223796033994389631516241934
0.658640226628895208982328313141
0.660056657223796028333140384348
0.661473087818696736661649993039
0.662889518413597778057066989277
0.664305949008498597407879060484
0.665722379603399416758691131690
0.667138810198300347131805665413
0.668555240793201166482617736619
0.669971671388101985833429807826
0.671388101983002805184241879033
0.672804532577903735557356412755
0.674220963172804554908168483962
0.675637393767705374258980555169
0.677053824362606193609792626376
0.678470254957507123982907160098
0.679886685552407943333719231305
0.681303116147308762684531302511
0.682719546742209582035343373718
0.684135977337110512408457907441
0.685552407932011331759269978647
0.686968838526912151110082049854
0.688385269121812970460894121061
0.689801699716713900834008654783
0.691218130311614720184820725990
0.692634560906515539535632797197
0.694050991501416358886444868403
0.695467422096317289259559402126
0.696883852691218108610371473333
0.698300283286118927961183544539
0.699716713881019747311995615746
0.701133144475920677685110149469
0.702549575070821497035922220675
0.703966005665722316386734291882
0.705382436260623135737546363089
0.706798866855524066110660896811
0.708215297450424885461472968018
0.709631728045325704812285039225
0.711048158640226524163097110431
0.712464589235127454536211644154
0.713881019830028273887023715361
0.715297450424929093237835786567
0.716713881019829912588647857774
0.718130311614730842961762391496
0.719546742209631662312574462703
0.720963172804532481663386533910
0.722379603399433301014198605117
0.723796033994334231387313138839
0.725212464589235050738125210046
0.726628895184135870088937281253
0.728045325779036800462051814975
0.729461756373937619812863886182
0.730878186968838439163675957388
0.732294617563739258514488028595
0.733711048158640299909905024833
0.735127478753541119260717096040
0.736543909348441938611529167247
0.737960339943342757962341238454
0.739376770538243688335455772176
0.740793201133144507686267843383
0.742209631728045327037079914589
0.743626062322946146387891985796
0.745042492917847076761006519519
0.746458923512747896111818590725
0.747875354107648715462630661932
0.749291784702549534813442733139
0.750708215297450465186557266861
0.752124645892351284537369338068
0.753541076487252103888181409275
0.754957507082152923238993480481
0.756373937677053853612108014204
0.757790368271954672962920085411
0.759206798866855492313732156617
0.760623229461756311664544227824
0.762039660056657242037658761546
0.763456090651558061388470832753
0.764872521246458880739282903960
0.766288951841359700090094975167
0.767705382436260630463209508889
0.769121813031161449814021580096
0.770538243626062269164833651303
0.771954674220963088515645722509
0.773371104815864018888760256232
0.774787535410764838239572327439
0.776203966005665657590384398645
0.777620396600566476941196469852
0.779036827195467407314311003574
0.780453257790368226665123074781
0.781869688385269046015935145988
0.783286118980169865366747217195
0.784702549575070795739861750917
0.786118980169971615090673822124
0.787535410764872434441485893331
0.788951841359773364814600427053
0.790368271954674184165412498260
0.791784702549575003516224569466
0.793201133144475822867036640673
0.794617563739376753240151174396
0.796033994334277572590963245602
0.797450424929178391941775316809
0.798866855524079211292587388016
0.800283286118980141665701921738
0.801699716713880961016513992945
0.803116147308781780367326064152
0.804532577903682599718138135358
0.805949008498583530091252669081
0.807365439093484349442064740288
0.808781869688385168792876811494
0.810198300283285988143688882701
0.811614730878187029539105878939
0.813031161473087848889917950146
0.814447592067988668240730021353
0.815864022662889487591542092559
0.817280453257790417964656626282
0.818696883852691237315468697489
0.820113314447592056666280768695
0.821529745042492876017092839902
0.822946175637393806390207373624
0.824362606232294625741019444831
0.825779036827195445091831516038
0.827195467422096264442643587245
0.828611898016997194815758120967
0.830028328611898014166570192174
0.831444759206798833517382263381
0.832861189801699652868194334587
0.834277620396600583241308868310
0.835694050991501402592120939516
0.837110481586402221942933010723
0.838526912181303041293745081930
0.839943342776203971666859615652
0.841359773371104791017671686859
0.842776203966005610368483758066
0.844192634560906429719295829273
0.845609065155807360092410362995
0.847025495750708179443222434202
0.848441926345608998794034505408
0.849858356940509929167149039131
0.851274787535410748517961110338
0.852691218130311567868773181544
0.854107648725212387219585252751
0.855524079320113317592699786474
0.856940509915014136943511857680
0.858356940509914956294323928887
0.859773371104815775645136000094
0.861189801699716706018250533816
0.862606232294617525369062605023
0.864022662889518344719874676230
0.865439093484419164070686747436
0.866855524079320094443801281159
0.868271954674220913794613352366
0.869688385269121733145425423572
0.871104815864022552496237494779
0.872521246458923482869352028501
0.873937677053824302220164099708
0.875354107648725121570976170915
0.876770538243625940921788242122
0.878186968838526871294902775844
0.879603399433427690645714847051
0.881019830028328509996526918258
0.882436260623229329347338989464
0.883852691218130259720453523187
0.885269121813031079071265594393
0.886685552407931898422077665600
0.888101983002832717772889736807
0.889518413597733759168306733045
0.890934844192634578519118804252
0.892351274787535397869930875459
0.893767705382436217220742946665
0.895184135977337147593857480388
0.896600566572237966944669551594
0.898016997167138786295481622801
0.899433427762039605646293694008
0.900849858356940536019408227730
0.902266288951841355370220298937
0.903682719546742174721032370144
0.905099150141642994071844441351
0.906515580736543924444958975073
0.907932011331444743795771046280
0.909348441926345563146583117486
0.910764872521246493519697651209
0.912181303116147312870509722416
0.913597733711048132221321793622
0.915014164305948951572133864829
0.916430594900849881945248398551
0.917847025495750701296060469758
0.919263456090651520646872540965
0.920679886685552339997684612172
0.922096317280453270370799145894
0.923512747875354089721611217101
0.924929178470254909072423288308
0.926345609065155728423235359514
0.927762039660056658796349893237
0.929178470254957478147161964444
0.930594900849858297497974035650
0.932011331444759116848786106857
0.933427762039660047221900640579
0.934844192634560866572712711786
0.936260623229461685923524782993
0.937677053824362505274336854200
0.939093484419263435647451387922
0.940509915014164254998263459129
0.941926345609065074349075530336
0.943342776203965893699887601542
0.944759206798866824073002135265
0.946175637393767643423814206471
0.947592067988668462774626277678
0.949008498583569282125438348885
0.950424929178470212498552882607
0.951841359773371031849364953814
0.953257790368271851200177025021
0.954674220963172670550989096228
0.956090651558073600924103629950
0.957507082152974420274915701157
0.958923512747875239625727772363
0.960339943342776058976539843570
0.961756373937676989349654377293
0.963172804532577808700466448499
0.964589235127478628051278519706
0.966005665722379447402090590913
0.967422096317280488797507587151
0.968838526912181308148319658358
0.970254957507082127499131729564
0.971671388101983057872246263287
0.973087818696883877223058334494
0.974504249291784696573870405700
0.975920679886685515924682476907
0.977337110481586446297797010629
0.978753541076487265648609081836
0.980169971671388084999421153043
0.981586402266288904350233224250
0.983002832861189834723347757972
0.984419263456090654074159829179
0.985835694050991473424971900386
0.987252124645892292775783971592
0.988668555240793223148898505315
0.990084985835694042499710576521
0.991501416430594861850522647728
0.992917847025495681201334718935
0.994334277620396611574449252657
0.995750708215297430925261323864
0.997167138810198250276073395071
0.998583569405099069626885466278
0.000059383527303623248041683502
0.000138228996308246846261291729
0.000217180305906357080242274904
0.000296124604084388942052546989
0.000375047550456193798818632645
0.000453941485428713904694969505
0.000532799799813382874216771690
0.000611616136811384426136273262
0.000690384219771264170950608730
0.000769097804061623108867751242
0.000847750661139480706472715266
0.000926336572693234349719360043
0.001004849328410073591374973567
0.001083282725196726969940641538
0.001161630567035965358457794139
0.001239886665141762137412606570
0.001318044838262555275981702252
0.001396098913062591160075265329
0.001474042724545774566552447382
0.001551870116502847632422579238
0.001629574941972536600634513526
0.001707151063710907060513854994
0.001784592354665221446141654127
0.001861892698450329881529330400
0.001939045989826986568851929782
0.002016046135180096787742343167
0.002092887052997640436741155767
0.002169562674349315416905126241
0.002246066943364208486066946335
0.002322393817708318878439976984
0.002398537269060897758610195751
0.002474491283590079040988207737
0.002550249862427383506363609555
0.002625807022141196829523313028
0.002701156795209146491143492597
0.002776293230489043206005161935
0.002851210393688978408238687834
0.002925902367835716503391418897
0.003000363253741863706763881581
0.003074587170471928827125696060
0.003148568255806608994634698817
0.003222300666705654216548371238
0.003295778579769544081035093086
0.003368996191698926667701385895
0.003441947719753665844294454601
0.003514627402208825041746154128
0.003587029498810055151702957943
0.003659148291226929378822108063
0.003730978083504453163971037455
0.003802513202513087449407880314
0.003873747998396611345872653231
0.003944676845018438293699603037
0.004015294140406066095150272588
0.004085594307193195912075722731
0.004155571793060724994361976314
0.004225221071174646396417795557
0.004294536640623140312522654227
0.004363513026850697300307313498
0.004432144782090538873142726572
0.004500426485794990251465552689
0.004568352745063422766513827611
0.004635918195068426846117137785
0.004703117499479214647095659529
0.004769945350883382506612662155
0.004836396471206013195076600653
0.004902465612126218584554404600
0.004968147555492218210571042647
0.005033437113732970938362321078
0.005098329130268126549441198847
0.005162818479915299782478932400
0.005226900069294809075826080402
0.005290568837231977156188023059
0.005353819755156657804462394523
0.005416647827500801516686923520
0.005479048092092615902803931505
0.005541015620548769317343928975
0.005602545518663404333636890442
0.005663632926794860515673502022
0.005724273020249331066222620024
0.005784461009662017136334632994
0.005844192141375486627963287134
0.005903461697814864524158640080
0.005962264997860658791162258296
0.006020597397218275560748512731
0.006078454288785162078212476189
0.006135831103014191371947116949
0.006192723308274948774976298438
0.006249126411211546397450611323
0.006305035957097426986550647854
0.006360447530187374881593953546
0.006415356754065896192906759410
0.006469759291993337768644778407
0.006523650847248155075497333399
0.006577027163466216304332778719
0.006629884024977186068872114788
0.006682217257137209806550082192
0.006734022726658881602412876077
0.006785296341937439856817348982
0.006836034053374274131742449612
0.006886231853696357131655592099
0.006935885778273021690099042758
0.006984991905428936109778703667
0.007033546356754037665037770921
0.007081545297409503995911261853
0.007128984936430981037003284939
0.007175861527027885267138174186
0.007222171366879216562739696172
0.007267910798425988340432102319
0.007313076209160327897929043672
0.007357664031910449847773136867
0.007401670745122662306569871760
0.007445092873139419649419767921
0.007487926986473665558197154724
0.007530169702079998923782699904
0.007571817683621745800892632872
0.007612867641734273084497264250
0.007653316334284990599123865707
0.007693160566629378936676086909
0.007732397191863356160357323432
0.007771023111071567908425539173
0.007809035273572570608202614295
0.007846430677159286701249918394
0.007883206368336568084509430321
0.007919359442554074063336244649
0.007954887044436035475891699775
0.007989786368006401851005193748
0.008024054656910823563054080410
0.008057689204634087276613030326
0.008090687354713908471803840428
0.008123046500950973497490181785
0.008154764087614405423942720574
0.008185837609643942594517262989
0.008216264612847565262931937013
0.008246042694095505332096962547
0.008275169501509908875913623660
0.008303642734650592063805341070
0.008331460144696848854617421409
0.008358619534625045047193658831
0.008385118759381953584819413550
0.008410955726054337652786152546
0.008436128394034273295098991241
0.008460634775180239305902851754
0.008484472933974121847122695783
0.008507640987674116445083072335
0.008530137106463520427213076402
0.008551959513595049772183287473
0.008573106485531382936482458490
0.008593576352081114602676770176
0.008613367496530729972015194562
0.008632478355772302963666575693
0.008650907420427060567913457589
0.008668653234964296405706818405
0.008685714397816662185602964996
0.008702089561490655711395447724
0.008717777432672999329832386195
0.008732776772333149944982366719
0.008747086395820686394175780265
0.008760705172959100742180460486
0.008773632028135192051365720545
0.008785865940383654967837934180
0.008797405943468139880025979949
0.008808251125957228602758597447
0.008818400631296584996077214669
0.008827853657876588364117331764
0.008836609459095645657811246565
0.008844667343419083602173991210
0.008852026674433863609459116617
0.008858686870898739573743085884
0.008864647406790319983382886448
0.008869907811344480974558024400
0.008874467669093570945659799065
0.008878326619899297444948871316
0.008881484358981020510448445293
0.008883940636940012777755804052
0.008885695259779087876172987137
0.008886748088917695992394740756
0.008887099041203350494044777008
0.008886748088917695992394740756
0.008885695259779087876172987137
0.008883940636940012777755804052
0.008881484358981020510448445293
0.008878326619899297444948871316
0.008874467669093570945659799065
0.008869907811344480974558024400
0.008864647406790319983382886448
0.008858686870898739573743085884
0.008852026674433863609459116617
0.008844667343419083602173991210
0.008836609459095645657811246565
0.008827853657876588364117331764
0.008818400631296584996077214669
0.008808251125957228602758597447
0.008797405943468139880025979949
0.008785865940383654967837934180
0.008773632028135192051365720545
0.008760705172959100742180460486
0.008747086395820686394175780265
0.008732776772333149944982366719
0.008717777432672999329832386195
0.008702089561490655711395447724
0.008685714397816662185602964996
0.008668653234964296405706818405
0.008650907420427060567913457589
0.008632478355772302963666575693
0.008613367496530729972015194562
0.008593576352081114602676770176
0.008573106485531382936482458490
0.008551959513595049772183287473
0.008530137106463520427213076402
0.008507640987674116445083072335
0.008484472933974121847122695783
0.008460634775180239305902851754
0.008436128394034273295098991241
0.008410955726054337652786152546
0.008385118759381953584819413550
0.008358619534625045047193658831
0.008331460144696848854617421409
0.008303642734650592063805341070
0.008275169501509908875913623660
0.008246042694095505332096962547
0.008216264612847565262931937013
0.008185837609643942594517262989
0.008154764087614405423942720574
0.008123046500950973497490181785
0.008090687354713908471803840428
0.008057689204634087276613030326
0.008024054656910823563054080410
0.007989786368006401851005193748
0.007954887044436035475891699775
0.007919359442554074063336244649
0.007883206368336568084509430321
0.007846430677159286701249918394
0.007809035273572570608202614295
0.007771023111071567908425539173
0.007732397191863356160357323432
0.007693160566629378936676086909
0.007653316334284990599123865707
0.007612867641734273084497264250
0.007571817683621745800892632872
0.007530169702079998923782699904
0.007487926986473665558197154724
0.007445092873139419649419767921
0.007401670745122662306569871760
0.007357664031910449847773136867
0.007313076209160327897929043672
0.007267910798425988340432102319
0.007222171366879216562739696172
0.007175861527027885267138174186
0.007128984936430981037003284939
0.007081545297409503995911261853
0.007033546356754037665037770921
0.006984991905428936109778703667
0.006935885778273021690099042758
0.006886231853696357131655592099
0.006836034053374274131742449612
0.006785296341937439856817348982
0.006734022726658881602412876077
0.006682217257137209806550082192
0.006629884024977186068872114788
0.006577027163466216304332778719
0.006523650847248155075497333399
0.006469759291993337768644778407
0.006415356754065896192906759410
0.006360447530187374881593953546
0.006305035957097426986550647854
0.006249126411211546397450611323
0.006192723308274948774976298438
0.006135831103014191371947116949
0.006078454288785162078212476189
0.006020597397218275560748512731
0.005962264997860658791162258296
0.005903461697814864524158640080
0.005844192141375486627963287134
0.005784461009662017136334632994
0.005724273020249331066222620024
0.005663632926794860515673502022
0.005602545518663404333636890442
0.005541015620548769317343928975
0.005479048092092615902803931505
0.005416647827500801516686923520
0.005353819755156657804462394523
0.005290568837231977156188023059
0.005226900069294809075826080402
0.005162818479915299782478932400
0.005098329130268126549441198847
0.005033437113732970938362321078
0.004968147555492218210571042647
0.004902465612126218584554404600
0.004836396471206013195076600653
0.004769945350883382506612662155
0.004703117499479214647095659529
0.004635918195068426846117137785
0.004568352745063422766513827611
0.004500426485794990251465552689
0.004432144782090538873142726572
0.004363513026850697300307313498
0.004294536640623140312522654227
0.004225221071174646396417795557
0.004155571793060724994361976314
0.004085594307193195912075722731
0.004015294140406066095150272588
0.003944676845018438293699603037
0.003873747998396611345872653231
0.003802513202513087449407880314
0.003730978083504453163971037455
0.003659148291226929378822108063
0.003587029498810055151702957943
0.003514627402208825041746154128
0.003441947719753665844294454601
0.003368996191698926667701385895
0.003295778579769544081035093086
0.003222300666705654216548371238
0.003148568255806608994634698817
0.003074587170471928827125696060
0.003000363253741863706763881581
0.002925902367835716503391418897
0.002851210393688978408238687834
0.002776293230489043206005161935
0.002701156795209146491143492597
0.002625807022141196829523313028
0.002550249862427383506363609555
0.002474491283590079040988207737
0.002398537269060897758610195751
0.002322393817708318878439976984
0.002246066943364208486066946335
0.002169562674349315416905126241
0.002092887052997640436741155767
0.002016046135180096787742343167
0.001939045989826986568851929782
0.001861892698450329881529330400
0.001784592354665221446141654127
0.001707151063710907060513854994
0.001629574941972536600634513526
0.001551870116502847632422579238
0.001474042724545774566552447382
0.001396098913062591160075265329
0.001318044838262555275981702252
0.001239886665141762137412606570
0.001161630567035965358457794139
0.001083282725196726969940641538
0.001004849328410073591374973567
0.000926336572693234349719360043
0.000847750661139480706472715266
0.000769097804061623108867751242
0.000690384219771264170950608730
0.000611616136811384426136273262
0.000532799799813382874216771690
0.000453941485428713904694969505
0.000375047550456193798818632645
0.000296124604084388942052546989
0.000217180305906357080242274904
0.000138228996308246846261291729
0.000059383527303623248041683502
