0.001035831550677331720430873752
0.002377665627562959224650107615
0.003727423959875487361609325276
0.005078972719455675764732571764
0.006431200630343130754396074877
0.007783757184163546914701381496
0.009136497402468619563609131262
0.010489350574967509083235128742
0.011842278134700547076452181727
0.013195257267881422072464125961
0.014548273619823332003520022226
0.015901317708500357223089238801
0.017254383019501599860756613225
0.018607464929660408325950982089
0.019960560067358232294587594424
0.021313665915960837426990082122
0.022666780559020376084600201239
0.024019902511454954002756423392
0.025373030604666689524773204312
0.026726163906512966084161320168
0.028079301664386224074432263365
0.029432443263982820819135710622
0.030785588198930589898250076430
0.032138736048085814189789743978
0.033491886458325584308148847867
0.034845039131350605265957653955
0.036198193813442997024409919504
0.037551350287437723629579977569
0.038904508366370028904501765510
0.040257667888401210687376874375
0.041610828712735213608109319239
0.042963990716306479922259597970
0.044317153791073767010733064353
0.045670317841795052271613997164
0.047023482784187206617865228964
0.048376648543393047097183057303
0.049729815052699292976523537391
0.051082982252458955518825689524
0.052436150089179095479252623591
0.053789318514747060107072940127
0.055142487485770608213186960711
0.056495656963012945428470601428
0.057848826910906224474384629275
0.059201997297132588626844551527
0.060555168092261649204210982589
0.061908339269433870777348261072
0.063261510804086595882722576789
0.064614682673713244587254678208
0.065967854857652150069036167679
0.067321027336901942406122145712
0.068674200093956958013130531526
0.070027373112663784948672685005
0.071380546378092171733165116621
0.072733719876422006644922646501
0.074086893594841315979770968170
0.075440067521456349863839818681
0.076793241645210327805948224977
0.078146415955811149300913598381
0.079499590443666459660398970755
0.080852765099824447370124858026
0.082205939915921955041255841934
0.083559114884136434509009916383
0.084912289997142523234607836002
0.086265465248073699977560124807
0.087618640630486424591971683640
0.088971816138327816658737390298
0.090324991765906997853718962688
0.091678167507867641683461101820
0.093031343359164284101403552540
0.094384519315039536180300672186
0.095737695371003822542022021480
0.097090871522816993288707010379
0.098444047766470726967824589337
0.099797224098173278883372461223
0.101150400514334604107347104218
0.102503577011553090314599501198
0.103856753586603497985230148970
0.105209930236425275307254878498
0.106563106958112455147080765983
0.107916283748903579775557659559
0.109269460606172971739447064010
0.110622637527422490455464298975
0.111975814510273469215562158752
0.113328991552459873437541659769
0.114682168651821500549026211502
0.116035345806297984783128640629
0.117388523013922677074027944855
0.118741700272817676808934095334
0.120094877581188530513145451550
0.121448054937319652180072182546
0.122801232339570007279228036623
0.124154409786369088197766075155
0.125507587276212917437590022018
0.126860764807660619801765733428
0.128213942379330952947569244316
0.129567119989899448562198358559
0.130920297638094984549184118805
0.132273475322697675604644018676
0.133626653042535653570510589816
0.134979830796482930255208998460
0.136333008583457176987607795127
0.137686186402417337637515970528
0.139039364252361824503267939690
0.140392542132326464399127985416
0.141745720041382639031724011147
0.143098897978635786198964297000
0.144452075943223567922046868262
0.145805253934314482666678713940
0.147158431951106449808719389694
0.148511609992825338588673389495
0.149864788058723719110787442332
0.151217966148079668853299040165
0.152571144260195745712138659655
0.153924322394397600222148980720
0.155277500550033198400967648922
0.156630678726471711526002650317
0.157983856923102655711588226950
0.159337035139334920463838329852
0.160690213374596019280104997051
0.162043391628331229226134269084
0.163396569900002841535524567007
0.164749748189089412209185070424
0.166102926495085206903823404900
0.167456104817499284997950326215
0.168809283155855194280547948438
0.170162461509690110528225659436
0.171515639878554393416010270812
0.172868818262010948139106858434
0.174221996659634920101566990525
0.175575175071012917760171490045
0.176928353495742818335401125296
0.178281531933433018410894987937
0.179634710383702295155572414842
0.180987888846179223456545059889
0.182341067320501676318755812645
0.183694245806316852620554413988
0.185047424303280361179702140362
0.186400602811056331775674266282
0.187753781329316832282572136137
0.189106959857741702135669470408
0.190460138396017941708748821839
0.191813316943839962114282116090
0.193166495500908613758284104733
0.194519674066931602673946599680
0.195872852641622685609945619944
0.197226031224701670030441391646
0.198579209815894164314897807344
0.199932388414931244691175038497
0.201285567021549399724378304199
0.202638745635490058472072405493
0.203991924256499590484281725367
0.205345102884329028247734072465
0.206698281518733872896831371690
0.208051460159473955435771586053
0.209404638806313048160490097871
0.210757817459018947925386555653
0.212110996117363254098719949070
0.213464174781120952228974374520
0.214817353450070636089463960161
0.216170532123993980322396168958
0.217523710802675851461174261203
0.218876889485904030374641138224
0.220230068173469129000352495495
0.221583246865164340544396281985
0.222936425560785494992543931403
0.224289604260130642776616127776
0.225642782963000249063512114844
0.226995961669196749665999846002
0.228349140378524717576169678068
0.229702319090790474387375752485
0.231055497805802118049811610945
0.232408676523369495114934579760
0.233761855243303756646255919804
0.235115033965417635775096982798
0.236468212689524948100228129988
0.237821391415440896999200504069
0.239174570142981601783560563490
0.240527748871964097698850082452
0.241880927602206446946908613427
0.243234106333527266841088021465
0.244587285065745868584130562340
0.245940463798682035223563957516
0.247293642532156049407277009777
0.248646821265988471338914678199
0.250000000000000000000000000000
0.251353178734011528661085321801
0.252706357467843978348298605852
0.254059536201317992532011658113
0.255412714934254159171445053289
0.256765893666472788670063209793
0.258119072397793580808667002202
0.259472251128035902301149917548
0.260825429857018453727590667768
0.262178608584559158511950727188
0.263531787310475107410923101270
0.264884966034582447491629864089
0.266238144756696271109319695825
0.267591323476630560396216651498
0.268944502194197909705764004684
0.270297680909209581123775478773
0.271650859621475337934981553190
0.273004038330803278089575769627
0.274357217036999778692063500785
0.275710395739869384978959487853
0.277063574439214532763031684226
0.278416753134835659455603718015
0.279769931826530870999647504505
0.281123110514095997380934477405
0.282476289197324148538825738797
0.283829467876006047433179446671
0.285182646549929419421687271097
0.286535825218879047771025625480
0.287889003882636773656855666559
0.289242182540981107585764675605
0.290595361193687007350661133387
0.291948539840526100075379645205
0.293301718481266127103168628310
0.294654897115670999507841543164
0.296008075743500465026869505891
0.297361254364509941527927594507
0.298714432978450628031197311429
0.300067611585068783064400577132
0.301420790184105835685102192656
0.302773968775298385480709839612
0.304127147358377369901205611313
0.305480325933068397326053400320
0.306833504499091413997291510896
0.308186683056160093396869115168
0.309539861603982058291251178161
0.310893040142258381131057376479
0.312246218670683195473003479492
0.313599397188943695979901349347
0.314952575696719694331449090896
0.316305754193683230646172432898
0.317658932679498351436819802984
0.319012111153820887565757402626
0.320365289616297732600003200787
0.321718468066567009344680627692
0.323071646504257237175750105962
0.324424824928987109995404125584
0.325778003340365107654008625104
0.327131181737989107372044372823
0.328484360121445606583989729188
0.329837538490309889471774340564
0.331190716844144805719452051562
0.332543895182500715002049673785
0.333897073504914820851752210729
0.335250251810910560035239313947
0.336603430099997158464475432993
0.337956608371668798529441346545
0.339309786625404063986621849836
0.340662964860665107291737285777
0.342016143076897316532836157421
0.343369321273528316229572965312
0.344722499449966746087881119820
0.346075677605602427533426634909
0.347428855739804254287861340345
0.348782033851920414413427806721
0.350135211941276336400363788925
0.351488390007174689166902226134
0.352841568048893550191280610306
0.354194746065685572844472517318
0.355547924056776487589104362996
0.356901102021364213801035703000
0.358254279958617360968275988853
0.359607457867673563356447630213
0.360960635747638258763458907197
0.362313813597582690118059645101
0.363666991416542850767967820502
0.365020169203517097500366617169
0.366373346957464374185065025813
0.367726524677302324395355981324
0.369079702361905070961967112453
0.370432880010100606948952872699
0.371786057620669074808006371313
0.373139235192339435709385497830
0.374492412723787138073561209239
0.375845590213630953435597348289
0.377198767660429978842984155563
0.378551945062680361697715625269
0.379905122418811469486854548450
0.381258299727182392580004943738
0.382611476986077336803759862960
0.383964654193702015216871359371
0.385317831348178541084337211942
0.386671008447540154318033955860
0.388024185489726558540013456877
0.389377362472577537300111316654
0.390730539393827069893916359433
0.392083716251096392468866724812
0.393436893041887558730707041832
0.394790069763574780203896352759
0.396143246413396543648133274473
0.397496422988446951318763922245
0.398849599485665395892652895782
0.400202775901826790505566577849
0.401555952233529300787751026292
0.402909128477183020589080797436
0.404262304628996205213553594149
0.405615480684960505453062751258
0.406968656640835757531959870903
0.408321832492132441583265745066
0.409675008234093029901856652941
0.411028183861672169463474801887
0.412381359369513589285816124175
0.413734534751926341655803298636
0.415087710002857490643179971812
0.416440885115863579368777891432
0.417794060084078100469895389324
0.419147234900175580385450757603
0.420500409556333554217388837060
0.421853584044188822943510785990
0.423206758354789658316263967208
0.424559932478543677891735796948
0.425913106405158670142441224016
0.427266280123577979477289545684
0.428619453621907842144622691194
0.429972626887336228929115122810
0.431325799906043083620232891917
0.432678972663098126982816893360
0.434032145142347891564327255765
0.435385317326286769290533129606
0.436738489195913459628428654469
0.438091660730566101467076123299
0.439444831907738420184728056483
0.440798002702867397495367640659
0.442151173089093796342297082447
0.443504343036987103143786725923
0.444857512514229447297964270547
0.446210681485252946831820963780
0.447563849910820932276322992038
0.448917017747541058358962118291
0.450270184947300700084582558702
0.451623351456606980658392558325
0.452976517215812835015498194480
0.454329682158204961606173810651
0.455682846208926295439312070812
0.457036009283693533955528209844
0.458389171287264807208572392483
0.459742332111598872579349972511
0.461095491633630005789967754026
0.462448649712562276370420022431
0.463801806186557030731165696125
0.465154960868649436367405769488
0.466508113541674429569638959947
0.467861263951914185810210256022
0.469214411801069430918431635291
0.470567556736017189589205145239
0.471920698335613786333908592496
0.473273836093487054732520391553
0.474626969395333331291908507410
0.475980097488545084161160048097
0.477333219440979672487657126112
0.478686334084039155634116013971
0.480039439932641753827624597761
0.481392535070339577796261210096
0.482745616980498448711500714126
0.484098682291499660124145520967
0.485451726380176695752055593402
0.486804742732118600478941061738
0.488157721865299487618017337809
0.489510649425032529080681342748
0.490863502597531420335030816204
0.492216242815836535484663727402
0.493568799369656863174071759204
0.494921027280544323367905690247
0.496272576040124535623476731416
0.497622334372437080673989839852
0.498964168449322731380135564905
0.000000000000000000000000000000
0.001355013550135501353838263228
0.002710027100271002707676526455
0.004065040650406503627833920689
0.005420054200542005415353052911
0.006775067750677507202872185132
0.008130081300813007255667841378
0.009485094850948510777910449576
0.010840108401084010830706105821
0.012195121951219510883501762066
0.013550135501355014405744370265
0.014905149051490514458540026510
0.016260162601626014511335682755
0.017615176151761516298854814977
0.018970189701897021555820899152
0.020325203252032519873893079421
0.021680216802168021661412211643
0.023035230352303523448931343864
0.024390243902439021767003524133
0.025745257452574527023969608308
0.027100271002710028811488740530
0.028455284552845527129560920798
0.029810298102981028917080053020
0.031165311653116530704599185242
0.032520325203252029022671365510
0.033875338753387530810190497732
0.035230352303523032597709629954
0.036585365853658541324122666083
0.037940379403794043111641798305
0.039295392953929537960267026619
0.040650406504065039747786158841
0.042005420054200541535305291063
0.043360433604336043322824423285
0.044715447154471545110343555507
0.046070460704607046897862687729
0.047425474254742541746487916043
0.048780487804878043534007048265
0.050135501355013545321526180487
0.051490514905149054047939216616
0.052845528455284555835458348838
0.054200542005420057622977481060
0.055555555555555552471602709375
0.056910569105691054259121841596
0.058265582655826556046640973818
0.059620596205962057834160106040
0.060975609756097559621679238262
0.062330623306233061409198370484
0.063685636856368563196717502706
0.065040650406504058045342731020
0.066395663956639566771755767149
0.067750677506775061620380995464
0.069105691056910556469006223779
0.070460704607046065195419259908
0.071815718157181560044044488222
0.073170731707317082648245332166
0.074525745257452577496870560481
0.075880758807588086223283596610
0.077235772357723581071908824924
0.078590785907859075920534053239
0.079945799457994584646947089368
0.081300813008130079495572317683
0.082655826558265588221985353812
0.084010840108401083070610582126
0.085365853658536577919235810441
0.086720867208672086645648846570
0.088075880758807581494274074885
0.089430894308943090220687111014
0.090785907859078585069312339328
0.092140921409214093795725375458
0.093495934959349588644350603772
0.094850948509485083492975832087
0.096205962059620592219388868216
0.097560975609756087068014096531
0.098915989159891595794427132660
0.100271002710027090643052360974
0.101626016260162613247253204918
0.102981029810298108095878433232
0.104336043360433602944503661547
0.105691056910569111670916697676
0.107046070460704606519541925991
0.108401084010840115245954962120
0.109756097560975610094580190434
0.111111111111111104943205418749
0.112466124661246613669618454878
0.113821138211382108518243683193
0.115176151761517617244656719322
0.116531165311653112093281947637
0.117886178861788606941907175951
0.119241192411924115668320212080
0.120596205962059610516945440395
0.121951219512195119243358476524
0.123306233062330614091983704839
0.124661246612466122818396740968
0.126016260162601617667021969282
0.127371273712737126393435005411
0.128726287262872607364272425912
0.130081300813008116090685462041
0.131436314363143624817098498170
0.132791327913279133543511534299
0.134146341463414642269924570428
0.135501355013550123240761990928
0.136856368563685631967175027057
0.138211382113821112938012447557
0.139566395663956621664425483687
0.140921409214092130390838519816
0.142276422764227611361675940316
0.143631436314363120088088976445
0.144986449864498656570077628203
0.146341463414634165296490664332
0.147696476964769646267328084832
0.149051490514905154993741120961
0.150406504065040663720154157090
0.151761517615176172446567193219
0.153116531165311653417404613720
0.154471544715447162143817649849
0.155826558265582670870230685978
0.157181571815718151841068106478
0.158536585365853660567481142607
0.159891598915989169293894178736
0.161246612466124650264731599236
0.162601626016260158991144635365
0.163956639566395667717557671494
0.165311653116531176443970707624
0.166666666666666657414808128124
0.168021680216802166141221164253
0.169376693766937674867634200382
0.170731707317073155838471620882
0.172086720867208664564884657011
0.173441734417344173291297693140
0.174796747967479682017710729269
0.176151761517615162988548149769
0.177506775067750671714961185899
0.178861788617886180441374222028
0.180216802168021661412211642528
0.181571815718157170138624678657
0.182926829268292678865037714786
0.184281842818428187591450750915
0.185636856368563668562288171415
0.186991869918699177288701207544
0.188346883468834686015114243673
0.189701897018970166985951664174
0.191056910569105675712364700303
0.192411924119241184438777736432
0.193766937669376665409615156932
0.195121951219512174136028193061
0.196476964769647682862441229190
0.197831978319783191588854265319
0.199186991869918672559691685819
0.200542005420054181286104721949
0.201897018970189690012517758078
0.203252032520325226494506409836
0.204607046070460707465343830336
0.205962059620596216191756866465
0.207317073170731724918169902594
0.208672086720867205889007323094
0.210027100271002714615420359223
0.211382113821138223341833395352
0.212737127371273704312670815852
0.214092140921409213039083851982
0.215447154471544721765496888111
0.216802168021680230491909924240
0.218157181571815711462747344740
0.219512195121951220189160380869
0.220867208672086728915573416998
0.222222222222222209886410837498
0.223577235772357718612823873627
0.224932249322493227339236909756
0.226287262872628736065649945886
0.227642276422764217036487366386
0.228997289972899725762900402515
0.230352303523035234489313438644
0.231707317073170715460150859144
0.233062330623306224186563895273
0.234417344173441732912976931402
0.235772357723577213883814351902
0.237127371273712722610227388031
0.238482384823848231336640424161
0.239837398373983740063053460290
0.241192411924119221033890880790
0.242547425474254729760303916919
0.243902439024390238486716953048
0.245257452574525719457554373548
0.246612466124661228183967409677
0.247967479674796736910380445806
0.249322493224932245636793481935
0.250677506775067726607630902436
0.252032520325203235334043938565
0.253387533875338744060456974694
0.254742547425474252786870010823
0.256097560975609761513283046952
0.257452574525745214728544851823
0.258807588075880723454957887952
0.260162601626016232181370924081
0.261517615176151796418935191468
0.262872628726287249634196996340
0.264227642276422758360610032469
0.265582655826558267087023068598
0.266937669376693775813436104727
0.268292682926829284539849140856
0.269647696476964793266262176985
0.271002710027100246481523981856
0.272357723577235755207937017985
0.273712737127371263934350054114
0.275067750677506772660763090244
0.276422764227642225876024895115
0.277777777777777790113589162502
0.279132791327913243328850967373
0.280487804878048752055264003502
0.281842818428184260781677039631
0.283197831978319769508090075760
0.284552845528455222723351880632
0.285907859078590786960916148018
0.287262872628726240176177952890
0.288617886178861804413742220277
0.289972899728997313140155256406
0.291327913279132766355417061277
0.292682926829268330592981328664
0.294037940379403783808243133535
0.295392953929539292534656169664
0.296747967479674801261069205793
0.298102981029810309987482241922
0.299457994579945763202744046794
0.300813008130081327440308314181
0.302168021680216780655570119052
0.303523035230352344893134386439
0.304878048780487798108396191310
0.306233062330623306834809227439
0.307588075880758815561222263568
0.308943089430894324287635299697
0.310298102981029777502897104569
0.311653116531165341740461371955
0.313008130081300794955723176827
0.314363143631436303682136212956
0.315718157181571812408549249085
0.317073170731707321134962285214
0.318428184281842774350224090085
0.319783197831978338587788357472
0.321138211382113791803050162343
0.322493224932249300529463198473
0.323848238482384809255876234602
0.325203252032520317982289270731
0.326558265582655771197551075602
0.327913279132791335435115342989
0.329268292682926788650377147860
0.330623306233062352887941415247
0.331978319783197806103203220118
0.333333333333333314829616256247
0.334688346883468823556029292376
0.336043360433604332282442328506
0.337398373983739785497704133377
0.338753387533875349735268400764
0.340108401084010802950530205635
0.341463414634146311676943241764
0.342818428184281820403356277893
0.344173441734417329129769314022
0.345528455284552782345031118894
0.346883468834688346582595386280
0.348238482384823855309008422410
0.349593495934959364035421458539
0.350948509485094872761834494668
0.352303523035230325977096299539
0.353658536585365890214660566926
0.355013550135501343429922371797
0.356368563685636852156335407926
0.357723577235772360882748444055
0.359078590785907869609161480184
0.360433604336043322824423285056
0.361788617886178887061987552443
0.363143631436314340277249357314
0.364498644986449849003662393443
0.365853658536585357730075429572
0.367208672086720866456488465701
0.368563685636856375182901501830
0.369918699186991883909314537959
0.371273712737127337124576342831
0.372628726287262901362140610217
0.373983739837398354577402415089
0.375338753387533863303815451218
0.376693766937669372030228487347
0.378048780487804880756641523476
0.379403794037940333971903328347
0.380758807588075898209467595734
0.382113821138211351424729400605
0.383468834688346860151142436735
0.384823848238482368877555472864
0.386178861788617877603968508993
0.387533875338753330819230313864
0.388888888888888895056794581251
0.390243902439024348272056386122
0.391598915989159912509620653509
0.392953929539295365724882458380
0.394308943089430874451295494509
0.395663956639566383177708530638
0.397018970189701891904121566768
0.398373983739837345119383371639
0.399728997289972909356947639026
0.401084010840108362572209443897
0.402439024390243871298622480026
0.403794037940379380025035516155
0.405149051490514888751448552284
0.406504065040650452989012819671
0.407859078590785906204274624542
0.409214092140921414930687660672
0.410569105691056923657100696801
0.411924119241192432383513732930
0.413279132791327885598775537801
0.414634146341463449836339805188
0.415989159891598903051601610059
0.417344173441734411778014646188
0.418699186991869920504427682317
0.420054200542005429230840718446
0.421409214092140882446102523318
0.422764227642276446683666790705
0.424119241192411899898928595576
0.425474254742547408625341631705
0.426829268292682917351754667834
0.428184281842818426078167703963
0.429539295392953879293429508834
0.430894308943089443530993776221
0.432249322493224896746255581093
0.433604336043360460983819848479
0.434959349593495914199081653351
0.436314363143631422925494689480
0.437669376693766931651907725609
0.439024390243902440378320761738
0.440379403794037893593582566609
0.441734417344173457831146833996
0.443089430894308911046408638867
0.444444444444444419772821674997
0.445799457994579928499234711126
0.447154471544715437225647747255
0.448509485094850890440909552126
0.449864498644986454678473819513
0.451219512195121907893735624384
0.452574525745257472131299891771
0.453929539295392925346561696642
0.455284552845528434072974732771
0.456639566395663942799387768900
0.457994579945799451525800805030
0.459349593495934904741062609901
0.460704607046070468978626877288
0.462059620596205922193888682159
0.463414634146341430920301718288
0.464769647696476995157865985675
0.466124661246612448373127790546
0.467479674796747957099540826675
0.468834688346883465825953862804
0.470189701897018974552366898934
0.471544715447154427767628703805
0.472899728997289992005192971192
0.474254742547425445220454776063
0.475609756097561009458019043450
0.476964769647696462673280848321
0.478319783197831971399693884450
0.479674796747967480126106920579
0.481029810298102988852519956708
0.482384823848238442067781761580
0.483739837398374006305346028967
0.485094850948509459520607833838
0.486449864498644968247020869967
0.487804878048780476973433906096
0.489159891598915985699846942225
0.490514905149051438915108747096
0.491869918699187003152673014483
0.493224932249322456367934819355
0.494579945799458020605499086741
0.495934959349593473820760891613
0.497289972899728982547173927742
0.498644986449864491273586963871
0.500000000000000000000000000000
0.501355013550135453215261804871
0.502710027100271017452826072258
0.504065040650406470668087877129
0.505420054200542034905652144516
0.506775067750677488120913949388
0.508130081300813052358478216775
0.509485094850948505573740021646
0.510840108401083958789001826517
0.512195121951219523026566093904
0.513550135501354976241827898775
0.514905149051490429457089703646
0.516260162601625993694653971033
0.517615176151761446909915775905
0.518970189701897011147480043292
0.520325203252032464362741848163
0.521680216802168028600306115550
0.523035230352303592837870382937
0.524390243902439046053132187808
0.525745257452574499268393992679
0.527100271002710063505958260066
0.528455284552845516721220064937
0.529810298102980969936481869809
0.531165311653116534174046137196
0.532520325203251987389307942067
0.533875338753387551626872209454
0.535230352303523004842134014325
0.536585365853658569079698281712
0.537940379403794022294960086583
0.539295392953929586532524353970
0.540650406504065039747786158841
0.542005420054200492963047963713
0.543360433604336057200612231100
0.544715447154471510415874035971
0.546070460704606963631135840842
0.547425474254742527868700108229
0.548780487804878092106264375616
0.550135501355013545321526180487
0.551490514905148998536787985358
0.552845528455284451752049790230
0.554200542005420127011916520132
0.555555555555555580227178325003
0.556910569105691033442440129875
0.558265582655826486657701934746
0.559620596205962050895266202133
0.560975609756097504110528007004
0.562330623306233068348092274391
0.563685636856368521563354079262
0.565040650406504085800918346649
0.566395663956639539016180151521
0.567750677506774992231441956392
0.569105691056910445446703761263
0.570460704607046120706570491166
0.571815718157181573921832296037
0.573170731707317027137094100908
0.574525745257452480352355905779
0.575880758807588044589920173166
0.577235772357723608827484440553
0.578590785907859062042746245424
0.579945799457994626280310512811
0.581300813008130079495572317683
0.582655826558265532710834122554
0.584010840108400985926095927425
0.585365853658536661185962657328
0.586720867208672114401224462199
0.588075880758807567616486267070
0.589430894308943020831748071942
0.590785907859078585069312339328
0.592140921409214149306876606715
0.593495934959349602522138411587
0.594850948509485055737400216458
0.596205962059620619974964483845
0.597560975609756073190226288716
0.598915989159891526405488093587
0.600271002710027090643052360974
0.601626016260162654880616628361
0.602981029810298108095878433232
0.604336043360433561311140238104
0.605691056910569014526402042975
0.607046070460704689786268772878
0.608401084010840143001530577749
0.609756097560975596216792382620
0.611111111111111049432054187491
0.612466124661246613669618454878
0.613821138211382066884880259749
0.615176151761517631122444527136
0.616531165311653084337706332008
0.617886178861788648575270599395
0.619241192411924101790532404266
0.620596205962059555005794209137
0.621951219512195008221056014008
0.623306233062330683480922743911
0.624661246612466136696184548782
0.626016260162601589911446353653
0.627371273712737043126708158525
0.628726287262872607364272425912
0.630081300813008171601836693299
0.631436314363143624817098498170
0.632791327913279078032360303041
0.634146341463414642269924570428
0.635501355013550095485186375299
0.636856368563685548700448180170
0.638211382113821223960314910073
0.639566395663956677175576714944
0.640921409214092130390838519816
0.642276422764227583606100324687
0.643631436314363147843664592074
0.644986449864498601058926396945
0.646341463414634165296490664332
0.647696476964769618511752469203
0.649051490514905182749316736590
0.650406504065040635964578541461
0.651761517615176089179840346333
0.653116531165311542395102151204
0.654471544715447217654968881106
0.655826558265582670870230685978
0.657181571815718124085492490849
0.658536585365853577300754295720
0.659891598915989141538318563107
0.661246612466124705775882830494
0.662601626016260158991144635365
0.663956639566395612206406440237
0.665311653116531176443970707624
0.666666666666666629659232512495
0.668021680216802082874494317366
0.669376693766937647112058584753
0.670731707317073211349622852140
0.672086720867208664564884657011
0.673441734417344117780146461882
0.674796747967479570995408266754
0.676151761517615246255274996656
0.677506775067750699470536801527
0.678861788617886152685798606399
0.680216802168021605901060411270
0.681571815718157170138624678657
0.682926829268292623353886483528
0.684281842818428187591450750915
0.685636856368563640806712555786
0.686991869918699205044276823173
0.688346883468834658259538628045
0.689701897018970111474800432916
0.691056910569105564690062237787
0.692411924119241239949928967690
0.693766937669376693165190772561
0.695121951219512146380452577432
0.696476964769647710618016844819
0.697831978319783163833278649690
0.699186991869918728070842917077
0.700542005420054181286104721949
0.701897018970189745523668989335
0.703252032520325198738930794207
0.704607046070460651954192599078
0.705962059620596105169454403949
0.707317073170731780429321133852
0.708672086720867233644582938723
0.710027100271002686859844743594
0.711382113821138140075106548466
0.712737127371273704312670815852
0.714092140921409268550235083239
0.715447154471544721765496888111
0.716802168021680174980758692982
0.718157181571815739218322960369
0.719512195121951192433584765240
0.720867208672086645648846570111
0.722222222222222209886410837498
0.723577235772357774123975104885
0.724932249322493227339236909756
0.726287262872628680554498714628
0.727642276422764133769760519499
0.728997289972899698007324786886
0.730352303523035262244889054273
0.731707317073170715460150859144
0.733062330623306168675412664015
0.734417344173441732912976931402
0.735772357723577186128238736273
0.737127371273712750365803003660
0.738482384823848203581064808532
0.739837398373983767818629075919
0.741192411924119221033890880790
0.742547425474254674249152685661
0.743902439024390127464414490532
0.745257452574525802724281220435
0.746612466124661255939543025306
0.747967479674796709154804830177
0.749322493224932162370066635049
0.750677506775067726607630902436
0.752032520325203179822892707307
0.753387533875338744060456974694
0.754742547425474308298021242081
0.756097560975609761513283046952
0.757452574525745214728544851823
0.758807588075880667943806656695
0.760162601626016343203673386597
0.761517615176151796418935191468
0.762872628726287249634196996340
0.764227642276422702849458801211
0.765582655826558267087023068598
0.766937669376693720302284873469
0.768292682926829284539849140856
0.769647696476964737755110945727
0.771002710027100301992675213114
0.772357723577235755207937017985
0.773712737127371208423198822857
0.775067750677506661638460627728
0.776422764227642336898327357630
0.777777777777777790113589162502
0.779132791327913243328850967373
0.780487804878048696544112772244
0.781842818428184260781677039631
0.783197831978319825019241307018
0.784552845528455278234503111889
0.785907859078590731449764916761
0.787262872628726295687329184148
0.788617886178861748902590989019
0.789972899728997202117852793890
0.791327913279132766355417061277
0.792682926829268330592981328664
0.794037940379403783808243133535
0.795392953929539237023504938406
0.796747967479674690238766743278
0.798102981029810365498633473180
0.799457994579945818713895278051
0.800813008130081271929157082923
0.802168021680216725144418887794
0.803523035230352289381983155181
0.804878048780487742597244960052
0.806233062330623306834809227439
0.807588075880758760050071032310
0.808943089430894324287635299697
0.810298102981029777502897104569
0.811653116531165230718158909440
0.813008130081300905978025639342
0.814363143631436359193287444214
0.815718157181571812408549249085
0.817073170731707265623811053956
0.818428184281842829861375321343
0.819783197831978283076637126214
0.821138211382113847314201393601
0.822493224932249300529463198473
0.823848238482384864767027465859
0.825203252032520317982289270731
0.826558265582655771197551075602
0.827913279132791224412812880473
0.829268292682926899672679610376
0.830623306233062352887941415247
0.831978319783197806103203220118
0.833333333333333259318465024990
0.834688346883468823556029292376
0.836043360433604276771291097248
0.837398373983739841008855364635
0.838753387533875294224117169506
0.840108401084010858461681436893
0.841463414634146311676943241764
0.842818428184281764892205046635
0.844173441734417329129769314022
0.845528455284552893367333581409
0.846883468834688346582595386280
0.848238482384823799797857191152
0.849593495934959253013118996023
0.850948509485094817250683263410
0.852303523035230381488247530797
0.853658536585365834703509335668
0.855013550135501287918771140539
0.856368563685636852156335407926
0.857723577235772305371597212797
0.859078590785907758586859017669
0.860433604336043322824423285056
0.861788617886178887061987552443
0.863143631436314340277249357314
0.864498644986449793492511162185
0.865853658536585246707772967056
0.867208672086720921967639696959
0.868563685636856375182901501830
0.869918699186991828398163306701
0.871273712737127392635727574088
0.872628726287262845850989378960
0.873983739837398299066251183831
0.875338753387533863303815451218
0.876693766937669427541379718605
0.878048780487804880756641523476
0.879403794037940333971903328347
0.880758807588075787187165133219
0.882113821138211462447031863121
0.883468834688346915662293667992
0.884823848238482368877555472864
0.886178861788617822092817277735
0.887533875338753386330381545122
0.888888888888888839545643349993
0.890243902439024403783207617380
0.891598915989159856998469422251
0.892953929539295421236033689638
0.894308943089430874451295494509
0.895663956639566327666557299381
0.897018970189701780881819104252
0.898373983739837456141685834154
0.899728997289972909356947639026
0.901084010840108362572209443897
0.902439024390243815787471248768
0.903794037940379380025035516155
0.905149051490514944262599783542
0.906504065040650397477861588413
0.907859078590785850693123393285
0.909214092140921414930687660672
0.910569105691056868145949465543
0.911924119241192321361211270414
0.913279132791327885598775537801
0.914634146341463449836339805188
0.915989159891598903051601610059
0.917344173441734356266863414930
0.918699186991869809482125219802
0.920054200542005484741991949704
0.921409214092140937957253754576
0.922764227642276391172515559447
0.924119241192411844387777364318
0.925474254742547408625341631705
0.926829268292682861840603436576
0.928184281842818426078167703963
0.929539295392953990315731971350
0.930894308943089443530993776221
0.932249322493224896746255581093
0.933604336043360349961517385964
0.934959349593495914199081653351
0.936314363143631478436645920738
0.937669376693766931651907725609
0.939024390243902384867169530480
0.940379403794037949104733797867
0.941734417344173402319995602738
0.943089430894308855535257407610
0.944444444444444419772821674997
0.945799457994579984010385942383
0.947154471544715437225647747255
0.948509485094850890440909552126
0.949864498644986343656171356997
0.951219512195122018916038086900
0.952574525745257472131299891771
0.953929539295392925346561696642
0.955284552845528378561823501514
0.956639566395663942799387768900
0.957994579945799396014649573772
0.959349593495934960252213841159
0.960704607046070413467475646030
0.962059620596205977705039913417
0.963414634146341430920301718288
0.964769647696476884135563523159
0.966124661246612337350825328031
0.967479674796748012610692057933
0.968834688346883465825953862804
0.970189701897018919041215667676
0.971544715447154372256477472547
0.972899728997289936494041739934
0.974254742547425500731606007321
0.975609756097560953946867812192
0.976964769647696407162129617063
0.978319783197831971399693884450
0.979674796747967424614955689322
0.981029810298102877830217494193
0.982384823848238442067781761580
0.983739837398374006305346028967
0.985094850948509459520607833838
0.986449864498644912735869638709
0.987804878048780476973433906096
0.989159891598916041210998173483
0.990514905149051494426259978354
0.991869918699186947641521783225
0.993224932249322511879086050612
0.994579945799457965094347855484
0.995934959349593418309609660355
0.997289972899728982547173927742
0.998644986449864546784738195129
0.000054352090132087249759167830
0.000126517506929683378955053819
0.000198780643083255068124387543
0.000271038691922008650840580923
0.000343279011454006137155775535
0.000415495074151396928674451203
0.000487681313544128874296751386
0.000559832393746822923157047125
0.000631943051737017492605619218
0.000704008053232962308261300155
0.000776022178038738934778562051
0.000847980214610789232061727194
0.000919876957941572447052802630
0.000991707208774059113462473469
0.001063465773397392335683497855
0.001135147463716843548725554669
0.001206747097458620802262752036
0.001278259498447291376763135240
0.001349679496920967161285864755
0.001421001929869102802309055456
0.001492221641382688234953035611
0.001563333483012103921477864432
0.001634332314129320704726433533
0.001705213002292917503013858216
0.001775970423614321334546128917
0.001846599463124819944306875819
0.001917095015143387148892628602
0.001987451983643609160906651212
0.002057665282621183155259414477
0.002127729836460548473731080321
0.002197640580301052273121120706
0.002267392460402593238472102044
0.002336980434510698909078563190
0.002406399472220461990129569685
0.002475644555340176557189924011
0.002544710678253786408781200734
0.002613592848282576212165517759
0.002682286086046029548179969737
0.002750785425821692525838457755
0.002819085915903951893718426547
0.002887182618962115792510259027
0.002955070612397095886764164518
0.003022744988697325784626768197
0.003090200855793349358352495315
0.003157433337411684384082866117
0.003224437573426993958874975377
0.003291208720213693698919410480
0.003357741950995767835769223453
0.003424032456195992904501856913
0.003490075443783268414887910325
0.003555866139619315649533781709
0.003621399787803653014250926390
0.003686671651017356648311062983
0.003751677010865527798350038680
0.003816411168218446139238642090
0.003880869443551120644142482519
0.003945047177281786610070213328
0.004008939730108323183654928101
0.004072542483344201644235305082
0.004135850839251762646464616324
0.004198860221375118328968056858
0.004261566074870466215573916458
0.004323963866835771677199495855
0.004386049086638248162284270393
0.004447817246240248420519058925
0.004509263880524150454320864156
0.004570384547614764550460542125
0.004631174829200487841340816431
0.004691630330852877665825939602
0.004751746682343938564530017032
0.004811519537962555791155150331
0.004870944576828205307972297078
0.004930017503203481567253252393
0.004988734046804710157985152108
0.005047089963110433681603428369
0.005105081033668275661274726929
0.005162703066400194627794117963
0.005219951895905037241030210993
0.005276823383760038434220351888
0.005333313418819836566886483098
0.005389417917513563902054407606
0.005445132824140200625273600110
0.005500454111161693672438222080
0.005555377779494096238122047282
0.005609899858796626483103953120
0.005664016407758793759941173818
0.005717723514385130052783967614
0.005771017296278120774222220035
0.005823893900918772001396028770
0.005876349505945152422448085616
0.005928380319428734786246781852
0.005979982580148511701889635361
0.006031152557862650732956044664
0.006081886553578522321139576690
0.006132180899819862814059678868
0.006182031960891910468691712310
0.006231436133144294120533857040
0.006280389845231435994032942460
0.006328889558370846823986966001
0.006376931766598811952839742645
0.006424512997023919431971439309
0.006471629810078047620458541189
0.006518278799765040397440341025
0.006564456593907028354728527830
0.006610159854387851266488418389
0.006655385277394779662551993482
0.006700129593657141655049791495
0.006744389568682662532139726608
0.006788162002991231756821033372
0.006831443732346273445266149338
0.006874231627983513892576894477
0.006916522596837112318857165860
0.006958313581763032537597091221
0.006999601561760576684534385095
0.007040383552190147657678931381
0.007080656604989433826335964994
0.007120417808886335062079631086
0.007159664289609566842353949312
0.007198393210096093279559692490
0.007236601770696737823129751632
0.007274287209378033948470321235
0.007311446801922267396678378759
0.007348077862124179071567908750
0.007384177741985378969069575561
0.007419743831905480611899061927
0.007454773560870859780425057295
0.007489264396640663706827822921
0.007523213845929716848959234454
0.007556619454588600799660458307
0.007589478807781557118117277128
0.007621789530160340449260747420
0.007653549286036621414341940550
0.007684755779550407443767578997
0.007715406754836046272771898913
0.007745499996185533676806844738
0.007775033328208451506580178858
0.007804004615989262871877940597
0.007832411765241648754498626772
0.007860252722460117635883136700
0.007887525475067996491573829587
0.007914228051563377414057143255
0.007940358521661366672517168297
0.007965914996433674441500549790
0.007990895628445167028774953621
0.008015298611887529053876555452
0.008039122182709563732561086624
0.008062364618744955260809526010
0.008085024239836572160222694095
0.008107099407958121700668030485
0.008128588527332293242610994355
0.008149490044546422659599294036
0.008169802448664493024765853590
0.008189524271336618213568137037
0.008208654086904911342803536911
0.008227190512506929800928823227
0.008245132208175126944937893825
0.008262477876934154474852789463
0.008279226264894487194445638067
0.008295376161342942616938600509
0.008310926398830376440884926126
0.008325875853255913783268482575
0.008340223443948349343890491525
0.008353968133744133633955541995
0.008367108929062594055436896667
0.008379644879977374283264168753
0.008391575080285439830474203404
0.008402898667572426816274600014
0.008413614823274994866664222570
0.008423722772740128636459466804
0.008433221785280864066236539145
0.008442111174229454187423193900
0.008450390296986621391228666766
0.008458058555068466086157563666
0.008465115394149276203950016395
0.008471560304101856050951191435
0.008477392819034441223680076405
0.008482612517324140607999360952
0.008487219021647807518093920010
0.008491211999008659028209677899
0.008494591160761146703128687818
0.008497356262631252862838060480
0.008499507104734304457904769947
0.008501043531589601992548566045
0.008501965432131273689431161245
0.008502272739716770430518089086
0.008501965432131273689431161245
0.008501043531589601992548566045
0.008499507104734304457904769947
0.008497356262631252862838060480
0.008494591160761146703128687818
0.008491211999008659028209677899
0.008487219021647807518093920010
0.008482612517324140607999360952
0.008477392819034441223680076405
0.008471560304101856050951191435
0.008465115394149276203950016395
0.008458058555068466086157563666
0.008450390296986621391228666766
0.008442111174229454187423193900
0.008433221785280864066236539145
0.008423722772740128636459466804
0.008413614823274994866664222570
0.008402898667572426816274600014
0.008391575080285439830474203404
0.008379644879977374283264168753
0.008367108929062594055436896667
0.008353968133744133633955541995
0.008340223443948349343890491525
0.008325875853255913783268482575
0.008310926398830376440884926126
0.008295376161342942616938600509
0.008279226264894487194445638067
0.008262477876934154474852789463
0.008245132208175126944937893825
0.008227190512506929800928823227
0.008208654086904911342803536911
0.008189524271336618213568137037
0.008169802448664493024765853590
0.008149490044546422659599294036
0.008128588527332293242610994355
0.008107099407958121700668030485
0.008085024239836572160222694095
0.008062364618744955260809526010
0.008039122182709563732561086624
0.008015298611887529053876555452
0.007990895628445167028774953621
0.007965914996433674441500549790
0.007940358521661366672517168297
0.007914228051563377414057143255
0.007887525475067996491573829587
0.007860252722460117635883136700
0.007832411765241648754498626772
0.007804004615989262871877940597
0.007775033328208451506580178858
0.007745499996185533676806844738
0.007715406754836046272771898913
0.007684755779550407443767578997
0.007653549286036621414341940550
0.007621789530160340449260747420
0.007589478807781557118117277128
0.007556619454588600799660458307
0.007523213845929716848959234454
0.007489264396640663706827822921
0.007454773560870859780425057295
0.007419743831905480611899061927
0.007384177741985378969069575561
0.007348077862124179071567908750
0.007311446801922267396678378759
0.007274287209378033948470321235
0.007236601770696737823129751632
0.007198393210096093279559692490
0.007159664289609566842353949312
0.007120417808886335062079631086
0.007080656604989433826335964994
0.007040383552190147657678931381
0.006999601561760576684534385095
0.006958313581763032537597091221
0.006916522596837112318857165860
0.006874231627983513892576894477
0.006831443732346273445266149338
0.006788162002991231756821033372
0.006744389568682662532139726608
0.006700129593657141655049791495
0.006655385277394779662551993482
0.006610159854387851266488418389
0.006564456593907028354728527830
0.006518278799765040397440341025
0.006471629810078047620458541189
0.006424512997023919431971439309
0.006376931766598811952839742645
0.006328889558370846823986966001
0.006280389845231435994032942460
0.006231436133144294120533857040
0.006182031960891910468691712310
0.006132180899819862814059678868
0.006081886553578522321139576690
0.006031152557862650732956044664
0.005979982580148511701889635361
0.005928380319428734786246781852
0.005876349505945152422448085616
0.005823893900918772001396028770
0.005771017296278120774222220035
0.005717723514385130052783967614
0.005664016407758793759941173818
0.005609899858796626483103953120
0.005555377779494096238122047282
0.005500454111161693672438222080
0.005445132824140200625273600110
0.005389417917513563902054407606
0.005333313418819836566886483098
0.005276823383760038434220351888
0.005219951895905037241030210993
0.005162703066400194627794117963
0.005105081033668275661274726929
0.005047089963110433681603428369
0.004988734046804710157985152108
0.004930017503203481567253252393
0.004870944576828205307972297078
0.004811519537962555791155150331
0.004751746682343938564530017032
0.004691630330852877665825939602
0.004631174829200487841340816431
0.004570384547614764550460542125
0.004509263880524150454320864156
0.004447817246240248420519058925
0.004386049086638248162284270393
0.004323963866835771677199495855
0.004261566074870466215573916458
0.004198860221375118328968056858
0.004135850839251762646464616324
0.004072542483344201644235305082
0.004008939730108323183654928101
0.003945047177281786610070213328
0.003880869443551120644142482519
0.003816411168218446139238642090
0.003751677010865527798350038680
0.003686671651017356648311062983
0.003621399787803653014250926390
0.003555866139619315649533781709
0.003490075443783268414887910325
0.003424032456195992904501856913
0.003357741950995767835769223453
0.003291208720213693698919410480
0.003224437573426993958874975377
0.003157433337411684384082866117
0.003090200855793349358352495315
0.003022744988697325784626768197
0.002955070612397095886764164518
0.002887182618962115792510259027
0.002819085915903951893718426547
0.002750785425821692525838457755
0.002682286086046029548179969737
0.002613592848282576212165517759
0.002544710678253786408781200734
0.002475644555340176557189924011
0.002406399472220461990129569685
0.002336980434510698909078563190
0.002267392460402593238472102044
0.002197640580301052273121120706
0.002127729836460548473731080321
0.002057665282621183155259414477
0.001987451983643609160906651212
0.001917095015143387148892628602
0.001846599463124819944306875819
0.001775970423614321334546128917
0.001705213002292917503013858216
0.001634332314129320704726433533
0.001563333483012103921477864432
0.001492221641382688234953035611
0.001421001929869102802309055456
0.001349679496920967161285864755
0.001278259498447291376763135240
0.001206747097458620802262752036
0.001135147463716843548725554669
0.001063465773397392335683497855
0.000991707208774059113462473469
0.000919876957941572447052802630
0.000847980214610789232061727194
0.000776022178038738934778562051
0.000704008053232962308261300155
0.000631943051737017492605619218
0.000559832393746822923157047125
0.000487681313544128874296751386
0.000415495074151396928674451203
0.000343279011454006137155775535
0.000271038691922008650840580923
0.000198780643083255068124387543
0.000126517506929683378955053819
0.000054352090132087249759167830
