0.001058754502761361264082107247
0.002430283367595144523864991726
0.003809911851628009025333421178
0.005191370385078053484306792598
0.006573523099450591378190011937
0.007956011729619115804834628136
0.009338688088760186203907132096
0.010721479901764035744249348170
0.012104347748183421143441940160
0.013487268309360728180124056053
0.014870226912938901836502836318
0.016253213867055159302932310084
0.017636222513131721151280473237
0.019019248125690835227175057298
0.020402287258499428312941148533
0.021785337339228216801956250492
0.023168396409017546350161964597
0.024551462949919562739342637769
0.025934535767474196921167362007
0.027317613908908827680122044512
0.028700696604960364288761098805
0.030083783227728689430024999751
0.031466873259635173842863054006
0.032849966270214442376484953456
0.034233061898527997191088445561
0.035616159839674241260887299632
0.036999259834318592998769759106
0.038382361660490006693979836427
0.039765465127084162477721918094
0.041148570068679682365520022813
0.042531676341364080262685831713
0.043914783819346596416277606068
0.045297892392193769839359163143
0.046681001962555167261736954742
0.048064112444280659985906822840
0.049447223760855488206011898455
0.050830335844088650465444345627
0.052213448633011916300006305391
0.053596562072947120936028397864
0.054979676114715839152502496745
0.056362790713964189270868132553
0.057745905830585621265615969833
0.059129021428223807466117989406
0.060512137473844651580634490529
0.061895253937364766438911090063
0.063278370791329072164721480931
0.064661488010629902811743363600
0.066044605572261147474755205167
0.067427723455102742122768688660
0.068810841639731001873059312857
0.070193960108251768348353039073
0.071577078844152527969946220310
0.072960197832171322374072985895
0.074343317058180632961317257923
0.075726436509083380754780989719
0.077109556172721305244976974791
0.078492676037791336840498956917
0.079875796093772058470428021337
0.081258916330857064447279469732
0.082642036739895341490580449317
0.084025157312336909432026743616
0.085408278040184151813640767159
0.086791398915948420045296529679
0.088174519932609371486442739752
0.089557641083579206386922066940
0.090940762362669527729686080875
0.092323883764061684398249951755
0.093707005282279307034620785544
0.095090126912163272510092326684
0.096473248648849277420147529938
0.097856370487746646702476027713
0.099239492424519473723343310212
0.100622614455069078753801647963
0.102005736575517688691228102016
0.103388858782194142937882475053
0.104771981071619516012738415611
0.106155103440495252042907736723
0.107538225885691313132852542367
0.108921348404235188156441438423
0.110304470993302441983452411023
0.111687593650207223072712281464
0.113070716372393992310563248793
0.114453839157429293482692855832
0.115836962002994980913683775725
0.117220084906880767094961015573
0.118603207866978505036215096879
0.119986330881275776727434845270
0.121369453947850897135296577289
0.122752577064867335332465358988
0.124135700230569301361072120926
0.125518823443277083296010232516
0.126901946701382939419744388942
0.128285070003347212441724423115
0.129668193347694582495677195766
0.131051316733010847492835182493
0.132434440157939509186135751406
0.133817563621178914345932753349
0.135200687121479395935708112120
0.136583810657640414287783414693
0.137966934228508475435148739052
0.139350057832974494331779169443
0.140733181469971463384283083542
0.142116305138472898139667677242
0.143499428837490117238928633014
0.144882552566071215460752341642
0.146265676323298732253164189387
0.147648800108288208443596545294
0.149031923920186520904351823447
0.150415047758170744574002242189
0.151798171621446292833823576984
0.153181295509245973818224229035
0.154564419420828602635964443834
0.155947543355477641346951145351
0.157330667312500532828423160936
0.158713791291227201973867977358
0.160096915291009278536904503198
0.161480039311219042419409674949
0.162863163351248591004249988146
0.164246287410508923221286181615
0.165629411488429217902407231122
0.167012535584455890091959417987
0.168395659698051841646204707104
0.169778783828696100410837743766
0.171161907975882682242385612881
0.172545032139120230185724835792
0.173928156317931348340266595187
0.175311280511851991237293191261
0.176694404720430908728445729139
0.178077528943229201896514268810
0.179460653179819629166047434410
0.180843777429786273236445026669
0.182226901692724013726021325965
0.183610025968238221860673320407
0.184993150255943983317763468222
0.186376274555466125981695313385
0.187759398866438553810098710528
0.189142523188503941522498053018
0.190525647521313401533404885413
0.191908771864525984351956822138
0.193291896217808706337493163119
0.194675020580835772543437656168
0.196058144953288715495176575132
0.197441269334855701300668329168
0.198824393725231529650443462742
0.200207518124117245239546036828
0.201590642531219860211777472614
0.202973766946252104359516010845
0.204356891368932341856989864937
0.205740015798984127171067370909
0.207123140236135983016652062361
0.208506264680121344845531439205
0.209889389130678172268318348870
0.211272513587548865787724139409
0.212655638050480016998378118842
0.214038762519222186542222630123
0.215421886993529820841786204255
0.216805011473160946788851788369
0.218188135957877005211003051954
0.219571260447442739849321924339
0.220954384941626114091661747807
0.222337509440197894639013043161
0.223720633942931651505503509725
0.225103758449603646996095562827
0.226486882959992613661981408768
0.227870007473879587767129351050
0.229253131991047770510405712230
0.230636256511282500269999218290
0.232019381034370891780937995463
0.233402505560101863890665185863
0.234785630088266056292312100595
0.236168754618655440946639600952
0.237551879151063488615491792189
0.238935003685284863550464251603
0.240318128221115256959450334762
0.241701252758351470273368022390
0.243084377296791082079252532822
0.244467501836232420364680706371
0.245850626376474395984317311559
0.247233750917316391637612582599
0.248616875458558289624377835025
0.250000000000000000000000000000
0.251383124541441738131197780604
0.252766249082683636117963033030
0.254149373623525687282409535328
0.255532498163767662902046140516
0.256915622703208945676323082807
0.258298747241648529726631977610
0.259681871778884798551700896496
0.261064996314715191960686979655
0.262448120848936539140083823440
0.263831245381344559053360399048
0.265214369911734026974414746292
0.266597494439898163864910429766
0.267980618965629135974637620166
0.269363743488717555241152012968
0.270746868008952257245169903399
0.272129992526120467744021880208
0.273513117040007414093594206861
0.274896241550396380759480052802
0.276279366057068376250072105904
0.277662490559802133116562572468
0.279045615058373885908338252193
0.280428739552557260150678075661
0.281811864042123050300148179304
0.283194988526839108722299442888
0.284578113006470179158213795745
0.285961237480777841213352985505
0.287344361949520010757197496787
0.288727486412451161967851476220
0.290110610869321883242832882388
0.291493735319878655154468560795
0.292876859763864016983347937639
0.294259984201015900584508244719
0.295643108631067685898585750692
0.297026233053747923396059604784
0.298409357468780223054949374273
0.299792481875882810271605194430
0.301175606274768525860707768516
0.302558730665144326454907286461
0.303941855046711340015974656126
0.305324979419164199700986728203
0.306708103782191321418082452510
0.308091228135474015648043177862
0.309474352478686653977746345845
0.310857476811496113988653178239
0.312240601133561446189901289472
0.313623725444533874018304686615
0.315006849744056016682236531778
0.316389974031761833650477910851
0.317773098307276014029554289664
0.319156222570213754519130588960
0.320539346820180426345103796848
0.321922471056770853614636962448
0.323305595279569091271554270861
0.324688719488148036518282424367
0.326071843682068707170884636071
0.327454967860879797569850779837
0.328838092024117345513190002748
0.330221216171304010611464718750
0.331604340301948130598219677267
0.332987464415544109908040582013
0.334370588511570809853168384507
0.335753712589491049023138202756
0.337136836648751492262476858741
0.338519960688780985336165940680
0.339903084708990721463095496802
0.341286208708772798026132022642
0.342669332687499494927152454693
0.344052456644522330897473239020
0.345435580579171452875186787423
0.346818704490754081692927002223
0.348201828378553734921752038645
0.349584952241829283181573373440
0.350968076079813506851223792182
0.352351199891711819311979070335
0.353734323676701323257987041870
0.355117447433928756783672042729
0.356500571162509938272222598243
0.357883694861527157371483554016
0.359266818530028619882443763345
0.360649942167025616690523293073
0.362033065771491524564851260948
0.363416189342359641223367816565
0.364799312878520576308716272251
0.366182436378821141165218477909
0.367565559842060518569439864223
0.368948683266989208018316048765
0.370331806652305417504322804234
0.371714929996652787558275576885
0.373098053298617116091406842315
0.374481176556722916703989767484
0.375864299769430754150079110332
0.377247422935132692423110256641
0.378630546052149130620279038340
0.380013669118724251028140770359
0.381396792133021522719360518749
0.382779915093119260660614600056
0.384163037997005019086316224275
0.385546160842570762028458375426
0.386929283627606035445012366836
0.388312406349792804682863334165
0.389695529006697571894335396792
0.391078651595764881232497600649
0.392461774114308714622723073262
0.393844896559504775712667878906
0.395228018928380497865049392203
0.396611141217805829306541909318
0.397994263424482297430984090170
0.399377385544930962879561775480
0.400760507575480540154444497603
0.402143629512253353297523972287
0.403526751351150791968791509134
0.404909873087836713612119865502
0.406292994717720734598742637900
0.407676116235938357235113471688
0.409059237637330486148101726940
0.410442358916420835246441356503
0.411825480067390670146920683692
0.413208601084051607710279085950
0.414591721959815917575298271913
0.415974842687663159956912295456
0.417357963260104658509419550683
0.418741083669142977186083953711
0.420124203906227955407359786477
0.421507323962208690915076658712
0.422890443827278750266174256467
0.424273563490916605367431202467
0.425656682941819408672046165520
0.427039802167828663748139206291
0.428422921155847458152265971876
0.429806039891748259407222576556
0.431189158360268998126940687143
0.432572276544897327266170350413
0.433955394427738894158608218277
0.435338511989370069432681020771
0.436721629208670913957490711255
0.438104746062635275194452333380
0.439487862526155403930516740729
0.440870978571776206411669818408
0.442254094169414413428853549703
0.443637209286035838484707483076
0.445020323885284174725285311069
0.446403437927052892941759409950
0.447786551366988139211144925866
0.449169664155911418923494693445
0.450552776239144525671775909359
0.451935887555719395525244408418
0.453318998037444853554944756979
0.454702107607806271794004260300
0.456085216180653452155979721283
0.457468323658635933615101976102
0.458851429931320387023419016259
0.460234534872915879155641505349
0.461617638339509972489338451851
0.463000740165681434756805856523
0.464383840160325800372476123812
0.465766938101472016686699362253
0.467150033729785529867939430915
0.468533126740364902484969888974
0.469916216772271355672785375646
0.471299303395039670405708420731
0.472682386091091200075453571117
0.474065464232525879406665580973
0.475448537050080444199551266138
0.476831603590982477935966699079
0.478214662660771783198043749508
0.479597712741500592503740563188
0.480980751874309220283976173960
0.482363777486868317012635998253
0.483746786132944861513749401638
0.485129773087061122449625827358
0.486512731690639299575451559576
0.487895652251816580591281535817
0.489278520098236024971072311018
0.490661311911239850225285863417
0.492043988270380927563252271284
0.493426476900549471071855123228
0.494808629614921946515693207402
0.496190088148372010490305683561
0.497569716632404901446307121660
0.498941245497238672346185239803
0.000000000000000000000000000000
0.001385041551246537615965648271
0.002770083102493075231931296543
0.004155124653739612414216075820
0.005540166204986150463862593085
0.006925207756232687646147372362
0.008310249307479224828432151639
0.009695290858725762878078668905
0.011080332409972300927725186170
0.012465373961218837242648227459
0.013850415512465375292294744725
0.015235457063711913341941261990
0.016620498614958449656864303279
0.018005540166204987706510820544
0.019390581717451525756157337810
0.020775623268698063805803855075
0.022160664819944601855450372341
0.023545706371191136435649937653
0.024930747922437674485296454918
0.026315789473684216004389924137
0.027700831024930750584589489449
0.029085872576177288634236006715
0.030470914127423826683882523980
0.031855955678670361264082089292
0.033240997229916899313728606558
0.034626038781163437363375123823
0.036011080332409975413021641089
0.037396121883656520401562062261
0.038781163434903051512314675620
0.040166204986149589561961192885
0.041551246537396127611607710151
0.042936288088642665661254227416
0.044321329639889203710900744682
0.045706371191135741760547261947
0.047091412742382272871299875305
0.048476454293628810920946392571
0.049861495844875348970592909836
0.051246537396121887020239427102
0.052631578947368432008779848275
0.054016620498614970058426365540
0.055401662049861501169178978898
0.056786703601108039218825496164
0.058171745152354577268472013429
0.059556786703601115318118530695
0.060941828254847653367765047960
0.062326869806094191417411565226
0.063711911357340722528164178584
0.065096952908587260577810695850
0.066481994459833798627457213115
0.067867036011080350554891538195
0.069252077562326874726750247646
0.070637119113573412776396764912
0.072022160664819950826043282177
0.073407202216066488875689799443
0.074792243767313040803124124523
0.076177285318559578852770641788
0.077562326869806103024629351239
0.078947368421052641074275868505
0.080332409972299179123922385770
0.081717451523545717173568903036
0.083102493074792255223215420301
0.084487534626038793272861937567
0.085872576177285331322508454832
0.087257617728531869372154972098
0.088642659279778407421801489363
0.090027700831024945471448006629
0.091412742382271483521094523894
0.092797783933518021570741041160
0.094182825484764545742599750611
0.095567867036011083792246267876
0.096952908587257621841892785142
0.098337950138504159891539302407
0.099722991689750697941185819673
0.101108033240997235990832336938
0.102493074792243774040478854204
0.103878116343490325967913179284
0.105263157894736864017559696549
0.106648199445983402067206213815
0.108033240997229940116852731080
0.109418282548476478166499248346
0.110803324099723002338357957797
0.112188365650969540388004475062
0.113573407202216078437650992328
0.114958448753462616487297509593
0.116343490304709154536944026859
0.117728531855955692586590544124
0.119113573407202230636237061390
0.120498614958448768685883578655
0.121883656509695306735530095921
0.123268698060941844785176613186
0.124653739612188382834823130452
0.126038781163434920884469647717
0.127423822714681445056328357168
0.128808864265927996983762682248
0.130193905817174521155621391699
0.131578947368421073083055716779
0.132963988919667597254914426230
0.134349030470914149182348751310
0.135734072022160701109783076390
0.137119113573407225281641785841
0.138504155124653749453500495292
0.139889196675900273625359204743
0.141274238227146825552793529823
0.142659279778393349724652239274
0.144044321329639901652086564354
0.145429362880886425823945273805
0.146814404432132977751379598885
0.148199445983379529678813923965
0.149584487534626081606248249045
0.150969529085872605778106958496
0.152354570637119157705541283576
0.153739612188365681877399993027
0.155124653739612206049258702478
0.156509695290858757976693027558
0.157894736842105282148551737009
0.159279778393351834075986062089
0.160664819944598358247844771540
0.162049861495844910175279096620
0.163434903047091434347137806071
0.164819944598337986274572131151
0.166204986149584510446430840602
0.167590027700831062373865165682
0.168975069252077586545723875133
0.170360110803324110717582584584
0.171745152354570662645016909664
0.173130193905817186816875619115
0.174515235457063738744309944195
0.175900277008310262916168653646
0.177285318559556814843602978726
0.178670360110803339015461688177
0.180055401662049890942896013257
0.181440443213296415114754722708
0.182825484764542967042189047788
0.184210526315789491214047757239
0.185595567867036043141482082319
0.186980609418282567313340791770
0.188365650969529091485199501221
0.189750692520775643412633826301
0.191135734072022167584492535752
0.192520775623268719511926860832
0.193905817174515243683785570283
0.195290858725761795611219895363
0.196675900277008319783078604814
0.198060941828254871710512929894
0.199445983379501395882371639345
0.200831024930747947809805964425
0.202216066481994471981664673876
0.203601108033240996153523383327
0.204986149584487548080957708407
0.206371191135734072252816417858
0.207756232686980651935826358567
0.209141274238227176107685068018
0.210526315789473728035119393098
0.211911357340720252206978102549
0.213296398891966804134412427629
0.214681440443213328306271137080
0.216066481994459880233705462160
0.217451523545706404405564171611
0.218836565096952956332998496691
0.220221606648199480504857206142
0.221606648199446004676715915593
0.222991689750692556604150240673
0.224376731301939080776008950124
0.225761772853185632703443275204
0.227146814404432156875301984655
0.228531855955678708802736309735
0.229916897506925232974595019186
0.231301939058171784902029344266
0.232686980609418309073888053717
0.234072022160664861001322378797
0.235457063711911385173181088248
0.236842105263157937100615413328
0.238227146814404461272474122779
0.239612188365650985444332832230
0.240997229916897537371767157310
0.242382271468144061543625866761
0.243767313019390613471060191841
0.245152354570637137642918901292
0.246537396121883689570353226372
0.247922437673130213742211935823
0.249307479224376765669646260903
0.250692520775623317597080585983
0.252077562326869841768939295434
0.253462603878116365940798004885
0.254847645429362890112656714336
0.256232686980609414284515423788
0.257617728531855993967525364496
0.259002770083102518139384073947
0.260387811634349042311242783398
0.261772853185595566483101492850
0.263157894736842146166111433558
0.264542936288088670337970143009
0.265927977839335194509828852460
0.267313019390581774192838793169
0.268698060941828298364697502620
0.270083102493074822536556212071
0.271468144044321402219566152780
0.272853185595567926391424862231
0.274238227146814450563283571682
0.275623268698060974735142281133
0.277008310249307498907000990584
0.278393351800554078590010931293
0.279778393351800547250718409487
0.281163434903047126933728350195
0.282548476454293651105587059646
0.283933518005540230788597000355
0.285318559556786699449304478549
0.286703601108033279132314419257
0.288088642659279803304173128708
0.289473684210526327476031838160
0.290858725761772851647890547611
0.292243767313019431330900488319
0.293628808864265955502759197771
0.295013850415512479674617907222
0.296398891966759059357627847930
0.297783933518005583529486557381
0.299168975069252163212496498090
0.300554016620498631873203976284
0.301939058171745211556213916992
0.303324099722991735728072626443
0.304709141274238315411082567152
0.306094182825484784071790045346
0.307479224376731363754799986054
0.308864265927977887926658695505
0.310249307479224412098517404957
0.311634349030470936270376114408
0.313019390581717515953386055116
0.314404432132964040125244764567
0.315789473684210564297103474019
0.317174515235457088468962183470
0.318559556786703668151972124178
0.319944598337950192323830833629
0.321329639889196716495689543081
0.322714681440443240667548252532
0.324099722991689820350558193240
0.325484764542936289011265671434
0.326869806094182868694275612143
0.328254847645429392866134321594
0.329639889196675972549144262302
0.331024930747922441209851740496
0.332409972299169020892861681205
0.333795013850415545064720390656
0.335180055401662124747730331364
0.336565096952908593408437809558
0.337950138504155173091447750267
0.339335180055401697263306459718
0.340720221606648221435165169169
0.342105263157894745607023878620
0.343490304709141325290033819329
0.344875346260387849461892528780
0.346260387811634373633751238231
0.347645429362880897805609947682
0.349030470914127477488619888391
0.350415512465374001660478597842
0.351800554016620525832337307293
0.353185595567867050004196016744
0.354570637119113629687205957453
0.355955678670360209370215898161
0.357340720221606678030923376355
0.358725761772853257713933317063
0.360110803324099781885792026515
0.361495844875346306057650735966
0.362880886426592830229509445417
0.364265927977839409912519386125
0.365650969529085934084378095577
0.367036011080332458256236805028
0.368421052631578982428095514479
0.369806094182825562111105455187
0.371191135734072086282964164639
0.372576177285318610454822874090
0.373961218836565134626681583541
0.375346260387811714309691524250
0.376731301939058182970399002443
0.378116343490304762653408943152
0.379501385041551286825267652603
0.380886426592797866508277593312
0.382271468144044335168985071505
0.383656509695290914851995012214
0.385041551246537439023853721665
0.386426592797784018706863662374
0.387811634349030487367571140567
0.389196675900277067050581081276
0.390581717451523591222439790727
0.391966759002770115394298500178
0.393351800554016639566157209629
0.394736842105263219249167150338
0.396121883656509743421025859789
0.397506925207756267592884569240
0.398891966759002791764743278691
0.400277008310249371447753219400
0.401662049861495895619611928851
0.403047091412742419791470638302
0.404432132963988943963329347753
0.405817174515235523646339288462
0.407202216066481992307046766655
0.408587257617728571990056707364
0.409972299168975096161915416815
0.411357340720221675844925357524
0.412742382271468144505632835717
0.414127423822714724188642776426
0.415512465373961303871652717135
0.416897506925207828043511426586
0.418282548476454352215370136037
0.419667590027700876387228845488
0.421052631578947456070238786197
0.422437673130193980242097495648
0.423822714681440504413956205099
0.425207756232687028585814914550
0.426592797783933608268824855259
0.427977839335180076929532333452
0.429362880886426656612542274161
0.430747922437673180784400983612
0.432132963988919760467410924321
0.433518005540166229128118402514
0.434903047091412808811128343223
0.436288088642659332982987052674
0.437673130193905912665996993383
0.439058171745152381326704471576
0.440443213296398961009714412285
0.441828254847645485181573121736
0.443213296398892009353431831187
0.444598337950138533525290540638
0.445983379501385113208300481347
0.447368421052631637380159190798
0.448753462603878161552017900249
0.450138504155124685723876609700
0.451523545706371265406886550409
0.452908587257617789578745259860
0.454293628808864313750603969311
0.455678670360110837922462678762
0.457063711911357417605472619471
0.458448753462603886266180097664
0.459833795013850465949190038373
0.461218836565096990121048747824
0.462603878116343569804058688533
0.463988919667590038464766166726
0.465373961218836618147776107435
0.466759002770083142319634816886
0.468144044321329722002644757595
0.469529085872576190663352235788
0.470914127423822770346362176497
0.472299168975069294518220885948
0.473684210526315874201230826657
0.475069252077562398373089536108
0.476454293628808922544948245559
0.477839335180055502227958186268
0.479224376731301970888665664461
0.480609418282548550571675605170
0.481994459833795074743534314621
0.483379501385041654426544255330
0.484764542936288123087251733523
0.486149584487534702770261674232
0.487534626038781226942120383683
0.488919667590027806625130324392
0.490304709141274275285837802585
0.491689750692520854968847743294
0.493074792243767379140706452745
0.494459833795013903312565162196
0.495844875346260427484423871647
0.497229916897507007167433812356
0.498614958448753531339292521807
0.500000000000000111022302462516
0.501385041551246635194161171967
0.502770083102493159366019881418
0.504155124653739683537878590869
0.505540166204986207709737300320
0.506925207756232731881596009771
0.508310249307479256053454719222
0.509695290858725780225313428673
0.511080332409972415419474600640
0.512465373961218828569030847575
0.513850415512465463763192019542
0.515235457063711987935050728993
0.516620498614958512106909438444
0.518005540166205036278768147895
0.519390581717451560450626857346
0.520775623268698084622485566797
0.522160664819944719816646738764
0.523545706371191132966202985699
0.524930747922437768160364157666
0.526315789473684292332222867117
0.527700831024930816504081576568
0.529085872576177340675940286019
0.530470914127423864847798995470
0.531855955678670389019657704921
0.533240997229916913191516414372
0.534626038781163548385677586339
0.536011080332410072557536295790
0.537396121883656596729395005241
0.538781163434903120901253714692
0.540166204986149645073112424143
0.541551246537396169244971133594
0.542936288088642804439132305561
0.544321329639889217588688552496
0.545706371191135852782849724463
0.547091412742382376954708433914
0.548476454293628901126567143365
0.549861495844875425298425852816
0.551246537396121949470284562267
0.552631578947368473642143271718
0.554016620498614997814001981169
0.555401662049861521985860690620
0.556786703601108157180021862587
0.558171745152354570329578109522
0.559556786703601094501436818973
0.560941828254847729695597990940
0.562326869806094253867456700391
0.563711911357340778039315409842
0.565096952908587302211174119293
0.566481994459833937405335291260
0.567867036011080461577194000711
0.569252077562326874726750247646
0.570637119113573398898608957097
0.572022160664820034092770129064
0.573407202216066558264628838515
0.574792243767313082436487547966
0.576177285318559606608346257417
0.577562326869806241802507429384
0.578947368421052654952063676319
0.580332409972299179123922385770
0.581717451523545703295781095221
0.583102493074792338489942267188
0.584487534626038862661800976639
0.585872576177285386833659686090
0.587257617728531911005518395541
0.588642659279778546199679567508
0.590027700831024959349235814443
0.591412742382271483521094523894
0.592797783933518118715255695861
0.594182825484764642887114405312
0.595567867036011167058973114763
0.596952908587257691230831824214
0.598337950138504326424992996181
0.599722991689750739574549243116
0.601108033240997263746407952567
0.602493074792243787918266662018
0.603878116343490423112427833985
0.605263157894736947284286543436
0.606648199445983471456145252887
0.608033240997229995628003962338
0.609418282548476630822165134305
0.610803324099723043971721381240
0.612188365650969568143580090691
0.613573407202216092315438800142
0.614958448753462727509599972109
0.616343490304709251681458681560
0.617728531855955775853317391011
0.619113573407202300025176100462
0.620498614958448824197034809913
0.621883656509695348368893519364
0.623268698060941872540752228815
0.624653739612188396712610938266
0.626038781163435031906772110233
0.627423822714681556078630819684
0.628808864265928080250489529135
0.630193905817174493400045776070
0.631578947368421128594206948037
0.632963988919667652766065657488
0.634349030470914176937924366939
0.635734072022160701109783076390
0.637119113573407336303944248357
0.638504155124653860475802957808
0.639889196675900384647661667259
0.641274238227146797797217914194
0.642659279778393432991379086161
0.644044321329639957163237795612
0.645429362880886481335096505063
0.646814404432133005506955214514
0.648199445983379640701116386481
0.649584487534626164872975095932
0.650969529085872578022531342867
0.652354570637119213216692514834
0.653739612188365737388551224285
0.655124653739612261560409933736
0.656509695290858785732268643187
0.657894736842105420926429815154
0.659279778393351945098288524605
0.660664819944598358247844771540
0.662049861495844882419703480991
0.663434903047091517613864652958
0.664819944598338041785723362409
0.666204986149584565957582071860
0.667590027700831090129440781311
0.668975069252077725323601953278
0.670360110803324249495460662729
0.671745152354570662645016909664
0.673130193905817186816875619115
0.674515235457063822011036791082
0.675900277008310346182895500533
0.677285318559556870354754209984
0.678670360110803394526612919435
0.680055401662050029720774091402
0.681440443213296442870330338337
0.682825484764542967042189047788
0.684210526315789491214047757239
0.685595567867036126408208929206
0.686980609418282650580067638657
0.688365650969529174751926348108
0.689750692520775698923785057559
0.691135734072022334117946229526
0.692520775623268747267502476461
0.693905817174515271439361185912
0.695290858725761795611219895363
0.696675900277008430805381067330
0.698060941828254954977239776781
0.699445983379501479149098486232
0.700831024930748003320957195683
0.702216066481994527492815905134
0.703601108033241051664674614585
0.704986149584487575836533324036
0.706371191135734100008392033487
0.707756232686980735202553205454
0.709141274238227259374411914905
0.710526315789473783546270624356
0.711911357340720418740431796323
0.713296398891966831889988043258
0.714681440443213356061846752709
0.716066481994459880233705462160
0.717451523545706515427866634127
0.718836565096953039599725343578
0.720221606648199563771584053029
0.721606648199446087943442762480
0.722991689750692612115301471931
0.724376731301939136287160181382
0.725761772853185660459018890833
0.727146814404432184630877600284
0.728531855955678819825038772251
0.729916897506925343996897481702
0.731301939058171868168756191153
0.732686980609418281318312438088
0.734072022160664916512473610055
0.735457063711911440684332319506
0.736842105263157964856191028957
0.738227146814404489028049738408
0.739612188365651124222210910375
0.740997229916897648394069619826
0.742382271468144172565928329277
0.743767313019390585715484576212
0.745152354570637220909645748179
0.746537396121883745081504457630
0.747922437673130269253363167081
0.749307479224376793425221876532
0.750692520775623428619383048499
0.752077562326869952791241757950
0.753462603878116365940798004885
0.754847645429362890112656714336
0.756232686980609525306817886303
0.757617728531856049478676595754
0.759002770083102573650535305205
0.760387811634349097822394014656
0.761772853185595733016555186623
0.763157894736842146166111433558
0.764542936288088670337970143009
0.765927977839335194509828852460
0.767313019390581829703990024427
0.768698060941828353875848733878
0.770083102493074878047707443329
0.771468144044321513241868615296
0.772853185595568037413727324747
0.774238227146814450563283571682
0.775623268698060974735142281133
0.777008310249307609929303453100
0.778393351800554134101162162551
0.779778393351800658273020872002
0.781163434903047182444879581453
0.782548476454293817639040753420
0.783933518005540230788597000355
0.785318559556786754960455709806
0.786703601108033279132314419257
0.788088642659279914326475591224
0.789473684210526438498334300675
0.790858725761772962670193010126
0.792243767313019486842051719577
0.793628808864266122036212891544
0.795013850415512535185769138479
0.796398891966759059357627847930
0.797783933518005583529486557381
0.799168975069252218723647729348
0.800554016620498742895506438799
0.801939058171745267067365148250
0.803324099722991791239223857701
0.804709141274238315411082567152
0.806094182825484839582941276603
0.807479224376731363754799986054
0.808864265927977887926658695505
0.810249307479224523120819867472
0.811634349030471047292678576923
0.813019390581717571464537286374
0.814404432132963984614093533310
0.815789473684210619808254705276
0.817174515235457143980113414727
0.818559556786703668151972124178
0.819944598337950192323830833629
0.821329639889196827517992005596
0.822714681440443351689850715047
0.824099722991689875861709424498
0.825484764542936289011265671434
0.826869806094182924205426843400
0.828254847645429448377285552851
0.829639889196675972549144262302
0.831024930747922607743305434269
0.832409972299169131915164143720
0.833795013850415656087022853171
0.835180055401662069236579100107
0.836565096952908704430740272073
0.837950138504155228602598981524
0.839335180055401752774457690975
0.840720221606648276946316400426
0.842105263157894912140477572393
0.843490304709141436312336281844
0.844875346260387960484194991295
0.846260387811634373633751238231
0.847645429362881008827912410197
0.849030470914127532999771119648
0.850415512465374057171629829099
0.851800554016620581343488538550
0.853185595567867216537649710517
0.854570637119113740709508419968
0.855955678670360153859064666904
0.857340720221606678030923376355
0.858725761772853313225084548321
0.860110803324099837396943257772
0.861495844875346361568801967223
0.862880886426592885740660676674
0.864265927977839520934821848641
0.865650969529085934084378095577
0.867036011080332458256236805028
0.868421052631578982428095514479
0.869806094182825617622256686445
0.871191135734072141794115395896
0.872576177285318665965974105347
0.873961218836565190137832814798
0.875346260387811825331993986765
0.876731301939058238481550233701
0.878116343490304762653408943152
0.879501385041551286825267652603
0.880886426592797922019428824569
0.882271468144044446191287534020
0.883656509695290970363146243471
0.885041551246537494535004952922
0.886426592797784018706863662374
0.887811634349030542878722371825
0.889196675900277067050581081276
0.890581717451523702244742253242
0.891966759002770226416600962693
0.893351800554016750588459672144
0.894736842105263274760318381595
0.896121883656509909954479553562
0.897506925207756323104035800498
0.898891966759002847275894509949
0.900277008310249371447753219400
0.901662049861496006641914391366
0.903047091412742530813773100817
0.904432132963989054985631810268
0.905817174515235579157490519719
0.907202216066482103329349229170
0.908587257617728627501207938622
0.909972299168975151673066648073
0.911357340720221675844925357524
0.912742382271468311039086529490
0.914127423822714835210945238941
0.915512465373961359382803948392
0.916897506925207772532360195328
0.918282548476454407726521367294
0.919667590027700931898380076746
0.921052631578947456070238786197
0.922437673130193980242097495648
0.923822714681440615436258667614
0.925207756232687139608117377065
0.926592797783933663779976086516
0.927977839335180076929532333452
0.929362880886426712123693505418
0.930747922437673236295552214870
0.932132963988919760467410924321
0.933518005540166284639269633772
0.934903047091412919833430805738
0.936288088642659444005289515189
0.937673130193905857154845762125
0.939058171745152381326704471576
0.940443213296399016520865643542
0.941828254847645540692724352994
0.943213296398892064864583062445
0.944598337950138589036441771896
0.945983379501385224230602943862
0.947368421052631748402461653313
0.948753462603878161552017900249
0.950138504155124796746179072215
0.951523545706371320918037781666
0.952908587257617845089896491118
0.954293628808864369261755200569
0.955678670360111004455916372535
0.957063711911357528627775081986
0.958448753462603941777331328922
0.959833795013850465949190038373
0.961218836565097101143351210339
0.962603878116343625315209919791
0.963988919667590149487068629242
0.965373961218836673658927338693
0.966759002770083308853088510659
0.968144044321329722002644757595
0.969529085872576246174503467046
0.970914127423822770346362176497
0.972299168975069405540523348463
0.973684210526315929712382057915
0.975069252077562453884240767366
0.976454293628808978056099476817
0.977839335180055613250260648783
0.979224376731302026399816895719
0.980609418282548550571675605170
0.981994459833795074743534314621
0.983379501385041709937695486587
0.984764542936288234109554196039
0.986149584487534758281412905490
0.987534626038781282453271614941
0.988919667590027806625130324392
0.990304709141274330796989033843
0.991689750692520854968847743294
0.993074792243767379140706452745
0.994459833795014014334867624711
0.995844875346260538506726334163
0.997229916897507062678585043614
0.998614958448753475828141290549
0.000056784313911833142897011423
0.000132178912020978318007935481
0.000207675174901936568112176262
0.000283165451089455221314605815
0.000358636288748799623559565530
0.000434080624265326760116007199
0.000509492398261421840753582213
0.000584865792470053613878733234
0.000660195064991432297232809567
0.000735474504231937845945277221
0.000810698413629848792585907979
0.000885861106014426886480495060
0.000960956901430829076027340108
0.001035980126355120307587998063
0.001110925113516971667396160406
0.001185786202008150746686765409
0.001260557737532610978956060244
0.001335234072731345065371266756
0.001409809567547910509957564962
0.001484278589616474901269338460
0.001558635514663298578946770689
0.001632874726915842060470662744
0.001706990619516600372548853493
0.001780977594939608422974774982
0.001854830065408017997913292518
0.001928542453313058201158636251
0.002002109191632579342917663823
0.002075524724349901706244025945
0.002148783506872087734757004185
0.002221880006447614006037660772
0.002294808702583741363140168446
0.002367564087462776991482860112
0.002440140666357490818044739811
0.002512532958046042718541768224
0.002584735495225554038206672303
0.002656742824924778357403853946
0.002728549508915904028144572280
0.002800150124124997988439567109
0.002871539263041646833363174096
0.002942711534127115998588086754
0.003013661562221528825156191544
0.003084383988949866012285738748
0.003154873473126353945750199870
0.003225124691158179086186708062
0.003295132337447148878489810997
0.003364891124790456242849012725
0.003434395784780268790631341247
0.003503641068201204279708438349
0.003572621745426960392089110741
0.003641332606815195042926358582
0.003709768463101010670807111680
0.003777924145788766688291993034
0.003845794507542607803401990552
0.003913374422574915877104384521
0.003980658787033673241817499644
0.004047642519387807669151158052
0.004114320560810973484433539227
0.004180687875563523364652596115
0.004246739451373116210064484477
0.004312470299812809666761825866
0.004377875456678109213071170558
0.004442949982361916495821052564
0.004507688962227371712310208807
0.004572087506979169435616938699
0.004636140753032667004285283241
0.004699843862881418650456755159
0.004763192025462402445779019899
0.004826180456519185528463378176
0.004888804398963576651471196755
0.004951059123234731289275867283
0.005012939927656263547350867782
0.005074442138791535744646310491
0.005135561111796384942129733986
0.005196292230770112145765704526
0.005256630909103872026366666148
0.005316572589827369549331237408
0.005376112745952741148180997754
0.005435246880816529436997175395
0.005493970528419382833018591583
0.005552279253763190390580373190
0.005610168653186166191904060696
0.005667634354695329917950274989
0.005724672018296710594709164610
0.005781277336323221473224354128
0.005837446033759748943714473768
0.005893173868566321978168520701
0.005948456631998199836686147535
0.006003290148923976117523171325
0.006057670278140673061906262831
0.006111592912686683934375686533
0.006165053980151921630969980015
0.006218049442985078105461393960
0.006270575298799111775560621851
0.006322627580672974048625611942
0.006374202357451603725979616399
0.006425295734042492726278972270
0.006475903851710141517772356679
0.006526022888367396385111973700
0.006575649058863900983662453825
0.006624778615272229435884110416
0.006673407847170899527544651875
0.006721533081924444680277375141
0.006769150684960886441010607939
0.006816257060046314320000959697
0.006862848649556313636310722615
0.006908921934744707143982722641
0.006954473436009343291497319939
0.006999499713154873868636851597
0.007043997365652657216550380781
0.007087963032897244032570771566
0.007131393394460612371321683867
0.007174285170342711154267689722
0.007216635121219151793869883704
0.007258440048685914358639337252
0.007299696795500952919977244449
0.007340402245822469362579454355
0.007380553325444516588049737038
0.007420147002028794000483280513
0.007459180285334036930589007852
0.007497650227441548902163059864
0.007535553922978113598751814806
0.007572888509335073091432999348
0.007609651166884843880022781804
0.007645839119193875016433636915
0.007681449633231840143365865003
0.007716480019578701894655825555
0.007750927632627431680678586901
0.007784789870783873251547380079
0.007818064176663303346814792860
0.007850748037283486469029014643
0.007882838984254628839076772806
0.007914334593965408407023609527
0.007945232487766625689706856406
0.007975530332150282744607672214
0.008005225838926053119615211529
0.008034316765394056841786962764
0.008062800914514384534315105668
0.008090676135072772182099676286
0.008117940321843332071582999276
0.008144591415747142945646963597
0.008170627404008335217810987672
0.008196046320305631210922925334
0.008220846244920922488153003371
0.008245025304884497432955647866
0.008268581674116240801120092385
0.008291513573563712505287703891
0.008313819271336305924413601076
0.008335497082836325344334937881
0.008356545370885936491189838193
0.008376962545850956398663100799
0.008396747065760939640610693857
0.008415897436425538377657851186
0.008434412211547401630462594824
0.008452289992831362244740667222
0.008469529430090109306528134425
0.008486129221346082329713311765
0.008502088112929793647931653311
0.008517404899574714319254731265
0.008532078424508031389006390555
0.008546107579538022441800748652
0.008559491305138042238631612690
0.008572228590526186423059762376
0.008584318473741858745995614299
0.008595760041718346691763663614
0.008606552430351752450143898443
0.008616694824566333010817942295
0.008626186458375968355016816247
0.008635026614942064790425568788
0.008643214626627628016652948872
0.008650749875047830314556129849
0.008657631791116532360419455472
0.008663859855089358144586419996
0.008669433596603045438788726074
0.008674352594710676295219897725
0.008678616477913819737821654599
0.008682224924190322032369060423
0.008685177661018714245777516680
0.008687474465398910966618117868
0.008689115163868903549126976316
0.008690099632517806968468043749
0.008690427796995477127683926710
0.008690099632517820846255851563
0.008689115163868903549126976316
0.008687474465398910966618117868
0.008685177661018714245777516680
0.008682224924190322032369060423
0.008678616477913819737821654599
0.008674352594710676295219897725
0.008669433596603045438788726074
0.008663859855089358144586419996
0.008657631791116532360419455472
0.008650749875047830314556129849
0.008643214626627628016652948872
0.008635026614942064790425568788
0.008626186458375968355016816247
0.008616694824566333010817942295
0.008606552430351752450143898443
0.008595760041718346691763663614
0.008584318473741858745995614299
0.008572228590526186423059762376
0.008559491305138042238631612690
0.008546107579538022441800748652
0.008532078424508031389006390555
0.008517404899574714319254731265
0.008502088112929793647931653311
0.008486129221346082329713311765
0.008469529430090109306528134425
0.008452289992831362244740667222
0.008434412211547401630462594824
0.008415897436425538377657851186
0.008396747065760939640610693857
0.008376962545850956398663100799
0.008356545370885936491189838193
0.008335497082836325344334937881
0.008313819271336305924413601076
0.008291513573563712505287703891
0.008268581674116240801120092385
0.008245025304884497432955647866
0.008220846244920922488153003371
0.008196046320305631210922925334
0.008170627404008335217810987672
0.008144591415747142945646963597
0.008117940321843332071582999276
0.008090676135072772182099676286
0.008062800914514384534315105668
0.008034316765394056841786962764
0.008005225838926053119615211529
0.007975530332150282744607672214
0.007945232487766625689706856406
0.007914334593965408407023609527
0.007882838984254628839076772806
0.007850748037283486469029014643
0.007818064176663303346814792860
0.007784789870783873251547380079
0.007750927632627431680678586901
0.007716480019578701894655825555
0.007681449633231840143365865003
0.007645839119193875016433636915
0.007609651166884843880022781804
0.007572888509335073091432999348
0.007535553922978113598751814806
0.007497650227441548902163059864
0.007459180285334036930589007852
0.007420147002028794000483280513
0.007380553325444516588049737038
0.007340402245822469362579454355
0.007299696795500952919977244449
0.007258440048685914358639337252
0.007216635121219151793869883704
0.007174285170342711154267689722
0.007131393394460612371321683867
0.007087963032897244032570771566
0.007043997365652657216550380781
0.006999499713154873868636851597
0.006954473436009343291497319939
0.006908921934744707143982722641
0.006862848649556313636310722615
0.006816257060046314320000959697
0.006769150684960886441010607939
0.006721533081924444680277375141
0.006673407847170899527544651875
0.006624778615272229435884110416
0.006575649058863900983662453825
0.006526022888367396385111973700
0.006475903851710141517772356679
0.006425295734042492726278972270
0.006374202357451603725979616399
0.006322627580672974048625611942
0.006270575298799111775560621851
0.006218049442985078105461393960
0.006165053980151921630969980015
0.006111592912686683934375686533
0.006057670278140673061906262831
0.006003290148923976117523171325
0.005948456631998199836686147535
0.005893173868566321978168520701
0.005837446033759748943714473768
0.005781277336323221473224354128
0.005724672018296710594709164610
0.005667634354695329917950274989
0.005610168653186166191904060696
0.005552279253763190390580373190
0.005493970528419382833018591583
0.005435246880816529436997175395
0.005376112745952741148180997754
0.005316572589827369549331237408
0.005256630909103872026366666148
0.005196292230770112145765704526
0.005135561111796384942129733986
0.005074442138791535744646310491
0.005012939927656263547350867782
0.004951059123234731289275867283
0.004888804398963576651471196755
0.004826180456519185528463378176
0.004763192025462402445779019899
0.004699843862881418650456755159
0.004636140753032667004285283241
0.004572087506979169435616938699
0.004507688962227371712310208807
0.004442949982361916495821052564
0.004377875456678109213071170558
0.004312470299812809666761825866
0.004246739451373116210064484477
0.004180687875563523364652596115
0.004114320560810973484433539227
0.004047642519387807669151158052
0.003980658787033673241817499644
0.003913374422574915877104384521
0.003845794507542607803401990552
0.003777924145788766688291993034
0.003709768463101010670807111680
0.003641332606815195042926358582
0.003572621745426960392089110741
0.003503641068201204279708438349
0.003434395784780268790631341247
0.003364891124790456242849012725
0.003295132337447148878489810997
0.003225124691158179086186708062
0.003154873473126353945750199870
0.003084383988949866012285738748
0.003013661562221528825156191544
0.002942711534127115998588086754
0.002871539263041646833363174096
0.002800150124124997988439567109
0.002728549508915904028144572280
0.002656742824924778357403853946
0.002584735495225554038206672303
0.002512532958046042718541768224
0.002440140666357490818044739811
0.002367564087462776991482860112
0.002294808702583741363140168446
0.002221880006447614006037660772
0.002148783506872087734757004185
0.002075524724349901706244025945
0.002002109191632579342917663823
0.001928542453313058201158636251
0.001854830065408017997913292518
0.001780977594939608422974774982
0.001706990619516600372548853493
0.001632874726915842060470662744
0.001558635514663298578946770689
0.001484278589616474901269338460
0.001409809567547910509957564962
0.001335234072731345065371266756
0.001260557737532610978956060244
0.001185786202008150746686765409
0.001110925113516971667396160406
0.001035980126355120307587998063
0.000960956901430829076027340108
0.000885861106014426886480495060
0.000810698413629848792585907979
0.000735474504231937845945277221
0.000660195064991432297232809567
0.000584865792470053613878733234
0.000509492398261421840753582213
0.000434080624265326760116007199
0.000358636288748799623559565530
0.000283165451089455221314605815
0.000207675174901936568112176262
0.000132178912020978318007935481
0.000056784313911833142897011423
