0.001013880166552213850372776704
0.002327278041397476491397577902
0.003648432240534394115777372392
0.004971338924131480166423990852
0.006294910366437082849255801875
0.007618803487066443981545749153
0.008942876379960967847537745001
0.010267059833325842613249712088
0.011591316097515567615228171405
0.012915622842214150717277121316
0.014239966016941597165557098492
0.015564336340616991005703084738
0.016888727436883323868022088732
0.018213134780549904839785924082
0.019537555071450145999234493388
0.020861985846283247897359203193
0.022186425229215999549436943994
0.023510871766639719615543668851
0.024835324314721886340695533590
0.026159781961075233291946773306
0.027484243969042868732666207165
0.028808709737339666806521520925
0.030133178770326386058941992019
0.031457650655784236137790799148
0.032782125048075656803536759298
0.034106601655223410529682581682
0.035431080228887502914236762308
0.036755560556506423897094038011
0.038080042455078157159764629114
0.039404525766194978264600479179
0.040729010352045555420907874122
0.042053496092173431319949372664
0.043377982880827829770264969511
0.044702470624786785902138319670
0.046026959241553616619668787280
0.047351448657858966062583760959
0.048675938808404504987148442297
0.050000429634808218892771947139
0.051324921084711795649102583639
0.052649413111023612987793285356
0.053973905671271943385036706786
0.055298398727052576473450784533
0.056622892243552505608938929527
0.057947386189140304146860671608
0.059271880535009778545596503818
0.060596375254872283933060828076
0.061920870324686620722598462407
0.063245365722424437548987441460
0.064569861427863181613240328716
0.065894357422405125390696412069
0.067218853688917154509674389828
0.068543350211589124110211912466
0.069867846975808639564675672773
0.071192343968049395797059730739
0.072516841175772464578308529326
0.073841338587337379539832227238
0.075165836191922907882911886190
0.076490333979456467949908926585
0.077814831940550110989107679416
0.079139330066443233646644728196
0.080463828348951216273832187653
0.081788326780418488248791675232
0.083112825353676617057274711442
0.084437324062005700286981380032
0.085761822899100184636189680987
0.087086321859037071901887827607
0.088410820936247316859102340914
0.089735320125489806408758397538
0.091059819421827142837955193500
0.092384318820604355293468756827
0.093708818317428693722703769708
0.095033317908151199171484790895
0.096357817588850244727716187754
0.097682317355815798110008074673
0.099006817205535530002080690792
0.100331317134681574643195745011
0.101655817140098539419490464297
0.102980317218792541411609420265
0.104304817367920840687212091780
0.105629317584782139727295202647
0.106953817866808159608993378242
0.108278318211555271699531033391
0.109602818616697211817623269781
0.110927319080017669494786503037
0.112251819599404056848612754038
0.113576320172841457867285441807
0.114900820798406744227548870185
0.116225321474263801335702339657
0.117549822198658018845840445010
0.118874322969912155079086346632
0.120198823786422007153795732393
0.121523324646652233771426665498
0.122847825549132844136224207432
0.124172326492455478708087923678
0.125496827475270411600405395802
0.126821328496283164399827114721
0.128145829554251966531097650659
0.129470330647984799288252588667
0.130794831776336883955025314208
0.132119332938208489114373378470
0.133443834132542349379946244881
0.134768335358321972305972735739
0.136092836614569334674484935022
0.137417337900342995116176325610
0.138741839214736595309318545333
0.140066340556877028111770755459
0.141390841925922744470867087330
0.142715343321062448911362707804
0.144039844741513684001077422181
0.145364346186521387060963661497
0.146688847655356696675355010484
0.148013349147315870224517198039
0.149337850661718896105867315782
0.150662352197908605555554117927
0.151986853755249784470038321160
0.153311355333127868894038670078
0.154635856930948362153444008982
0.155960358548135780143439887979
0.157284860184132874172391325374
0.158609361838399798294574338797
0.159933863510413581954239248262
0.161258365199667075273737282259
0.162582866905668615986613190216
0.163907368627941224525912389254
0.165231870366021910134790573466
0.166556372119461226777303863855
0.167880873887822718026896495758
0.169205375670682278688161659375
0.170529877467627793974358496598
0.171854379278258445618021710288
0.173178881102184628604234717386
0.174503382939026979725483101902
0.175827884788416377581654614914
0.177152386649993470735253708881
0.178476888523408067088737993799
0.179801390408319078373367005952
0.181125892304393937282114279697
0.182450394211308208891608728663
0.183774896128745701684437108270
0.185099398056397523859573084337
0.186423899993962222110255311236
0.187748401941145476312655659967
0.189072903897659572169942521214
0.190397405863223317945553958452
0.191721907837561822418592782924
0.193046409820406134061343550457
0.194370911811493018994667636434
0.195695413810564877721276388911
0.197019915817369245525370047289
0.198344417831658959006091436095
0.199668919853191656477164883654
0.200993421881729583677866912694
0.202317923917039566017450624713
0.203642425958892869797267621834
0.204966928007064647099255694229
0.206291430061334241097270592036
0.207615932121484714212300559666
0.208940434187302792601315104548
0.210264936258578671868235687725
0.211589438335105933797208876967
0.212913940416681352063577037370
0.214238442503104670189273406322
0.215562944594178573787246477877
0.216887446689708635050308771497
0.218211948789502979684229444501
0.219536450893372231396583060814
0.220860953001129456385598359702
0.222185455112590024562280177634
0.223509957227571415261380138872
0.224834459345893106219094192966
0.226158961467376629084213845999
0.227483463591845236351218773052
0.228807965719123929115852433824
0.230132467849039290541668378864
0.231456969981419485860030249569
0.232781472116093901547628775006
0.234105974252893422882237928206
0.235430476391649962097929460469
0.236754978532196680429677826396
0.238079480674367627290877180712
0.239403982817997823540068225157
0.240728484962923094947484514705
0.242052987108980044439476841944
0.243377489256005719031605849523
0.244701991403837970651125033328
0.246026493552314845514317198649
0.247350995701274944948977463355
0.248675497850557009060779023457
0.250000000000000000000000000000
0.251324502149443018694796592172
0.252649004298725055051022536645
0.253973506447685182241258416980
0.255298008596162029348874966672
0.256622510743994280968394150477
0.257947012891020011071674389314
0.259271515037076905052515485295
0.260596017182002204215507390472
0.261920519325632372709122819288
0.263245021467803319570322173604
0.264569523608350065657646155159
0.265894025747106632628913303051
0.267218527883906098452371224994
0.268543030018580597406696597318
0.269867532150960709458331621136
0.271192034280876070884147566176
0.272516536408154819159932458206
0.273841038532623370915786154001
0.275165540654106921536481422663
0.276490042772428612494195476756
0.277814544887409975437719822366
0.279139046998870543614401640298
0.280463549106627796358992554815
0.281788051210497048071346171128
0.283112553310291392705266844132
0.284437055405821426212753522123
0.285761557496895413077453440565
0.287086059583318731203149809517
0.288410561664894093958366738661
0.289735063741421328131764312275
0.291059565812697262909836126710
0.292384067878515341298850671592
0.293708569938665786658305023593
0.295033071992935380656319921400
0.296357574041107185713883609424
0.297682076082960433982549375287
0.299006578118270416322133087306
0.300331080146808371278410731975
0.301655582168341040993908563905
0.302980084182630782230205568339
0.304304586189435177789874842347
0.305629088188506981005332363566
0.306953590179593949205383296430
0.308278092162438177581407217076
0.309602594136776709810021657177
0.310927096102340483341208710044
0.312251598058854551442919955662
0.313576100006037805645320304393
0.314900601943602531651578146921
0.316225103871254298315562891730
0.317549605788691791108391271337
0.318874107695606145984612567190
0.320198609591680949382208609677
0.321523111476591960666837621829
0.322847613350006557020321906748
0.324172115211583677929496616343
0.325496617060973048030092513727
0.326821118897815399151340898243
0.328145620721741582137553905341
0.329470122532372289292368350289
0.330794624329317721311838340625
0.332119126112177309728679119871
0.333443627880538717711544904887
0.334768129633978173131936273421
0.336092631372058803229663226375
0.337417133094331411768962425413
0.338741634800332924726262717741
0.340066136489586501312487598625
0.341390638161600257216576892461
0.342715139815867153583184290255
0.344039641451864219856560112021
0.345364143069051665602131606647
0.346688644666872103350385714293
0.348013146244750215529961678840
0.349337647802091422200021497702
0.350662149338281159405283915476
0.351986650852684213042209648847
0.353311152344643275569069373887
0.354635653813478612939036338503
0.355960155258486343754498193448
0.357284656678937606599788523454
0.358609158074077283284708528299
0.359933659443122999643804860170
0.361258160785263404690681454667
0.362582662099657004883823674390
0.363907163385430720836666296236
0.365231664641678055449602879889
0.366556165867457706131204986377
0.367880667061791510885626621530
0.369205168223663171556125917050
0.370529669352015200711747411333
0.371854170445748033468902349341
0.373178671503716863355748500908
0.374503172524729588399594604198
0.375827673507544590680851115394
0.377152174450867183619351408197
0.378476675353347835617512373574
0.379801176213578006723992075422
0.381125677030087872676489268997
0.382450177801342050543098594062
0.383774678525736212542085468158
0.385099179201593366794753592330
0.386423679827158583766077981636
0.387748180400595998662538477220
0.389072680919982372138576920406
0.390397181383302815937952345848
0.391721681788444742178256774423
0.393046182133191868146582237387
0.394370682415217943539431644240
0.395695182632079200946151331664
0.397019682781207472466178387549
0.398344182859901474458297343517
0.399668682865318480867955486247
0.400993182794464553264646156094
0.402317682644184215767779733142
0.403642182411149852416798466948
0.404966682091848828584090824734
0.406291181682571334032871845920
0.407615681179395616950955627544
0.408940180578172884917620422129
0.410264679874510262980180641534
0.411589179063752697018685466901
0.412913678140962969731475595836
0.414238177100899829241598126828
0.415562675937994341346382043412
0.416887174646323410698300904187
0.418211673219581525628996132582
0.419536171651048783726167812347
0.420860669933556807986718695247
0.422185168059449889010892320584
0.423509666020543573683454496859
0.424834163808077147628239345067
0.426158661412662620460167772762
0.427483158824227549299479278488
0.428807656031950645836303692704
0.430132153024191388190899942856
0.431456649788410917523151510977
0.432781146311082831612537802357
0.434105642577594930120454819189
0.435430138572136860020123094728
0.436754634277575548573224750726
0.438079129675313427849658864943
0.439403624745127729944726979738
0.440728119464990297782236439161
0.442052613810859751364290559650
0.443377107756447563780000109546
0.444701601272947444343230927188
0.446026094328728028859387677585
0.447350586888976442523357945902
0.448675078915288239045366935898
0.449999570365191781107228052861
0.451324061191595571340684500683
0.452648551342141103326355278114
0.453973040758446466647058059607
0.455297529375213227975649488144
0.456622017119172218801992357839
0.457946503907826596435626242965
0.459270989647954486212455549321
0.460595474233805091124338559894
0.461919957544921877534704890422
0.463244439443493638552951097154
0.464568919771112476269081525970
0.465893398344776610286999130039
0.467217874951924350135357144609
0.468542349344215791617784816481
0.469866821229673659043868383378
0.471191290262660378296288854472
0.472515756030957134736780744788
0.473840218038924787524734938415
0.475164675685278092842622754688
0.476489128233360315078925850685
0.477813574770784010858903911867
0.479138014153716762510981652667
0.480462444928549892164681978102
0.481786865219450133324130547408
0.483111272563116700418106574944
0.484435663659383008994296915262
0.485760033983058447937253276905
0.487084377157785908263321061895
0.488408683902484430650048352618
0.489732940166674179938155475611
0.491057123620039059908037870628
0.492381196512933605458073316186
0.493705089633562910211850294218
0.495028661075868570140556812476
0.496351567759465650553352134011
0.497672721958602570779817142466
0.498986119833447816507288052890
0.000000000000000000000000000000
0.001326259946949602053570260729
0.002652519893899204107140521458
0.003978779840848806377551216684
0.005305039787798408214281042916
0.006631299734748010918372607136
0.007957559681697612755102433368
0.009283819628647216326555735577
0.010610079575596816428562085832
0.011936339522546418265291912064
0.013262599469496021836745214273
0.014588859416445623673475040505
0.015915119363395225510204866737
0.017241379310344827346934692969
0.018567639257294432653111471154
0.019893899204244034489841297386
0.021220159151193632857124171665
0.022546419098143234693853997896
0.023872679045092836530583824128
0.025198938992042441836760602314
0.026525198938992043673490428546
0.027851458885941645510220254778
0.029177718832891247346950081010
0.030503978779840849183679907242
0.031830238726790451020409733474
0.033156498673740056326586511659
0.034482758620689654693869385937
0.035809018567639260000046164123
0.037135278514588865306222942309
0.038461538461538463673505816587
0.039787798408488068979682594772
0.041114058355437667346965469051
0.042440318302387265714248343329
0.043766578249336871020425121515
0.045092838196286469387707995793
0.046419098143236074693884773978
0.047745358090185673061167648257
0.049071618037135278367344426442
0.050397877984084883673521204628
0.051724137931034488979697982813
0.053050397877984087346980857092
0.054376657824933685714263731370
0.055702917771883291020440509556
0.057029177718832889387723383834
0.058355437665782494693900162019
0.059681697612732093061183036298
0.061007957559681698367359814483
0.062334217506631296734642688762
0.063660477453580902040819466947
0.064986737400530514285890149040
0.066312997347480112653173023318
0.067639257294429697142668089782
0.068965517241379309387738771875
0.070291777188328907755021646153
0.071618037135278520000092328246
0.072944297082228118367375202524
0.074270557029177730612445884617
0.075596816976127328979728758895
0.076923076923076927347011633174
0.078249336870026525714294507452
0.079575596816976137959365189545
0.080901856763925736326648063823
0.082228116710875334693930938101
0.083554376657824933061213812380
0.084880636604774531428496686658
0.086206896551724143673567368751
0.087533156498673742040850243029
0.088859416445623340408133117307
0.090185676392572938775415991586
0.091511936339522551020486673679
0.092838196286472149387769547957
0.094164456233421747755052422235
0.095490716180371346122335296513
0.096816976127320944489618170792
0.098143236074270556734688852885
0.099469496021220168979759534977
0.100795755968169767347042409256
0.102122015915119365714325283534
0.103448275862068977959395965627
0.104774535809018576326678839905
0.106100795755968174693961714183
0.107427055702917773061244588462
0.108753315649867371428527462740
0.110079575596816983673598144833
0.111405835543766582040881019111
0.112732095490716180408163893389
0.114058355437665778775446767668
0.115384615384615391020517449761
0.116710875331564989387800324039
0.118037135278514587755083198317
0.119363395225464186122366072595
0.120689655172413784489648946874
0.122015915119363396734719628967
0.123342175066312995102002503245
0.124668435013262593469285377523
0.125994694960212205714356059616
0.127320954907161804081638933894
0.128647214854111402448921808173
0.129973474801061028571780298080
0.131299734748010626939063172358
0.132625994694960225306346046636
0.133952254641909795918053305286
0.135278514588859394285336179564
0.136604774535809020408194669471
0.137931034482758618775477543750
0.139257294429708217142760418028
0.140583554376657815510043292306
0.141909814323607441632901782214
0.143236074270557040000184656492
0.144562334217506638367467530770
0.145888594164456236734750405049
0.147214854111405862857608894956
0.148541114058355461224891769234
0.149867374005305059592174643512
0.151193633952254657959457517791
0.152519893899204256326740392069
0.153846153846153854694023266347
0.155172413793103453061306140626
0.156498673740053051428589014904
0.157824933687002649795871889182
0.159151193633952275918730379090
0.160477453580901874286013253368
0.161803713527851472653296127646
0.163129973474801071020579001924
0.164456233421750669387861876203
0.165782493368700267755144750481
0.167108753315649866122427624759
0.168435013262599464489710499038
0.169761273209549062856993373316
0.171087533156498688979851863223
0.172413793103448287347134737502
0.173740053050397885714417611780
0.175066312997347484081700486058
0.176392572944297082448983360337
0.177718832891246680816266234615
0.179045092838196279183549108893
0.180371352785145877550831983172
0.181697612732095475918114857450
0.183023872679045102040973347357
0.184350132625994700408256221635
0.185676392572944298775539095914
0.187002652519893897142821970192
0.188328912466843495510104844470
0.189655172413793093877387718749
0.190981432360742692244670593027
0.192307692307692290611953467305
0.193633952254641888979236341584
0.194960212201591515102094831491
0.196286472148541113469377705769
0.197612732095490711836660580047
0.198938992042440337959519069955
0.200265251989389936326801944233
0.201591511936339534694084818511
0.202917771883289133061367692790
0.204244031830238731428650567068
0.205570291777188329795933441346
0.206896551724137955918791931254
0.208222811671087554286074805532
0.209549071618037152653357679810
0.210875331564986751020640554088
0.212201591511936349387923428367
0.213527851458885947755206302645
0.214854111405835546122489176923
0.216180371352785144489772051202
0.217506631299734742857054925480
0.218832891246684368979913415387
0.220159151193633967347196289666
0.221485411140583565714479163944
0.222811671087533164081762038222
0.224137931034482762449044912501
0.225464190981432360816327786779
0.226790450928381959183610661057
0.228116710875331557550893535335
0.229442970822281155918176409614
0.230769230769230782041034899521
0.232095490716180380408317773799
0.233421750663129978775600648078
0.234748010610079577142883522356
0.236074270557029175510166396634
0.237400530503978773877449270913
0.238726790450928372244732145191
0.240053050397877970612015019469
0.241379310344827568979297893748
0.242705570291777195102156383655
0.244031830238726793469439257933
0.245358090185676391836722132211
0.246684350132625990204005006490
0.248010610079575588571287880768
0.249336870026525186938570755046
0.250663129973474785305853629325
0.251989389920424411428712119232
0.253315649867373982040419377881
0.254641909814323608163277867789
0.255968169761273234286136357696
0.257294429708222804897843616345
0.258620689655172431020702106252
0.259946949602122057143560596160
0.261273209549071627755267854809
0.262599469496021253878126344716
0.263925729442970824489833603366
0.265251989389920450612692093273
0.266578249336870021224399351922
0.267904509283819591836106610572
0.269230769230769217958965100479
0.270557029177718788570672359128
0.271883289124668470204682080293
0.273209549071618040816389338943
0.274535809018567666939247828850
0.275862068965517237550955087499
0.277188328912466863673813577407
0.278514588859416434285520836056
0.279840848806366060408379325963
0.281167108753315631020086584613
0.282493368700265257142945074520
0.283819628647214883265803564427
0.285145888594164453877510823077
0.286472148541114080000369312984
0.287798408488063650612076571633
0.289124668435013276734935061540
0.290450928381962847346642320190
0.291777188328912473469500810097
0.293103448275862044081208068746
0.294429708222811725715217789912
0.295755968169761296326925048561
0.297082228116710922449783538468
0.298408488063660493061490797118
0.299734748010610119184349287025
0.301061007957559689796056545674
0.302387267904509315918915035581
0.303713527851458886530622294231
0.305039787798408512653480784138
0.306366047745358083265188042787
0.307692307692307709388046532695
0.309018567639257279999753791344
0.310344827586206906122612281251
0.311671087533156476734319539901
0.312997347480106102857178029808
0.314323607427055673468885288457
0.315649867374005299591743778365
0.316976127320954870203451037014
0.318302387267904551837460758179
0.319628647214854122449168016828
0.320954907161803748572026506736
0.322281167108753319183733765385
0.323607427055702945306592255292
0.324933687002652515918299513942
0.326259946949602142041158003849
0.327586206896551712652865262498
0.328912466843501338775723752406
0.330238726790450909387431011055
0.331564986737400535510289500962
0.332891246684350106121996759612
0.334217506631299732244855249519
0.335543766578249302856562508168
0.336870026525198928979420998076
0.338196286472148499591128256725
0.339522546419098125713986746632
0.340848806366047751836845236539
0.342175066312997377959703726447
0.343501326259947004082562216354
0.344827586206896574694269475003
0.346153846153846200817127964910
0.347480106100795771428835223560
0.348806366047745397551693713467
0.350132625994694968163400972117
0.351458885941644594286259462024
0.352785145888594164897966720673
0.354111405835543791020825210580
0.355437665782493361632532469230
0.356763925729442987755390959137
0.358090185676392558367098217786
0.359416445623342184489956707694
0.360742705570291755101663966343
0.362068965517241381224522456250
0.363395225464190951836229714900
0.364721485411140577959088204807
0.366047745358090204081946694714
0.367374005305039830204805184621
0.368700265251989400816512443271
0.370026525198939026939370933178
0.371352785145888597551078191827
0.372679045092838223673936681735
0.374005305039787794285643940384
0.375331564986737420408502430291
0.376657824933686991020209688941
0.377984084880636617143068178848
0.379310344827586187754775437497
0.380636604774535813877633927405
0.381962864721485384489341186054
0.383289124668435010612199675961
0.384615384615384581223906934611
0.385941644562334207346765424518
0.387267904509283777958472683167
0.388594164456233404081331173074
0.389920424403183030204189662982
0.391246684350132656327048152889
0.392572944297082226938755411538
0.393899204244031853061613901446
0.395225464190981423673321160095
0.396551724137931049796179650002
0.397877984084880675919038139909
0.399204244031830246530745398559
0.400530503978779872653603888466
0.401856763925729443265311147115
0.403183023872679069388169637023
0.404509283819628639999876895672
0.405835543766578266122735385579
0.407161803713527836734442644229
0.408488063660477462857301134136
0.409814323607427033469008392785
0.411140583554376659591866882693
0.412466843501326230203574141342
0.413793103448275911837583862507
0.415119363395225482449291121156
0.416445623342175108572149611064
0.417771883289124679183856869713
0.419098143236074305306715359620
0.420424403183023875918422618270
0.421750663129973502041281108177
0.423076923076923072652988366826
0.424403183023872698775846856734
0.425729442970822269387554115383
0.427055702917771895510412605290
0.428381962864721466122119863940
0.429708222811671092244978353847
0.431034482758620662856685612496
0.432360742705570288979544102403
0.433687002652519859591251361053
0.435013262599469485714109850960
0.436339522546419056325817109609
0.437665782493368737959826830775
0.438992042440318308571534089424
0.440318302387267934694392579331
0.441644562334217505306099837981
0.442970822281167131428958327888
0.444297082228116702040665586537
0.445623342175066328163524076444
0.446949602122015898775231335094
0.448275862068965524898089825001
0.449602122015915095509797083650
0.450928381962864721632655573558
0.452254641909814292244362832207
0.453580901856763918367221322114
0.454907161803713544490079812022
0.456233421750663115101787070671
0.457559681697612741224645560578
0.458885941644562311836352819228
0.460212201591511993470362540393
0.461538461538461564082069799042
0.462864721485411190204928288949
0.464190981432360760816635547599
0.465517241379310386939494037506
0.466843501326259957551201296155
0.468169761273209583674059786063
0.469496021220159154285767044712
0.470822281167108780408625534619
0.472148541114058351020332793269
0.473474801061007977143191283176
0.474801061007957547754898541825
0.476127320954907173877757031732
0.477453580901856744489464290382
0.478779840848806370612322780289
0.480106100795755941224030038939
0.481432360742705567346888528846
0.482758620689655137958595787495
0.484084880636604819592605508660
0.485411140583554390204312767310
0.486737400530504016327171257217
0.488063660477453586938878515866
0.489389920424403213061737005773
0.490716180371352783673444264423
0.492042440318302409796302754330
0.493368700265251980408010012980
0.494694960212201606530868502887
0.496021220159151177142575761536
0.497347480106100803265434251443
0.498673740053050373877141510093
0.500000000000000000000000000000
0.501326259946949570611707258649
0.502652519893899252245716979814
0.503978779840848822857424238464
0.505305039787798393469131497113
0.506631299734747964080838755763
0.507957559681697645714848476928
0.509283819628647216326555735577
0.510610079575596786938262994227
0.511936339522546468572272715392
0.513262599469496039183979974041
0.514588859416445609795687232690
0.515915119363395180407394491340
0.517241379310344862041404212505
0.518567639257294432653111471154
0.519893899204244114287121192319
0.521220159151193684898828450969
0.522546419098143255510535709618
0.523872679045092826122242968268
0.525198938992042507756252689433
0.526525198938992078367959948082
0.527851458885941648979667206731
0.529177718832891219591374465381
0.530503978779840901225384186546
0.531830238726790471837091445195
0.533156498673740042448798703845
0.534482758620689613060505962494
0.535809018567639183672213221143
0.537135278514588865306222942309
0.538461538461538435917930200958
0.539787798408488006529637459607
0.541114058355437577141344718257
0.542440318302387369797656901937
0.543766578249336940409364160587
0.545092838196286511021071419236
0.546419098143236081632778677886
0.547745358090185763266788399051
0.549071618037135333878495657700
0.550397877984084904490202916350
0.551724137931034475101910174999
0.553050397877984156735919896164
0.554376657824933727347627154813
0.555702917771883297959334413463
0.557029177718832868571041672112
0.558355437665782550205051393277
0.559681697612732120816758651927
0.561007957559681691428465910576
0.562334217506631262040173169225
0.563660477453580943674182890391
0.564986737400530514285890149040
0.566312997347480084897597407689
0.567639257294429766531607128854
0.568965517241379337143314387504
0.570291777188328907755021646153
0.571618037135278478366728904803
0.572944297082228160000738625968
0.574270557029177730612445884617
0.575596816976127301224153143266
0.576923076923076871835860401916
0.578249336870026553469870123081
0.579575596816976124081577381730
0.580901856763925694693284640380
0.582228116710875265304991899029
0.583554376657824946939001620194
0.584880636604774517550708878844
0.586206896551724088162416137493
0.587533156498673658774123396142
0.588859416445623451430435579823
0.590185676392573022042142838473
0.591511936339522592653850097122
0.592838196286472163265557355771
0.594164456233421844899567076936
0.595490716180371415511274335586
0.596816976127320986122981594235
0.598143236074270556734688852885
0.599469496021220238368698574050
0.600795755968169808980405832699
0.602122015915119379592113091348
0.603448275862068950203820349998
0.604774535809018631837830071163
0.606100795755968202449537329812
0.607427055702917773061244588462
0.608753315649867343672951847111
0.610079575596817025306961568276
0.611405835543766595918668826926
0.612732095490716166530376085575
0.614058355437665737142083344224
0.615384615384615418776093065389
0.616710875331564989387800324039
0.618037135278514559999507582688
0.619363395225464130611214841338
0.620689655172413812245224562503
0.622015915119363382856931821152
0.623342175066312953468639079802
0.624668435013262635102648800967
0.625994694960212205714356059616
0.627320954907161776326063318265
0.628647214854111346937770576915
0.629973474801061028571780298080
0.631299734748010599183487556729
0.632625994694960169795194815379
0.633952254641909740406902074028
0.635278514588859533063214257709
0.636604774535809103674921516358
0.637931034482758674286628775008
0.639257294429708244898336033657
0.640583554376657926532345754822
0.641909814323607497144053013471
0.643236074270557067755760272121
0.644562334217506638367467530770
0.645888594164456320001477251935
0.647214854111405890613184510585
0.648541114058355461224891769234
0.649867374005305031836599027883
0.651193633952254713470608749049
0.652519893899204284082316007698
0.653846153846153854694023266347
0.655172413793103425305730524997
0.656498673740053106939740246162
0.657824933687002677551447504811
0.659151193633952248163154763461
0.660477453580901818774862022110
0.661803713527851500408871743275
0.663129973474801071020579001924
0.664456233421750641632286260574
0.665782493368700212243993519223
0.667108753315649893878003240388
0.668435013262599464489710499038
0.669761273209549035101417757687
0.671087533156498605713125016337
0.672413793103448287347134737502
0.673740053050397857958841996151
0.675066312997347428570549254800
0.676392572944296999182256513450
0.677718832891246680816266234615
0.679045092838196251427973493264
0.680371352785145822039680751914
0.681697612732095503673690473079
0.683023872679045185307700194244
0.684350132625994755919407452893
0.685676392572944326531114711543
0.687002652519894008165124432708
0.688328912466843578776831691357
0.689655172413793149388538950006
0.690981432360742720000246208656
0.692307692307692401634255929821
0.693633952254641972245963188470
0.694960212201591542857670447120
0.696286472148541113469377705769
0.697612732095490795103387426934
0.698938992042440365715094685584
0.700265251989389936326801944233
0.701591511936339506938509202882
0.702917771883289188572518924047
0.704244031830238759184226182697
0.705570291777188329795933441346
0.706896551724137900407640699996
0.708222811671087582041650421161
0.709549071618037152653357679810
0.710875331564986723265064938460
0.712201591511936293876772197109
0.713527851458885975510781918274
0.714854111405835546122489176923
0.716180371352785116734196435573
0.717506631299734687345903694222
0.718832891246684368979913415387
0.720159151193633939591620674037
0.721485411140583510203327932686
0.722811671087533080815035191335
0.724137931034482762449044912501
0.725464190981432333060752171150
0.726790450928381903672459429799
0.728116710875331474284166688449
0.729442970822281155918176409614
0.730769230769230837552186130779
0.732095490716180408163893389428
0.733421750663129978775600648078
0.734748010610079660409610369243
0.736074270557029231021317627892
0.737400530503978801633024886542
0.738726790450928483267034607707
0.740053050397878053878741866356
0.741379310344827624490449125005
0.742705570291777195102156383655
0.744031830238726876736166104820
0.745358090185676447347873363469
0.746684350132626017959580622119
0.748010610079575588571287880768
0.749336870026525270205297601933
0.750663129973474840817004860583
0.751989389920424411428712119232
0.753315649867373982040419377881
0.754641909814323663674429099046
0.755968169761273234286136357696
0.757294429708222804897843616345
0.758620689655172375509550874995
0.759946949602122057143560596160
0.761273209549071627755267854809
0.762599469496021198366975113458
0.763925729442970768978682372108
0.765251989389920450612692093273
0.766578249336870021224399351922
0.767904509283819591836106610572
0.769230769230769162447813869221
0.770557029177718844081823590386
0.771883289124668414693530849036
0.773209549071617985305238107685
0.774535809018567555916945366334
0.775862068965517237550955087499
0.777188328912466808162662346149
0.778514588859416489796672067314
0.779840848806366060408379325963
0.781167108753315742042389047128
0.782493368700265312654096305778
0.783819628647214883265803564427
0.785145888594164453877510823077
0.786472148541114135511520544242
0.787798408488063706123227802891
0.789124668435013276734935061540
0.790450928381962847346642320190
0.791777188328912528980652041355
0.793103448275862099592359300004
0.794429708222811670204066558654
0.795755968169761351838076279819
0.797082228116710922449783538468
0.798408488063660493061490797118
0.799734748010610063673198055767
0.801061007957559745307207776932
0.802387267904509315918915035581
0.803713527851458886530622294231
0.805039787798408457142329552880
0.806366047745358138776339274045
0.807692307692307709388046532695
0.809018567639257279999753791344
0.810344827586206850611461049994
0.811671087533156532245470771159
0.812997347480106102857178029808
0.814323607427055673468885288457
0.815649867374005244080592547107
0.816976127320954925714602268272
0.818302387267904496326309526921
0.819628647214854066938016785571
0.820954907161803637549724044220
0.822281167108753319183733765385
0.823607427055702889795441024035
0.824933687002652460407148282684
0.826259946949602142041158003849
0.827586206896551823675167725014
0.828912466843501394286874983663
0.830238726790450964898582242313
0.831564986737400535510289500962
0.832891246684350217144299222127
0.834217506631299787756006480777
0.835543766578249358367713739426
0.836870026525198928979420998076
0.838196286472148610613430719241
0.839522546419098181225137977890
0.840848806366047751836845236539
0.842175066312997322448552495189
0.843501326259947004082562216354
0.844827586206896574694269475003
0.846153846153846145305976733653
0.847480106100795715917683992302
0.848806366047745397551693713467
0.850132625994694968163400972117
0.851458885941644538775108230766
0.852785145888594220409117951931
0.854111405835543791020825210580
0.855437665782493361632532469230
0.856763925729442932244239727879
0.858090185676392613878249449044
0.859416445623342184489956707694
0.860742705570291755101663966343
0.862068965517241325713371224992
0.863395225464191007347380946158
0.864721485411140577959088204807
0.866047745358090148570795463456
0.867374005305039719182502722106
0.868700265251989400816512443271
0.870026525198938971428219701920
0.871352785145888542039926960570
0.872679045092838112651634219219
0.874005305039787905307946402900
0.875331564986737475919653661549
0.876657824933687046531360920198
0.877984084880636617143068178848
0.879310344827586298777077900013
0.880636604774535869388785158662
0.881962864721485440000492417312
0.883289124668435010612199675961
0.884615384615384692246209397126
0.885941644562334262857916655776
0.887267904509283833469623914425
0.888594164456233404081331173074
0.889920424403183085715340894239
0.891246684350132656327048152889
0.892572944297082226938755411538
0.893899204244031797550462670188
0.895225464190981479184472391353
0.896551724137931049796179650002
0.897877984084880620407886908652
0.899204244031830191019594167301
0.900530503978779872653603888466
0.901856763925729443265311147115
0.903183023872679013877018405765
0.904509283819628584488725664414
0.905835543766578266122735385579
0.907161803713527836734442644229
0.908488063660477407346149902878
0.909814323607427088980159624043
0.911140583554376659591866882693
0.912466843501326230203574141342
0.913793103448275800815281399991
0.915119363395225482449291121156
0.916445623342175053060998379806
0.917771883289124623672705638455
0.919098143236074194284412897105
0.920424403183023986940725080785
0.921750663129973557552432339435
0.923076923076923128164139598084
0.924403183023872698775846856734
0.925729442970822380409856577899
0.927055702917771951021563836548
0.928381962864721521633271095197
0.929708222811671092244978353847
0.931034482758620773878988075012
0.932360742705570344490695333661
0.933687002652519915102402592311
0.935013262599469485714109850960
0.936339522546419167348119572125
0.937665782493368737959826830775
0.938992042440318308571534089424
0.940318302387267879183241348073
0.941644562334217560817251069238
0.942970822281167131428958327888
0.944297082228116702040665586537
0.945623342175066272652372845187
0.946949602122015954286382566352
0.948275862068965524898089825001
0.949602122015915095509797083650
0.950928381962864666121504342300
0.952254641909814347755514063465
0.953580901856763918367221322114
0.954907161803713488978928580764
0.956233421750663059590635839413
0.957559681697612741224645560578
0.958885941644562311836352819228
0.960212201591511882448060077877
0.961538461538461453059767336526
0.962864721485411134693777057691
0.964190981432360705305484316341
0.965517241379310275917191574990
0.966843501326260068573503758671
0.968169761273209639185211017320
0.969496021220159209796918275970
0.970822281167108780408625534619
0.972148541114058462042635255784
0.973474801061008032654342514434
0.974801061007957603266049773083
0.976127320954907173877757031732
0.977453580901856855511766752898
0.978779840848806426123474011547
0.980106100795755996735181270196
0.981432360742705567346888528846
0.982758620689655248980898250011
0.984084880636604819592605508660
0.985411140583554390204312767310
0.986737400530503960816020025959
0.988063660477453642450029747124
0.989389920424403213061737005773
0.990716180371352783673444264423
0.992042440318302354285151523072
0.993368700265252035919161244237
0.994694960212201606530868502887
0.996021220159151177142575761536
0.997347480106100747754283020186
0.998673740053050429388292741351
0.000052072851826479211751613763
0.000121212187095675314775500286
0.000190445511233574838990192934
0.000259674538640776290422673700
0.000328887367255727060960657226
0.000398077952958770587329334623
0.000467241172245267549507224958
0.000536372122354664506750643316
0.000605465970133431288617564814
0.000674517909733342497548280736
0.000743523148541797842744904834
0.000812476901946462305714735663
0.000881374391278035669225476845
0.000950210843028237331191199200
0.001018981488624760194453000572
0.001087681564468464872827424550
0.001156306312100534826325937132
0.001224850978438714148299748530
0.001293310816050134790661241269
0.001361681083445498777195759033
0.001429957045385641788842745470
0.001498133973195040847051218158
0.001566207145079918363825277616
0.001634171846448606102777945104
0.001702023370234013359761360284
0.001769757017216071724730053205
0.001837368096345088188184324629
0.001904851925065340675219394129
0.001972203829637649008521549376
0.002039419145462610487296029049
0.002106493217402846240132729960
0.002173421400104915378326264630
0.002240199058320617008649433544
0.002306821567227802620425602953
0.002373284312750512364126320719
0.002439582691878180650824070597
0.002505712112984369039497822840
0.002571667996144671227559674875
0.002637445773453764991112180383
0.002703040889341866946649073356
0.002768448800889910556277673237
0.002833664978144333820159195270
0.002898684904430707306305370352
0.002963504076666488747104910573
0.003028118005672946703304981853
0.003092522216485868620516885841
0.003156712248665823495469284765
0.003220683656606526321097838661
0.003284432009843260211190418829
0.003347952893359312266652327850
0.003411241907891974893540787406
0.003474294670237115106870007253
0.003537106813552650958626388800
0.003599673987661207441579591659
0.003661991859351239331221705697
0.003724056112677034263702680050
0.003785862449257896590604222098
0.003847406588575545335895178312
0.003908684268270891555563384401
0.003969691244438789540227574548
0.004030423291922382959817650061
0.004090876204605492505450570206
0.004151045795703969636114560871
0.004210927898055713720915083087
0.004270518364409134001724588359
0.004329813067710598477322303523
0.004388807901390030970223410378
0.004447498779645356337120176704
0.004505881637725695811058646001
0.004563952432212643739450896874
0.004621707141300279708673315326
0.004679141765073918657336093929
0.004736252325786990957645627986
0.004793034868136444512365379467
0.004849485459536904789767941537
0.004905600190392899774549650971
0.004961375174369495044679467810
0.005016806548661796941179780163
0.005071890474262125136917234158
0.005126623136226027277473349386
0.005181000743936591858285201084
0.005235019531366903212943331170
0.005288675757340671572392931665
0.005341965705791666164936604133
0.005394885686020852409716663800
0.005447432032952100565414976785
0.005499601107385953223383179278
0.005551389296251687567596011519
0.005602793012857625563893915199
0.005653808697139354674798816802
0.005704432815906469722566640712
0.005754661863087157623597445166
0.005804492359971115053585144494
0.005853920855450356688920443560
0.005902943926258334694789908781
0.005951558177206826491523194989
0.005999760241421504131098529911
0.006047546780574635308380671006
0.006094914485116446900558884181
0.006141860074504532605865758654
0.006188380297430782529810588954
0.006234471932046686468154028660
0.006280131786186494806389912782
0.006325356697588177187774327592
0.006370143534112577068939664571
0.006414489193960249552306507326
0.006458390605886219285047822325
0.006501844729412965470660701328
0.006544848555040503820801056634
0.006587399104455412060521446449
0.006629493430736565530436710247
0.006671128618559586491432167321
0.006712301784398538688491964166
0.006753010076725836884070641730
0.006793250676209439814501322985
0.006833020795908443731359049877
0.006872317681465845741473064123
0.006911138611299423237244177187
0.006949480896790193387713152617
0.006987341882468658255112003985
0.007024718946198620431187187307
0.007061609499358841544880416308
0.007098010987022269555057896184
0.007133920888133210395920524860
0.007169336715681510693864986195
0.007204256016875285918710236643
0.007238676373310359499213539891
0.007272595401137998440133092259
0.007306010751230074609652298534
0.007338920109341420111581655306
0.007371321196270541609152360252
0.007403211768017157502763669896
0.007434589615937555427682692510
0.007465452566898086658730981924
0.007495798483424936063668209130
0.007525625263852694230015671906
0.007554930842469660505489326141
0.007583713189661008859110413738
0.007611970312049325636249985649
0.007639700252632654516038446246
0.007666901090920019180841027406
0.007693570943064498290908659328
0.007719707961993640260578430912
0.007745310337537313245814818430
0.007770376296553279174550432629
0.007794904103049784052648085719
0.007818892058305906139770158347
0.007842338500989105148919477983
0.007865241807270462529033672183
0.007887600390936923278051295938
0.007909412703501381494697319852
0.007930677234309639958564908113
0.007951392510645236000321744996
0.007971557097831549060229505699
0.007991169599330757988830953309
0.008010228656841070563054962861
0.008028732950390247632976858938
0.008046681198427546935492138402
0.008064072157912147154057436182
0.008080904624399315103189245235
0.008097177432123901438809632225
0.008112889454080857848383701025
0.008128039602103658695098076237
0.008142626826939312195685616302
0.008156650118321184111946919870
0.008170108505038950474919090539
0.008183001055005932611319252601
0.008195326875323425894204198983
0.008207085112342818455921644727
0.008218274951724521479312635108
0.008228895618494521183028389544
0.008238946377097816978207767136
0.008248426531449621831870722133
0.008257335424983353391881202299
0.008265672440696331807474805942
0.008273437001192334230847968968
0.008280628568721535090468854889
0.008287246645217983057052357765
0.008293290772333955507278346886
0.008298760531471676207826426719
0.008303655543812266115466513838
0.008307975470342232604537002771
0.008311720011876565575303921207
0.008314888909079836895599235902
0.008317481942483866824700200482
0.008319498932503100602220413862
0.008320939739446945801470967297
0.008321804263529552700418001621
0.008322092444876614397708536330
0.008321804263529552700418001621
0.008320939739446945801470967297
0.008319498932503100602220413862
0.008317481942483866824700200482
0.008314888909079836895599235902
0.008311720011876565575303921207
0.008307975470342232604537002771
0.008303655543812266115466513838
0.008298760531471676207826426719
0.008293290772333955507278346886
0.008287246645217983057052357765
0.008280628568721535090468854889
0.008273437001192334230847968968
0.008265672440696331807474805942
0.008257335424983353391881202299
0.008248426531449621831870722133
0.008238946377097816978207767136
0.008228895618494521183028389544
0.008218274951724521479312635108
0.008207085112342818455921644727
0.008195326875323425894204198983
0.008183001055005932611319252601
0.008170108505038950474919090539
0.008156650118321184111946919870
0.008142626826939312195685616302
0.008128039602103658695098076237
0.008112889454080857848383701025
0.008097177432123901438809632225
0.008080904624399315103189245235
0.008064072157912147154057436182
0.008046681198427546935492138402
0.008028732950390247632976858938
0.008010228656841070563054962861
0.007991169599330757988830953309
0.007971557097831549060229505699
0.007951392510645236000321744996
0.007930677234309639958564908113
0.007909412703501381494697319852
0.007887600390936923278051295938
0.007865241807270462529033672183
0.007842338500989105148919477983
0.007818892058305906139770158347
0.007794904103049784052648085719
0.007770376296553279174550432629
0.007745310337537313245814818430
0.007719707961993640260578430912
0.007693570943064498290908659328
0.007666901090920019180841027406
0.007639700252632654516038446246
0.007611970312049325636249985649
0.007583713189661008859110413738
0.007554930842469660505489326141
0.007525625263852694230015671906
0.007495798483424936063668209130
0.007465452566898086658730981924
0.007434589615937555427682692510
0.007403211768017157502763669896
0.007371321196270541609152360252
0.007338920109341420111581655306
0.007306010751230074609652298534
0.007272595401137998440133092259
0.007238676373310359499213539891
0.007204256016875285918710236643
0.007169336715681510693864986195
0.007133920888133210395920524860
0.007098010987022269555057896184
0.007061609499358841544880416308
0.007024718946198620431187187307
0.006987341882468658255112003985
0.006949480896790193387713152617
0.006911138611299423237244177187
0.006872317681465845741473064123
0.006833020795908443731359049877
0.006793250676209439814501322985
0.006753010076725836884070641730
0.006712301784398538688491964166
0.006671128618559586491432167321
0.006629493430736565530436710247
0.006587399104455412060521446449
0.006544848555040503820801056634
0.006501844729412965470660701328
0.006458390605886219285047822325
0.006414489193960249552306507326
0.006370143534112577068939664571
0.006325356697588177187774327592
0.006280131786186494806389912782
0.006234471932046686468154028660
0.006188380297430782529810588954
0.006141860074504532605865758654
0.006094914485116446900558884181
0.006047546780574635308380671006
0.005999760241421504131098529911
0.005951558177206826491523194989
0.005902943926258334694789908781
0.005853920855450356688920443560
0.005804492359971115053585144494
0.005754661863087157623597445166
0.005704432815906469722566640712
0.005653808697139354674798816802
0.005602793012857625563893915199
0.005551389296251687567596011519
0.005499601107385953223383179278
0.005447432032952100565414976785
0.005394885686020852409716663800
0.005341965705791666164936604133
0.005288675757340671572392931665
0.005235019531366903212943331170
0.005181000743936591858285201084
0.005126623136226027277473349386
0.005071890474262125136917234158
0.005016806548661796941179780163
0.004961375174369495044679467810
0.004905600190392899774549650971
0.004849485459536904789767941537
0.004793034868136444512365379467
0.004736252325786990957645627986
0.004679141765073918657336093929
0.004621707141300279708673315326
0.004563952432212643739450896874
0.004505881637725695811058646001
0.004447498779645356337120176704
0.004388807901390030970223410378
0.004329813067710598477322303523
0.004270518364409134001724588359
0.004210927898055713720915083087
0.004151045795703969636114560871
0.004090876204605492505450570206
0.004030423291922382959817650061
0.003969691244438789540227574548
0.003908684268270891555563384401
0.003847406588575545335895178312
0.003785862449257896590604222098
0.003724056112677034263702680050
0.003661991859351239331221705697
0.003599673987661207441579591659
0.003537106813552650958626388800
0.003474294670237115106870007253
0.003411241907891974893540787406
0.003347952893359312266652327850
0.003284432009843260211190418829
0.003220683656606526321097838661
0.003156712248665823495469284765
0.003092522216485868620516885841
0.003028118005672946703304981853
0.002963504076666488747104910573
0.002898684904430707306305370352
0.002833664978144333820159195270
0.002768448800889910556277673237
0.002703040889341866946649073356
0.002637445773453764991112180383
0.002571667996144671227559674875
0.002505712112984369039497822840
0.002439582691878180650824070597
0.002373284312750512364126320719
0.002306821567227802620425602953
0.002240199058320617008649433544
0.002173421400104915378326264630
0.002106493217402846240132729960
0.002039419145462610487296029049
0.001972203829637649008521549376
0.001904851925065340675219394129
0.001837368096345088188184324629
0.001769757017216071724730053205
0.001702023370234013359761360284
0.001634171846448606102777945104
0.001566207145079918363825277616
0.001498133973195040847051218158
0.001429957045385641788842745470
0.001361681083445498777195759033
0.001293310816050134790661241269
0.001224850978438714148299748530
0.001156306312100534826325937132
0.001087681564468464872827424550
0.001018981488624760194453000572
0.000950210843028237331191199200
0.000881374391278035669225476845
0.000812476901946462305714735663
0.000743523148541797842744904834
0.000674517909733342497548280736
0.000605465970133431288617564814
0.000536372122354664506750643316
0.000467241172245267549507224958
0.000398077952958770587329334623
0.000328887367255727060960657226
0.000259674538640776290422673700
0.000190445511233574838990192934
0.000121212187095675314775500286
0.000052072851826479211751613763
