0.000992839863734289304261770859
0.002278981767002068864469421783
0.003572719033314751806845732673
0.004868172416083238647488418138
0.006164276762318851056454693804
0.007460696111331113766773626139
0.008757291501931444704931450929
0.010053995158630419162748559359
0.011350770115170293050876892949
0.012647594504641940932332389025
0.013944454568146193509936558996
0.015241341217205292210556955013
0.016538248207786848675837632072
0.017835171108609160217639555412
0.019132106687992565113853871139
0.020429052533756611453874540985
0.021726006808995786123706039916
0.023022968090268287194577467858
0.024319935257479847329209476925
0.025616907417178071126873106778
0.026913883847993820552790822376
0.028210863961121476761739756967
0.029507847271207802986037194160
0.030804833374589835059964570974
0.032101821932803253911714591595
0.033398812659931151336500931848
0.034695805312788104146637380154
0.035992799683224219187138714915
0.037289795592036635574206826504
0.038586792884105401701955173621
0.039883791424480320719769821380
0.041180791095205442065019241227
0.042477791792725719255408023400
0.043774793425754097986324353542
0.045071795913507545217058236631
0.046368799184237592669877159324
0.047665803174002409348108955101
0.048962807825632177760599716976
0.050259813087856243518647403334
0.051556818914561097777493614558
0.052853825264157459906666503002
0.054150832099039009071006489648
0.055447839385116298727140815572
0.056744847091415230588840046266
0.058041855189728423780604060767
0.059338863654313886430990976351
0.060635872461630352381334319034
0.061932881590107409508494384909
0.063229891019943501584421596817
0.064526900732927786052961494079
0.065823910712283634216746008860
0.067120920942530151731553189620
0.068417931409359367123101947072
0.069714942099526625018945935608
0.071011953000754482467904438181
0.072308964101645001321116978943
0.073605975391602629365195298305
0.074902986860765005672213590060
0.076199998499940080343151294073
0.077497010300550339678693489986
0.078794022254582041231429911932
0.080091034354539722417420932743
0.081388046593404941853044931577
0.082685058964598337483131729186
0.083982071461946611323767797330
0.085279084079650777083791979294
0.086576096812258571122633554751
0.087873109654638958954109284605
0.089170122601958348718120817011
0.090467135649659607965489271919
0.091764148793442440465994991428
0.093061162029245317328651765365
0.094358175353229267745547304003
0.095655188761762682814193681224
0.096952202251407451627507327885
0.098249215818906165953450226880
0.099546229461170393504332309931
0.100843243175269714484443284164
0.102140256958421743460618813515
0.103437270807982845122197090859
0.104734284721439419030275530531
0.106031298696400225201053046931
0.107328312730588543155718639355
0.108625326821835677115757334832
0.109922340968074502831619554399
0.111219355167333416867236906000
0.112516369417730952018352752475
0.113813383717470503753155242066
0.115110398064835695031149498391
0.116407412458185616221939540083
0.117704426895951175247034825588
0.119001441376630559543237097841
0.120298455898786016415868971308
0.121595470461040147669429245525
0.122892485062073092416667918769
0.124189499700619154776148889141
0.125486514375463958925749352602
0.126783529085442214778822744847
0.128080543829434817526546908084
0.129377558606366682703026071977
0.130674573415204720028270912735
0.131971588254955224384090683998
0.133268603124662599057614897902
0.134565618023407079784092843511
0.135862632950303208190234727226
0.137159647904497944415069810020
0.138456662885169529131346166650
0.139753677891525596166388822894
0.141050692922802284323680055422
0.142347707978262350003717529034
0.143644723057194417803472674677
0.144941738158911620493185523628
0.146238753282750544304491313596
0.147535768428070063196244632309
0.148832783594250533942826564271
0.150129798780692713666695681241
0.151426813986816899415543957730
0.152723829212062262028481995912
0.154020844455885708157438784838
0.155317859717761325155649387852
0.156614874997179659432688936249
0.157911890293646883787204160399
0.159208905606684408828854770945
0.160505920935827939288742527424
0.161802936280627168708079466342
0.163099951640644835748616969795
0.164396967015456640925918918583
0.165693982404650330675366376454
0.166990997807825586329855127588
0.168288013224593108185800360843
0.169585028654574559991985438501
0.170882044097401847304595889909
0.172179059552716923198190102084
0.173476075020171316420913854017
0.174773090499425687305290466611
0.176070105990149550212464646393
0.177367121492020884954143866707
0.178664137004725914747993442688
0.179961152527958606617275449935
0.181258168061420477101819415111
0.182555183604820286946690544028
0.183852199157873846813160412239
0.185149214720303462167194652466
0.186446230291838155324057879625
0.187743245872212860536620837593
0.189040261461168701551116555493
0.190337277058452297717749956973
0.191634292663816013790878400869
0.192931308277017321550772521732
0.194228323897818827559191845467
0.195525339525988051114779864292
0.196822355161297229964034727345
0.198119370803523042745553084387
0.199416386452446608990030085806
0.200713402107853017275473916925
0.202010417769531741560840032434
0.203307433437275669740884609382
0.204604449110881631002101244121
0.205901464790149979489086717876
0.207198480474884400015511687343
0.208495496164891824797393837798
0.209792511859982377941946651845
0.211089527559969153402974484379
0.212386543264668048447418868818
0.213683558973897791410934132728
0.214980574687479636386555625904
0.216277590405237363224699720377
0.217574606126997222022012579146
0.218871621852587627810038384268
0.220168637581839188310794952486
0.221465653314584565158895657078
0.222762669050658473901549427865
0.224059684789897350931653363659
0.225356700532139464510095194782
0.226653716277224692721148358032
0.227950732024994523472471996683
0.229247747775291943472808497972
0.230544763527961243942954183694
0.231841779282848048371334925832
0.233138795039799229247279299670
0.234435810798662686016413658763
0.235732826559287456102964597449
0.237029842321523409598427178935
0.238326858085221388039443013440
0.239623873850232926852044101906
0.240920889616410366373955298513
0.242217905383606602054413770020
0.243514921151675056698593380133
0.244811936920469708223180305140
0.246108952689844756589465646357
0.247405968459654901359101586422
0.248702984229755008627194001747
0.250000000000000000000000000000
0.251297015770244991372805998253
0.252594031540345098640898413578
0.253891047310155271166109969272
0.255188063079530347287970926118
0.256485078848324943301406619867
0.257782094616393453456737461238
0.259079110383589661381620317115
0.260376126149767128659107129351
0.261673141914778639716132602189
0.262970157678476645912724052323
0.264267173440712599408186633809
0.265564189201337341739161956866
0.266861204960200826263871931587
0.268158220717152007139816305425
0.269455236472038783812621431935
0.270752252224708112038342733285
0.272049267975005504283103618945
0.273346283722775362790002873226
0.274643299467860591001056036475
0.275940315210102704579497867599
0.277237330949341553854026187764
0.278534346685415434841104342922
0.279831362418160811689205047514
0.281128378147412427701112846989
0.282425393873002805733563036483
0.283722409594762636775300279623
0.285019425312520391369019989725
0.286316441026102264100217098530
0.287613456735332007063732362440
0.288910472440030874352601131250
0.290207488140017677569204579413
0.291504503835108230713757393460
0.292801519525115627740063928286
0.294098535209850020510913282124
0.295395550889118396753474371508
0.296692566562724358014691006247
0.297989582230468286194735583194
0.299286597892147010480101698704
0.300583613547553418765545529823
0.301880629196477012765598146871
0.303177644838702797791540888284
0.304474660474012004396371366965
0.305771676102181200196383770162
0.307068691722982733960378709526
0.308365707336184013964697214760
0.309662722941547674526674427398
0.310959738538831298448883444507
0.312256754127787139463379162407
0.313553769708161900187093351633
0.314850785279696565588380963163
0.316147800842126180942415203390
0.317444816395179740808885071601
0.318741831938579578409331816147
0.320038847472041421138300165694
0.321335862995274113007582172941
0.322632878507979115045856133293
0.323929894009850505298686584865
0.325226909500574368205860764647
0.326523924979828739090237377241
0.327820940447283104557385513544
0.329117955902598180450979725720
0.330414971345425467763590177128
0.331711986775406864058624023528
0.333009002192174441425720488041
0.334306017595349669324633623546
0.335603032984543470096383543932
0.336900048359355164251383030205
0.338197063719372803536344918029
0.339494079064172060711257472576
0.340791094393315618926720844684
0.342088109706353171723947070859
0.343385125002820423834037910638
0.344682140282238758111077459034
0.345979155544114291842561215162
0.347276170787937765727093619716
0.348573186013183156095607273528
0.349870201219307341844455550017
0.351167216405749493812749051358
0.352464231571929909048179752062
0.353761246717249455695508686404
0.355058261841088407262390092001
0.356355276942805554440951709694
0.357652292021737649996282470966
0.358949307077197743431895560207
0.360246322108474459344762408364
0.361543337114830498624229448978
0.362840352095502027829354574351
0.364137367049696791809765272774
0.365434381976592947971482772118
0.366731396875337400942385102098
0.368028411745044803371484931631
0.369325426584795335482880318523
0.370622441393633372808125159281
0.371919456170565210229028707545
0.373216470914557785221177255153
0.374513485624536068829826263027
0.375810500299380900735002342117
0.377107514937926935338907696860
0.378404529538959866208358562290
0.379701544101214039095282259950
0.380998558623369454334550709973
0.382295573104048824752965174412
0.383592587541814467044787306804
0.384889601935164360480001732867
0.386186616282529537880208181377
0.387483630582269034103859439711
0.388780644832666555377187478371
0.390077659031925538801743869044
0.391374673178164378395393896426
0.392671687269411484599856976274
0.393968701303599844187885992142
0.395265715278560636480875700727
0.396562729192017182633378524770
0.397859743041578284294956802114
0.399156756824730341026707947094
0.400453770538829634251243305698
0.401750784181093889557701004378
0.403047797748592617761431711187
0.404344811238237344941381934404
0.405641824646770732254452695997
0.406938837970754752060287273707
0.408235851206557587289580624201
0.409532864350340364278935112452
0.410829877398041665159666990803
0.412126890345361096557041946653
0.413423903187741470510729868693
0.414720915920349264549571444149
0.416017928538053416431807818299
0.417314941035401676394656078628
0.418611953406595072024742876238
0.419908965645460319215942490700
0.421205977745418014279721319326
0.422502989699449660321306510014
0.423800001500059919656848705927
0.425097013139234980449998602126
0.426394024608397426145955932952
0.427691035898355054190034252315
0.428988046999245531409883369633
0.430285057900473388858841872207
0.431582068590640632876898052928
0.432879079057469862146234618194
0.434176089287716393538829606769
0.435473099267072283335977544994
0.436770108980056581682305250069
0.438067118409892597430399518998
0.439364127538369675374241296595
0.440661136345686155202372447093
0.441958144810271624791653266584
0.443255152908584804105629473270
0.444552160614883729028434800057
0.445849167900961018684569125980
0.447146174735842560910015208719
0.448443181085438902222506385442
0.449740186912143791175822116202
0.451037192174367884689445418189
0.452334196825997569835209333178
0.453631200815762414269016744583
0.454928204086492482538517378998
0.456225206574245922830357358180
0.457522208207274294622379784414
0.458819208904794550996086854866
0.460116208575519713974699698156
0.461413207115894674625877769358
0.462710204407963399120262693032
0.464007200316775780812861285085
0.465304194687211902792256523753
0.466601187340068890296862491596
0.467898178067196801599436639663
0.469195166625410164940035429026
0.470492152728792245586220133191
0.471789136038878564871623666477
0.473086116152006241897254312789
0.474383092582821908056445181501
0.475680064742520170018025282843
0.476977031909731730152657291910
0.478273993191004220815187863991
0.479570947466243457935064498088
0.480867893312007466111168696443
0.482164828891390895293511675845
0.483461751792213123568586752299
0.484758658782794782382552511990
0.486055545431853863735938148238
0.487352405495358076414902370743
0.488649229884829727765804818773
0.489946004841369575633081012711
0.491242708498068614275666732283
0.492539303888668955622165412933
0.493835723237681156749800948091
0.495131827583916772628214175711
0.496427280966685313678965485451
0.497721018232997969299447049707
0.499007160136265781602560309693
0.000000000000000000000000000000
0.001298701298701298917012691980
0.002597402597402597834025383960
0.003896103896103896534197641444
0.005194805194805195668050767921
0.006493506493506494801903894398
0.007792207792207793068395282887
0.009090909090909092202248409365
0.010389610389610391336101535842
0.011688311688311688735231186342
0.012987012987012989603807788797
0.014285714285714287002937439297
0.015584415584415586136790565774
0.016883116883116885270643692252
0.018181818181818184404496818729
0.019480519480519483538349945206
0.020779220779220782672203071684
0.022077922077922078336609246207
0.023376623376623377470462372685
0.024675324675324680073762451116
0.025974025974025979207615577593
0.027272727272727274872021752117
0.028571428571428574005874878594
0.029870129870129873139728005071
0.031168831168831172273581131549
0.032467532467532471407434258026
0.033766233766233770541287384503
0.035064935064935069675140510981
0.036363636363636368808993637458
0.037662337662337667942846763935
0.038961038961038967076699890413
0.040259740259740266210553016890
0.041558441558441565344406143367
0.042857142857142864478259269845
0.044155844155844156673218492415
0.045454545454545455807071618892
0.046753246753246754940924745370
0.048051948051948054074777871847
0.049350649350649360147524902231
0.050649350649350659281378028709
0.051948051948051958415231155186
0.053246753246753257549084281663
0.054545454545454549744043504234
0.055844155844155848877896630711
0.057142857142857148011749757188
0.058441558441558447145602883666
0.059740259740259746279456010143
0.061038961038961045413309136620
0.062337662337662344547162263098
0.063636363636363643681015389575
0.064935064935064942814868516052
0.066233766233766241948721642530
0.067532467532467541082574769007
0.068831168831168826338640087670
0.070129870129870139350281021962
0.071428571428571438484134148439
0.072727272727272737617987274916
0.074025974025974036751840401394
0.075324675324675335885693527871
0.076623376623376635019546654348
0.077922077922077934153399780826
0.079220779220779233287252907303
0.080519480519480532421106033780
0.081818181818181831554959160258
0.083116883116883130688812286735
0.084415584415584429822665413212
0.085714285714285728956518539690
0.087012987012987028090371666167
0.088311688311688313346436984830
0.089610389610389612480290111307
0.090909090909090911614143237784
0.092207792207792210747996364262
0.093506493506493509881849490739
0.094805194805194809015702617216
0.096103896103896108149555743694
0.097402597402597421161196677986
0.098701298701298720295049804463
0.100000000000000019428902930940
0.101298701298701318562756057418
0.102597402597402617696609183895
0.103896103896103916830462310372
0.105194805194805215964315436850
0.106493506493506515098168563327
0.107792207792207800354233881990
0.109090909090909099488087008467
0.110389610389610398621940134944
0.111688311688311697755793261422
0.112987012987012996889646387899
0.114285714285714296023499514376
0.115584415584415595157352640854
0.116883116883116894291205767331
0.118181818181818193425058893808
0.119480519480519492558912020286
0.120779220779220791692765146763
0.122077922077922090826618273240
0.123376623376623389960471399718
0.124675324675324689094324526195
0.125974025974025988228177652672
0.127272727272727287362030779150
0.128571428571428586495883905627
0.129870129870129885629737032104
0.131168831168831184763590158582
0.132467532467532483897443285059
0.133766233766233783031296411536
0.135064935064935082165149538014
0.136363636363636353543427048862
0.137662337662337652677280175340
0.138961038961038979566708917446
0.140259740259740278700562043923
0.141558441558441577834415170400
0.142857142857142876968268296878
0.144155844155844176102121423355
0.145454545454545475235974549832
0.146753246753246774369827676310
0.148051948051948073503680802787
0.149350649350649372637533929264
0.150649350649350671771387055742
0.151948051948051970905240182219
0.153246753246753270039093308696
0.154545454545454569172946435174
0.155844155844155868306799561651
0.157142857142857167440652688128
0.158441558441558466574505814606
0.159740259740259765708358941083
0.161038961038961064842212067560
0.162337662337662363976065194038
0.163636363636363663109918320515
0.164935064935064962243771446992
0.166233766233766261377624573470
0.167532467532467560511477699947
0.168831168831168859645330826424
0.170129870129870158779183952902
0.171428571428571457913037079379
0.172727272727272757046890205856
0.174025974025974056180743332334
0.175324675324675327559020843182
0.176623376623376626692873969660
0.177922077922077925826727096137
0.179220779220779224960580222614
0.180519480519480524094433349092
0.181818181818181823228286475569
0.183116883116883122362139602046
0.184415584415584421495992728524
0.185714285714285720629845855001
0.187012987012987019763698981478
0.188311688311688318897552107956
0.189610389610389618031405234433
0.190909090909090917165258360910
0.192207792207792216299111487388
0.193506493506493515432964613865
0.194805194805194842322393355971
0.196103896103896141456246482448
0.197402597402597440590099608926
0.198701298701298739723952735403
0.200000000000000038857805861880
0.201298701298701337991658988358
0.202597402597402637125512114835
0.203896103896103936259365241312
0.205194805194805235393218367790
0.206493506493506534527071494267
0.207792207792207833660924620744
0.209090909090909132794777747222
0.210389610389610431928630873699
0.211688311688311731062484000176
0.212987012987013030196337126654
0.214285714285714301574614637502
0.215584415584415600708467763980
0.216883116883116899842320890457
0.218181818181818198976174016934
0.219480519480519498110027143412
0.220779220779220797243880269889
0.222077922077922096377733396366
0.223376623376623395511586522844
0.224675324675324694645439649321
0.225974025974025993779292775798
0.227272727272727292913145902276
0.228571428571428592046999028753
0.229870129870129891180852155230
0.231168831168831190314705281708
0.232467532467532489448558408185
0.233766233766233788582411534662
0.235064935064935087716264661140
0.236363636363636386850117787617
0.237662337662337685983970914094
0.238961038961038985117824040572
0.240259740259740284251677167049
0.241558441558441583385530293526
0.242857142857142882519383420004
0.244155844155844181653236546481
0.245454545454545480787089672958
0.246753246753246779920942799436
0.248051948051948079054795925913
0.249350649350649378188649052390
0.250649350649350677322502178868
0.251948051948051976456355305345
0.253246753246753275590208431822
0.254545454545454574724061558300
0.255844155844155873857914684777
0.257142857142857172991767811254
0.258441558441558472125620937732
0.259740259740259771259474064209
0.261038961038961070393327190686
0.262337662337662369527180317164
0.263636363636363668661033443641
0.264935064935064967794886570118
0.266233766233766266928739696596
0.267532467532467566062592823073
0.268831168831168865196445949550
0.270129870129870164330299076028
0.271428571428571463464152202505
0.272727272727272707086854097724
0.274025974025974061731858455460
0.275324675324675305354560350679
0.276623376623376659999564708414
0.277922077922077959133417834892
0.279220779220779258267270961369
0.280519480519480557401124087846
0.281818181818181856534977214324
0.283116883116883155668830340801
0.284415584415584454802683467278
0.285714285714285753936536593756
0.287012987012987053070389720233
0.288311688311688352204242846710
0.289610389610389651338095973188
0.290909090909090950471949099665
0.292207792207792249605802226142
0.293506493506493548739655352620
0.294805194805194847873508479097
0.296103896103896147007361605574
0.297402597402597446141214732052
0.298701298701298745275067858529
0.300000000000000044408920985006
0.301298701298701343542774111484
0.302597402597402642676627237961
0.303896103896103941810480364438
0.305194805194805240944333490916
0.306493506493506540078186617393
0.307792207792207839212039743870
0.309090909090909138345892870348
0.310389610389610381968594765567
0.311688311688311736613599123302
0.312987012987012980236301018522
0.314285714285714334881305376257
0.315584415584415578504007271476
0.316883116883116933149011629212
0.318181818181818176771713524431
0.319480519480519531416717882166
0.320779220779220775039419777386
0.322077922077922129684424135121
0.323376623376623373307126030340
0.324675324675324727952130388076
0.325974025974025971574832283295
0.327272727272727326219836641030
0.328571428571428569842538536250
0.329870129870129924487542893985
0.331168831168831168110244789204
0.332467532467532522755249146940
0.333766233766233821889102273417
0.335064935064935121022955399894
0.336363636363636420156808526372
0.337662337662337719290661652849
0.338961038961039018424514779326
0.340259740259740317558367905804
0.341558441558441616692221032281
0.342857142857142915826074158758
0.344155844155844214959927285236
0.345454545454545514093780411713
0.346753246753246813227633538190
0.348051948051948112361486664668
0.349350649350649411495339791145
0.350649350649350655118041686364
0.351948051948052009763046044100
0.353246753246753253385747939319
0.354545454545454608030752297054
0.355844155844155851653454192274
0.357142857142857206298458550009
0.358441558441558449921160445228
0.359740259740259804566164802964
0.361038961038961048188866698183
0.362337662337662402833871055918
0.363636363636363646456572951138
0.364935064935065001101577308873
0.366233766233766244724279204092
0.367532467532467599369283561828
0.368831168831168842991985457047
0.370129870129870197636989814782
0.371428571428571441259691710002
0.372727272727272795904696067737
0.374025974025974039527397962956
0.375324675324675394172402320692
0.376623376623376637795104215911
0.377922077922077992440108573646
0.379220779220779236062810468866
0.380519480519480590707814826601
0.381818181818181834330516721820
0.383116883116883188975521079556
0.384415584415584432598222974775
0.385714285714285787243227332510
0.387012987012987030865929227730
0.388311688311688385510933585465
0.389610389610389684644786711942
0.390909090909090928267488607162
0.392207792207792282912492964897
0.393506493506493526535194860116
0.394805194805194881180199217852
0.396103896103896124802901113071
0.397402597402597479447905470806
0.398701298701298723070607366026
0.400000000000000077715611723761
0.401298701298701321338313618980
0.402597402597402675983317976716
0.403896103896103919606019871935
0.405194805194805274251024229670
0.406493506493506517873726124890
0.407792207792207872518730482625
0.409090909090909116141432377844
0.410389610389610470786436735580
0.411688311688311714409138630799
0.412987012987013069054142988534
0.414285714285714312676844883754
0.415584415584415667321849241489
0.416883116883116910944551136708
0.418181818181818265589555494444
0.419480519480519509212257389663
0.420779220779220863857261747398
0.422077922077922107479963642618
0.423376623376623462124968000353
0.424675324675324705747669895572
0.425974025974026060392674253308
0.427272727272727304015376148527
0.428571428571428603149229275004
0.429870129870129902283082401482
0.431168831168831201416935527959
0.432467532467532500550788654436
0.433766233766233799684641780914
0.435064935064935098818494907391
0.436363636363636397952348033868
0.437662337662337697086201160346
0.438961038961038996220054286823
0.440259740259740295353907413300
0.441558441558441594487760539778
0.442857142857142893621613666255
0.444155844155844192755466792732
0.445454545454545547400471150468
0.446753246753246791023173045687
0.448051948051948145668177403422
0.449350649350649389290879298642
0.450649350649350743935883656377
0.451948051948051987558585551596
0.453246753246753342203589909332
0.454545454545454585826291804551
0.455844155844155940471296162286
0.457142857142857184093998057506
0.458441558441558538739002415241
0.459740259740259782361704310460
0.461038961038961137006708668196
0.462337662337662380629410563415
0.463636363636363735274414921150
0.464935064935064978897116816370
0.466233766233766333542121174105
0.467532467532467577164823069324
0.468831168831168876298676195802
0.470129870129870175432529322279
0.471428571428571474566382448756
0.472727272727272773700235575234
0.474025974025974072834088701711
0.475324675324675371967941828188
0.476623376623376671101794954666
0.477922077922077970235648081143
0.479220779220779269369501207620
0.480519480519480568503354334098
0.481818181818181867637207460575
0.483116883116883166771060587052
0.484415584415584465904913713530
0.485714285714285765038766840007
0.487012987012987064172619966484
0.488311688311688363306473092962
0.489610389610389662440326219439
0.490909090909090961574179345916
0.492207792207792260708032472394
0.493506493506493559841885598871
0.494805194805194858975738725348
0.496103896103896158109591851826
0.497402597402597457243444978303
0.498701298701298756377298104780
0.500000000000000111022302462516
0.501298701298701354645004357735
0.502597402597402709290008715470
0.503896103896103952912710610690
0.505194805194805196535412505909
0.506493506493506551180416863644
0.507792207792207794803118758864
0.509090909090909149448123116599
0.510389610389610393070825011819
0.511688311688311747715829369554
0.512987012987012991338531264773
0.514285714285714345983535622508
0.515584415584415589606237517728
0.516883116883116944251241875463
0.518181818181818187873943770683
0.519480519480519542518948128418
0.520779220779220786141650023637
0.522077922077922140786654381373
0.523376623376623384409356276592
0.524675324675324739054360634327
0.525974025974026093699364992062
0.527272727272727337322066887282
0.528571428571428580944768782501
0.529870129870129935589773140237
0.531168831168831290234777497972
0.532467532467532533857479393191
0.533766233766233777480181288411
0.535064935064935132125185646146
0.536363636363636486770190003881
0.537662337662337730392891899101
0.538961038961038974015593794320
0.540259740259740328660598152055
0.541558441558441683305602509790
0.542857142857142926928304405010
0.544155844155844170551006300229
0.545454545454545414173708195449
0.546753246753246879841015015700
0.548051948051948123463716910919
0.549350649350649367086418806139
0.550649350649350610709120701358
0.551948051948052076376427521609
0.553246753246753319999129416829
0.554545454545454563621831312048
0.555844155844155918266835669783
0.557142857142857272911840027518
0.558441558441558516534541922738
0.559740259740259760157243817957
0.561038961038961114802248175693
0.562337662337662469447252533428
0.563636363636363713069954428647
0.564935064935064956692656323867
0.566233766233766311337660681602
0.567532467532467665982665039337
0.568831168831168909605366934557
0.570129870129870153228068829776
0.571428571428571507873073187511
0.572727272727272862518077545246
0.574025974025974106140779440466
0.575324675324675349763481335685
0.576623376623376704408485693421
0.577922077922078059053490051156
0.579220779220779302676191946375
0.580519480519480546298893841595
0.581818181818181900943898199330
0.583116883116883255588902557065
0.584415584415584499211604452285
0.585714285714285742834306347504
0.587012987012987097479310705239
0.588311688311688341102012600459
0.589610389610389695747016958194
0.590909090909090939369718853413
0.592207792207792294014723211149
0.593506493506493537637425106368
0.594805194805194892282429464103
0.596103896103896135905131359323
0.597402597402597490550135717058
0.598701298701298734172837612277
0.600000000000000088817841970013
0.601298701298701332440543865232
0.602597402597402687085548222967
0.603896103896103930708250118187
0.605194805194805285353254475922
0.606493506493506528975956371141
0.607792207792207883620960728877
0.609090909090909127243662624096
0.610389610389610481888666981831
0.611688311688311836533671339566
0.612987012987013080156373234786
0.614285714285714323779075130005
0.615584415584415678424079487741
0.616883116883117033069083845476
0.618181818181818276691785740695
0.619480519480519520314487635915
0.620779220779220763937189531134
0.622077922077922229604496351385
0.623376623376623473227198246605
0.624675324675324716849900141824
0.625974025974025960472602037044
0.627272727272727426139908857294
0.628571428571428669762610752514
0.629870129870129913385312647733
0.631168831168831157008014542953
0.632467532467532622675321363204
0.633766233766233866298023258423
0.635064935064935109920725153643
0.636363636363636353543427048862
0.637662337662337819210733869113
0.638961038961039062833435764333
0.640259740259740306456137659552
0.641558441558441550078839554772
0.642857142857143015746146375022
0.644155844155844259368848270242
0.645454545454545502991550165461
0.646753246753246746614252060681
0.648051948051948212281558880932
0.649350649350649455904260776151
0.650649350649350699526962671371
0.651948051948051943149664566590
0.653246753246753408816971386841
0.654545454545454652439673282061
0.655844155844155896062375177280
0.657142857142857139685077072500
0.658441558441558605352383892750
0.659740259740259848975085787970
0.661038961038961092597787683189
0.662337662337662336220489578409
0.663636363636363690865493936144
0.664935064935065045510498293879
0.666233766233766289133200189099
0.667532467532467643778204546834
0.668831168831168887400906442053
0.670129870129870242045910799789
0.671428571428571485668612695008
0.672727272727272840313617052743
0.674025974025974083936318947963
0.675324675324675438581323305698
0.676623376623376682204025200917
0.677922077922078036849029558653
0.679220779220779280471731453872
0.680519480519480635116735811607
0.681818181818181878739437706827
0.683116883116883233384442064562
0.684415584415584477007143959781
0.685714285714285831652148317517
0.687012987012987075274850212736
0.688311688311688429919854570471
0.689610389610389673542556465691
0.690909090909091028187560823426
0.692207792207792271810262718645
0.693506493506493626455267076381
0.694805194805194870077968971600
0.696103896103896224722973329335
0.697402597402597468345675224555
0.698701298701298822990679582290
0.700000000000000066613381477509
0.701298701298701310236083372729
0.702597402597402664881087730464
0.703896103896104019526092088199
0.705194805194805263148793983419
0.706493506493506506771495878638
0.707792207792207861416500236373
0.709090909090909216061504594109
0.710389610389610459684206489328
0.711688311688311703306908384548
0.712987012987013057951912742283
0.714285714285714412596917100018
0.715584415584415656219618995237
0.716883116883116899842320890457
0.718181818181818254487325248192
0.719480519480519609132329605927
0.720779220779220852755031501147
0.722077922077922096377733396366
0.723376623376623562045040216617
0.724675324675324805667742111837
0.725974025974026049290444007056
0.727272727272727292913145902276
0.728571428571428758580452722526
0.729870129870130002203154617746
0.731168831168831245825856512965
0.732467532467532489448558408185
0.733766233766233955115865228436
0.735064935064935198738567123655
0.736363636363636442361269018875
0.737662337662337685983970914094
0.738961038961039151651277734345
0.740259740259740395273979629565
0.741558441558441638896681524784
0.742857142857142882519383420004
0.744155844155844237164387777739
0.745454545454545591809392135474
0.746753246753246835432094030693
0.748051948051948079054795925913
0.749350649350649433699800283648
0.750649350649350788344804641383
0.751948051948052031967506536603
0.753246753246753275590208431822
0.754545454545454630235212789557
0.755844155844155984880217147293
0.757142857142857228502919042512
0.758441558441558472125620937732
0.759740259740259826770625295467
0.761038961038961181415629653202
0.762337662337662425038331548421
0.763636363636363668661033443641
0.764935064935065023306037801376
0.766233766233766377951042159111
0.767532467532467621573744054331
0.768831168831168865196445949550
0.770129870129870219841450307285
0.771428571428571574486454665021
0.772727272727272818109156560240
0.774025974025974061731858455460
0.775324675324675416376862813195
0.776623376623376771021867170930
0.777922077922078014644569066149
0.779220779220779369289573423885
0.780519480519480612912275319104
0.781818181818181856534977214324
0.783116883116883211179981572059
0.784415584415584565824985929794
0.785714285714285809447687825013
0.787012987012987053070389720233
0.788311688311688407715394077968
0.789610389610389762360398435703
0.790909090909091005983100330923
0.792207792207792249605802226142
0.793506493506493604250806583877
0.794805194805194958895810941613
0.796103896103896202518512836832
0.797402597402597446141214732052
0.798701298701298800786219089787
0.800000000000000155431223447522
0.801298701298701399053925342741
0.802597402597402642676627237961
0.803896103896103997321631595696
0.805194805194805351966635953431
0.806493506493506595589337848651
0.807792207792207839212039743870
0.809090909090909193857044101605
0.810389610389610548502048459341
0.811688311688311792124750354560
0.812987012987013035747452249780
0.814285714285714279370154144999
0.815584415584415745037460965250
0.816883116883116988660162860469
0.818181818181818232282864755689
0.819480519480519475905566650908
0.820779220779220941572873471159
0.822077922077922185195575366379
0.823376623376623428818277261598
0.824675324675324672440979156818
0.825974025974026138108285977069
0.827272727272727381730987872288
0.828571428571428625353689767508
0.829870129870129868976391662727
0.831168831168831334643698482978
0.832467532467532578266400378197
0.833766233766233821889102273417
0.835064935064935176534106631152
0.836363636363636531179110988887
0.837662337662337774801812884107
0.838961038961039018424514779326
0.840259740259740373069519137061
0.841558441558441727714523494797
0.842857142857142971337225390016
0.844155844155844214959927285236
0.845454545454545569604931642971
0.846753246753246924249936000706
0.848051948051948167872637895925
0.849350649350649411495339791145
0.850649350649350766140344148880
0.851948051948052120785348506615
0.853246753246753364408050401835
0.854545454545454608030752297054
0.855844155844155962675756654789
0.857142857142857206298458550009
0.858441558441558560943462907744
0.859740259740259804566164802964
0.861038961038961159211169160699
0.862337662337662402833871055918
0.863636363636363757478875413653
0.864935064935065001101577308873
0.866233766233766355746581666608
0.867532467532467599369283561828
0.868831168831168954014287919563
0.870129870129870197636989814782
0.871428571428571552281994172517
0.872727272727272795904696067737
0.874025974025974150549700425472
0.875324675324675394172402320692
0.876623376623376748817406678427
0.877922077922077992440108573646
0.879220779220779347085112931381
0.880519480519480590707814826601
0.881818181818181945352819184336
0.883116883116883188975521079556
0.884415584415584543620525437291
0.885714285714285787243227332510
0.887012987012987141888231690245
0.888311688311688385510933585465
0.889610389610389740155937943200
0.890909090909091094800942300935
0.892207792207792338423644196155
0.893506493506493582046346091374
0.894805194805194825669047986594
0.896103896103896291336354806845
0.897402597402597534959056702064
0.898701298701298778581758597284
0.900000000000000022204460492503
0.901298701298701487871767312754
0.902597402597402731494469207973
0.903896103896103975117171103193
0.905194805194805218739872998412
0.906493506493506684407179818663
0.907792207792207928029881713883
0.909090909090909171652583609102
0.910389610389610415275285504322
0.911688311688311880942592324573
0.912987012987013124565294219792
0.914285714285714368187996115012
0.915584415584415611810698010231
0.916883116883117077478004830482
0.918181818181818321100706725701
0.919480519480519564723408620921
0.920779220779220808346110516140
0.922077922077922274013417336391
0.923376623376623517636119231611
0.924675324675324761258821126830
0.925974025974026004881523022050
0.927272727272727470548829842301
0.928571428571428714171531737520
0.929870129870129957794233632740
0.931168831168831201416935527959
0.932467532467532667084242348210
0.933766233766233910706944243429
0.935064935064935154329646138649
0.936363636363636397952348033868
0.937662337662337752597352391604
0.938961038961039107242356749339
0.940259740259740350865058644558
0.941558441558441594487760539778
0.942857142857142949132764897513
0.944155844155844303777769255248
0.945454545454545547400471150468
0.946753246753246902045475508203
0.948051948051948145668177403422
0.949350649350649500313181761157
0.950649350649350743935883656377
0.951948051948052098580888014112
0.953246753246753342203589909332
0.954545454545454696848594267067
0.955844155844155940471296162286
0.957142857142857295116300520021
0.958441558441558538739002415241
0.959740259740259893384006772976
0.961038961038961137006708668196
0.962337662337662491651713025931
0.963636363636363735274414921150
0.964935064935065089919419278885
0.966233766233766333542121174105
0.967532467532467688187125531840
0.968831168831168931809827427060
0.970129870129870286454831784795
0.971428571428571530077533680014
0.972727272727272884722538037749
0.974025974025974128345239932969
0.975324675324675371967941828188
0.976623376623376726612946185924
0.977922077922078081257950543659
0.979220779220779324880652438878
0.980519480519480568503354334098
0.981818181818181923148358691833
0.983116883116883277793363049568
0.984415584415584521416064944788
0.985714285714285765038766840007
0.987012987012987119683771197742
0.988311688311688474328775555477
0.989610389610389717951477450697
0.990909090909090961574179345916
0.992207792207792316219183703652
0.993506493506493670864188061387
0.994805194805194914486889956606
0.996103896103896158109591851826
0.997402597402597512754596209561
0.998701298701298867399600567296
0.000049934032681844596295289013
0.000116233704854705699417369291
0.000182623835990419986028548971
0.000249010366318081855039473504
0.000315382071423756405337962549
0.000381733344130428023897871892
0.000448059459940900199539232096
0.000514355905888233544409615661
0.000580618235580406070323045142
0.000646842028610837018430534950
0.000713022877040902689459167529
0.000779156380354069561834651214
0.000845238143457920456692866740
0.000911263775908506329023750503
0.000977228891669229245489636249
0.001043129109121086793912636104
0.001108960051197699706038157785
0.001174717345586317627723071944
0.001240396624964336521820817971
0.001305993527256041212072923408
0.001371503695901456296862841455
0.001436922780131720273760764783
0.001502246435249141249049231739
0.001567470322909418449508489601
0.001632590111405594988230882691
0.001697601475952671343239153146
0.001762500098972545180958659827
0.001827281670379578715907031849
0.001891941887865394552117881410
0.001956476457183923926830271256
0.002020881092435655897177060325
0.002085151516352403474469090483
0.002149283460580448876231507427
0.002213272665964017508338779194
0.002277114882827785489333161095
0.002340805871259080996049650736
0.002404341401389098551583112240
0.002467717253674021372911173700
0.002530929219174946759318700629
0.002593973099837381703081096163
0.002656844708770073667375433146
0.002719539870522846500278113524
0.002782054421364099378727319234
0.002844384209557094481818362297
0.002906525095635818789485682601
0.002968472952679759944288884199
0.003030223666588084067280428613
0.003091773136352555899353244939
0.003153117274330413839777964569
0.003214252006515281711446219148
0.003275173272808050602133977947
0.003335877027286452290583129709
0.003396359238473603547880941278
0.003456615889605993592603727649
0.003516642978900020883453736431
0.003576436519817913217700322548
0.003635992541332275663351625283
0.003695307088190204810457251128
0.003754376221175369492816242811
0.003813196017370213807690104701
0.003871762570416150892049778065
0.003930071990773007298280994348
0.003988120405977543629638670808
0.004045903960900295096014822605
0.004103418818001941525963616186
0.004160661157587933547952196989
0.004217627178062292175875214184
0.004274313096180037095661585766
0.004330715147298349471105538555
0.004386829585626784988594550896
0.004442652684475962079901911750
0.004498180736504855427304594429
0.004553410053967335731350818406
0.004608336968956883682169145544
0.004662957833650244014733754483
0.004717269020549674438114173824
0.004771266922723836276243325472
0.004824947954047319013948236233
0.004878308549438909770545880207
0.004931345165098212184051629237
0.004984054278741169817512624007
0.005036432389833892138419901841
0.005088476019824891491416529732
0.005140181712376734601832595217
0.005191546033594884694550852799
0.005242565572256227025838004607
0.005293236940035306314911167647
0.005343556771729768804790605685
0.005393521725483270759515797010
0.005443128483007898636703014716
0.005492373749804366211968442713
0.005541254255380840404443532066
0.005589766753470033246176118524
0.005637908022244968522795893762
0.005685674864532834146824136212
0.005733064108027425068159210753
0.005780072605499544415030843680
0.005826697235006408036317449017
0.005872934900098721044958693938
0.005918782530026410818035920158
0.005964237079942512516350650031
0.006009295531105413555594818575
0.006053954891079362486683290712
0.006098212193933187641459170436
0.006142064500437173502067622621
0.006185508898258452147034258672
0.006228542502154182924911651753
0.006271162454163492668002266583
0.006313365923796890148700367007
0.006355150108224575516979726331
0.006396512232462418269529624837
0.006437449549556092942559359926
0.006477959340764079428087729440
0.006518038915737500889335809262
0.006557685612699300746475383761
0.006596896798620749922947847921
0.006635669869396536822703236425
0.006674002250017424357764195264
0.006711891394741625882502944478
0.006749334787263474091933979082
0.006786329940880930257363079505
0.006822874398660304894048689306
0.006858965733599911573925567154
0.006894601548790842832081793290
0.006929779477576283701345527533
0.006964497183708835519044821893
0.006998752361505426733412349449
0.007032542736000697153331273626
0.007065866063097779245505414281
0.007098720129717710734806868089
0.007131102753945958890036127542
0.007163011785177724431716850262
0.007194445104260596517142811734
0.007225400623635297794877807576
0.007255876287474349525807859607
0.007285870071818414776820826972
0.007315379984711197457192266569
0.007344404066331173749904159820
0.007372940389122120512233049539
0.007400987057920911486863513318
0.007428542210083516339480524948
0.007455604015608765372524757709
0.007482170677259587614205127437
0.007508240430682661635530816824
0.007533811544525548416217919367
0.007558882320551436363731401258
0.007583451093752267835323976897
0.007607516232459103112939491353
0.007631076138450524140588449029
0.007654129247058806539971698157
0.007676674027273679493110769556
0.007698708981844351768863976559
0.007720232647378585250086402425
0.007741243594440097922082522075
0.007761740427643296254267557543
0.007781721785746252909032882883
0.007801186341740818687429115386
0.007820132802940879188091649610
0.007838559911068243568621483064
0.007856466442336109898270102292
0.007873851207530382922961109671
0.007890713052088669035577517263
0.007907050856176996156410297090
0.007922863534763962753415533768
0.007938150037693186833465119889
0.007952909349752707024450160134
0.007967140490742492808795560677
0.007980842515539642370581141506
0.007994014514161066828346058344
0.008006655611823869020393651397
0.008018764969003656234436405725
0.008030341781490009725463785628
0.008041385280440078997532538096
0.008051894732429631246217738294
0.008061869439501727699348698764
0.008071308739212964405984607197
0.008080212004677725032286694784
0.008088578644609560955314186970
0.008096408103360612854015876394
0.008103699860958409398326018902
0.008110453433140584270089057384
0.008116668371386732624972459860
0.008122344262948485993369729385
0.008127480730876801215400995204
0.008132077434046893621433227395
0.008136134067181286302905540708
0.008139650360869445447353776046
0.008142626081586256878153129435
0.008145061031707144169611289897
0.008146955049521613367868866362
0.008148308009243376837105188315
0.008149119821019439741105472308
0.008149390430935397888756455131
0.008149119821019439741105472308
0.008148308009243376837105188315
0.008146955049521613367868866362
0.008145061031707144169611289897
0.008142626081586256878153129435
0.008139650360869445447353776046
0.008136134067181286302905540708
0.008132077434046893621433227395
0.008127480730876801215400995204
0.008122344262948485993369729385
0.008116668371386732624972459860
0.008110453433140584270089057384
0.008103699860958409398326018902
0.008096408103360612854015876394
0.008088578644609560955314186970
0.008080212004677725032286694784
0.008071308739212964405984607197
0.008061869439501727699348698764
0.008051894732429631246217738294
0.008041385280440078997532538096
0.008030341781490009725463785628
0.008018764969003656234436405725
0.008006655611823869020393651397
0.007994014514161066828346058344
0.007980842515539642370581141506
0.007967140490742492808795560677
0.007952909349752707024450160134
0.007938150037693186833465119889
0.007922863534763962753415533768
0.007907050856176996156410297090
0.007890713052088669035577517263
0.007873851207530382922961109671
0.007856466442336109898270102292
0.007838559911068243568621483064
0.007820132802940879188091649610
0.007801186341740818687429115386
0.007781721785746252909032882883
0.007761740427643296254267557543
0.007741243594440097922082522075
0.007720232647378585250086402425
0.007698708981844351768863976559
0.007676674027273679493110769556
0.007654129247058806539971698157
0.007631076138450524140588449029
0.007607516232459103112939491353
0.007583451093752267835323976897
0.007558882320551436363731401258
0.007533811544525548416217919367
0.007508240430682661635530816824
0.007482170677259587614205127437
0.007455604015608765372524757709
0.007428542210083516339480524948
0.007400987057920911486863513318
0.007372940389122120512233049539
0.007344404066331173749904159820
0.007315379984711197457192266569
0.007285870071818414776820826972
0.007255876287474349525807859607
0.007225400623635297794877807576
0.007194445104260596517142811734
0.007163011785177724431716850262
0.007131102753945958890036127542
0.007098720129717710734806868089
0.007065866063097779245505414281
0.007032542736000697153331273626
0.006998752361505426733412349449
0.006964497183708835519044821893
0.006929779477576283701345527533
0.006894601548790842832081793290
0.006858965733599911573925567154
0.006822874398660304894048689306
0.006786329940880930257363079505
0.006749334787263474091933979082
0.006711891394741625882502944478
0.006674002250017424357764195264
0.006635669869396536822703236425
0.006596896798620749922947847921
0.006557685612699300746475383761
0.006518038915737500889335809262
0.006477959340764079428087729440
0.006437449549556092942559359926
0.006396512232462418269529624837
0.006355150108224575516979726331
0.006313365923796890148700367007
0.006271162454163492668002266583
0.006228542502154182924911651753
0.006185508898258452147034258672
0.006142064500437173502067622621
0.006098212193933187641459170436
0.006053954891079362486683290712
0.006009295531105413555594818575
0.005964237079942512516350650031
0.005918782530026410818035920158
0.005872934900098721044958693938
0.005826697235006408036317449017
0.005780072605499544415030843680
0.005733064108027425068159210753
0.005685674864532834146824136212
0.005637908022244968522795893762
0.005589766753470033246176118524
0.005541254255380840404443532066
0.005492373749804366211968442713
0.005443128483007898636703014716
0.005393521725483270759515797010
0.005343556771729768804790605685
0.005293236940035306314911167647
0.005242565572256227025838004607
0.005191546033594884694550852799
0.005140181712376734601832595217
0.005088476019824891491416529732
0.005036432389833892138419901841
0.004984054278741169817512624007
0.004931345165098212184051629237
0.004878308549438909770545880207
0.004824947954047319013948236233
0.004771266922723836276243325472
0.004717269020549674438114173824
0.004662957833650244014733754483
0.004608336968956883682169145544
0.004553410053967335731350818406
0.004498180736504855427304594429
0.004442652684475962079901911750
0.004386829585626784988594550896
0.004330715147298349471105538555
0.004274313096180037095661585766
0.004217627178062292175875214184
0.004160661157587933547952196989
0.004103418818001941525963616186
0.004045903960900295096014822605
0.003988120405977543629638670808
0.003930071990773007298280994348
0.003871762570416150892049778065
0.003813196017370213807690104701
0.003754376221175369492816242811
0.003695307088190204810457251128
0.003635992541332275663351625283
0.003576436519817913217700322548
0.003516642978900020883453736431
0.003456615889605993592603727649
0.003396359238473603547880941278
0.003335877027286452290583129709
0.003275173272808050602133977947
0.003214252006515281711446219148
0.003153117274330413839777964569
0.003091773136352555899353244939
0.003030223666588084067280428613
0.002968472952679759944288884199
0.002906525095635818789485682601
0.002844384209557094481818362297
0.002782054421364099378727319234
0.002719539870522846500278113524
0.002656844708770073667375433146
0.002593973099837381703081096163
0.002530929219174946759318700629
0.002467717253674021372911173700
0.002404341401389098551583112240
0.002340805871259080996049650736
0.002277114882827785489333161095
0.002213272665964017508338779194
0.002149283460580448876231507427
0.002085151516352403474469090483
0.002020881092435655897177060325
0.001956476457183923926830271256
0.001891941887865394552117881410
0.001827281670379578715907031849
0.001762500098972545180958659827
0.001697601475952671343239153146
0.001632590111405594988230882691
0.001567470322909418449508489601
0.001502246435249141249049231739
0.001436922780131720273760764783
0.001371503695901456296862841455
0.001305993527256041212072923408
0.001240396624964336521820817971
0.001174717345586317627723071944
0.001108960051197699706038157785
0.001043129109121086793912636104
0.000977228891669229245489636249
0.000911263775908506329023750503
0.000845238143457920456692866740
0.000779156380354069561834651214
0.000713022877040902689459167529
0.000646842028610837018430534950
0.000580618235580406070323045142
0.000514355905888233544409615661
0.000448059459940900199539232096
0.000381733344130428023897871892
0.000315382071423756405337962549
0.000249010366318081855039473504
0.000182623835990419986028548971
0.000116233704854705699417369291
0.000049934032681844596295289013
