0.000972655074433625933469360625
0.002232649253096820156361257403
0.003500084378362969522030523351
0.004769200730825106510080146904
0.006038954812438556557507851608
0.007309017492712377092600739559
0.008579252635591082254418182629
0.009849593843483476010569610537
0.011120004901672432204295937197
0.012390464387810865357075762461
0.013660958822722550631834081969
0.014931479302703488248882379708
0.016202019710665267748783691104
0.017472575705416677066539321572
0.018743144120980024386335927034
0.020013722594215379441129343263
0.021284309325563750825427433711
0.022554902920522618137155745899
0.023825502281771243628938350412
0.025096106534021243861243277706
0.026366714970570227782875605271
0.027637327014584430612265109062
0.028907942190578454766392013653
0.030178560103096472438943820293
0.031449180420556430148870674657
0.032719802862855106029282836744
0.033990427191751326763125007346
0.035261053203328382443793032053
0.036531680722027025376430486858
0.037802309595882148396395194823
0.039072939692687727597508740018
0.040343570896886560284144707111
0.041614203107030053874204611475
0.042884836233687662065960921609
0.044155470197719551284087913245
0.045426104928836794072388727272
0.046696740364398255096478607129
0.047967376448397429367087596574
0.049238013130606744782724604192
0.050508650365851004426787085322
0.051779288113387431091716450737
0.053049926336375008428802857452
0.054320565001418401329669194411
0.055591204078173687974651073773
0.056861843539008451176020031426
0.058132483358704391263049870986
0.059403123514199941690439032982
0.060673763984364095791512738742
0.061944404749798863407672655512
0.063215045792664570356578224164
0.064485687096526494999082501636
0.065756328646219525113636450442
0.067026970427727233792225547404
0.068297612428075651913594867892
0.069568254635237511407375166073
0.070838897038047590748455206722
0.072109539626127039380065752994
0.073380182389814752053069923932
0.074650825320106486970850312446
0.075921468408600256694285235426
0.077192111647446298716701562626
0.078462755029302486131648208811
0.079733398547294082048253471839
0.081004042194976616508839128983
0.082274685966303218176420841701
0.083545329855593958301440693504
0.084815973857508650257663873617
0.086086617967021411557126953085
0.087357262179398181833889225345
0.088627906490175573095413597002
0.089898550895141704497603996060
0.091169195390318952254560258552
0.092439839971947573848964907484
0.093710484636470775532401944474
0.094981129380521750471544351058
0.096251774200910314438495163358
0.097522419094612136647448608073
0.098793064058757595891080427464
0.100063709090622149355809256122
0.101334354187617103892904424356
0.102604999347281317101376885148
0.103875644567273314744504375540
0.105146289845364115933534776559
0.106416935179430488522811515395
0.107687580567448495938442931674
0.108958226007488112596632845452
0.110228871497707395232801275142
0.111499517036347764453729780598
0.112770162621729064245101881170
0.114040808252245370879585095736
0.115311453926360732435973943666
0.116582099642605435674269642732
0.117852745399572397810850077349
0.119123391195913932993910577807
0.120394037030338352245451005729
0.121664682901607215659289806808
0.122935328808532640110229294805
0.124205974749974509818706280839
0.125476620724838061615713513675
0.126747266732071872663567546624
0.128017912770665348576315523133
0.129288558839646877673956737453
0.130559204938081874214361732811
0.131829851065071113058735363666
0.133100497219748842292474932947
0.134371143401281284424086948093
0.135641789608865165339679492718
0.136912435841726215501878982650
0.138183082099117782171049384488
0.139453728380319691426691974812
0.140724374684637026922118252514
0.141995021011398769861244772983
0.143265667359957021842475910489
0.144536313729685839124528001776
0.145806960119980233425707183414
0.147077606530255255989914076054
0.148348252959945220430526546807
0.149618899408502759040828777870
0.150889545875398128904620875801
0.152160192360118379228950402648
0.153430838862166712965873216490
0.154701485381061765167487465078
0.155972131916337047874421273264
0.157242778467540061937413042870
0.158513425034232074972706527660
0.159784071615987455228236058247
0.161054718212392949938660535736
0.162325364823047380014031659812
0.163596011447561057172706000529
0.164866658085555506385588842022
0.166137304736662605453290098012
0.167407951400524751539578005577
0.168678598076793945237383809399
0.169949244765131707302074914878
0.171219891465208606806669422440
0.172490538176703817052626277473
0.173761184899305004547542807813
0.175031831632707801649218026796
0.176302478376615695543350170738
0.177573125130739445376448770730
0.178843771894797110011410268271
0.180114418668513548427156933940
0.181385065451620336451910020514
0.182655712243855239407253066020
0.183926359044962434152736818760
0.185197005854691731929761999709
0.186467652672798744895032996283
0.187738299499044608564801706052
0.189008946333195648747960149194
0.190279593175023131745859927832
0.191550240024303458641341535440
0.192820886880817471409343966116
0.194091533744350702717085255244
0.195362180614692876323701398178
0.196632827491637962591397581491
0.197903474374983956440843257951
0.199174121264532627550991605858
0.200444768160089631381381991559
0.201715415061463954060627656872
0.202986061968468217697747491002
0.204256708880918236292956180478
0.205527355798632987982088593526
0.206798002721434476258721701925
0.208068649649147674463023349745
0.209339296581600303737147328320
0.210609943518622833025233376247
0.211880590460048229273226638725
0.213151237405711874162150820666
0.214421884355451702885986264846
0.215692531309107676795733254949
0.216963178266522033199592556230
0.218233825227539007807209259227
0.219504472192004862485248395387
0.220775119159767690968365627668
0.222045766130677335592480403648
0.223316413104585331783624724267
0.224587060081344908057943143831
0.225857707060810652954785382462
0.227128354042838709325735635502
0.228399001027286552290007648480
0.229669648014012878212142254597
0.230940295002877632457582990355
0.232210941993741870614798017414
0.233481588986467647472977660073
0.234752235980918072533185636530
0.236022882976957032452602902595
0.237293529974449302066830114200
0.238564176973260433367585164888
0.239834823973256588969249492038
0.241105470974304597620019308124
0.242376117976271759912876291310
0.243646764979025959307890047967
0.244917411982435384576461956385
0.246188058986368585312476398030
0.247458705990694388665573910657
0.248729352995281816074424341423
0.250000000000000000000000000000
0.251270647004718239436726889835
0.252541294009305639090001704972
0.253811941013631414687523601970
0.255082588017564615423538043615
0.256353235020974068447685567662
0.257623882023728267842699324319
0.258894529025695430135556307505
0.260165176026743438786326123591
0.261435823026739622143566066370
0.262706470025550753444321117058
0.263977117023042995302972713034
0.265247764019081955222389979099
0.266518411013532352527022339927
0.267789058006258184896353213844
0.269059704997122395297992625274
0.270330351985987149543433361032
0.271600998972713503221143582778
0.272871645957161346185415595755
0.274142292939189347045214617538
0.275412939918655119697632471798
0.276683586895414723727526506991
0.277954233869322664407519596352
0.279224880840232336787209987961
0.280495527807995137514751604613
0.281766174772461019948366356402
0.283036821733477994555983059399
0.284307468690892350959842360680
0.285578115644548324869589350783
0.286848762594288153593424794963
0.288119409539951798482348976904
0.289390056481377166974766623753
0.290660703418399724018428287309
0.291931350350852381048127881513
0.293201997278565607008005144962
0.294472644201367039773487022103
0.295743291119081819218195050780
0.297013938031531810057828124627
0.298284584938536045939372343128
0.299555231839910396374193624069
0.300825878735467400204584009771
0.302096525625016099070307973307
0.303367172508362092919753649767
0.304637819385307151431874217451
0.305908466255649325038490360384
0.307179113119182556346231649513
0.308449759975696624625385311447
0.309720406824976923765291303425
0.310991053666804406763191082064
0.312261700500955419190773909577
0.313532347327201310616118234975
0.314802994145308323581389231549
0.316073640955037593602838796869
0.317344287756144760592746933980
0.318614934548379691303665595115
0.319885581331486479328418681689
0.321156228105202889988589731729
0.322426874869260582379126844899
0.323697521623384332212225444891
0.324968168367292253861933204462
0.326238815100695023208032807815
0.327509461823296210702949338156
0.328780108534791448704481808818
0.330050755234868320453500700751
0.331321401923206082518191806230
0.332592048599475276215997610052
0.333862695263337394546709901988
0.335133341914444604636713620494
0.336403988552438970582869615100
0.337674635176952619985968340188
0.338945281787607133328066311151
0.340215928384012600282915173011
0.341486574965767952782869087969
0.342757221532459965818162572759
0.344027868083663035392305573623
0.345298514618938234832512534922
0.346569161137833314789702399139
0.347839807639881704037776444238
0.349110454124601898850954739828
0.350381100591497296470322453388
0.351651747040054807325049068822
0.352922393469744799521237155204
0.354193039880019822085444047843
0.355463686270314160875471998224
0.356734332640043005913099705140
0.358004978988601285649906458275
0.359275625315363000833457363115
0.360546271619680391840034872075
0.361816917900882273340101846770
0.363087564158273812253696632979
0.364358210391134806904744891654
0.365628856598718743331488667536
0.366899502780251185463100682682
0.368170148934928942452415867592
0.369440795061918181296789498447
0.370711441160353150081618878176
0.371982087229334734690411323754
0.373252733267928182847583684634
0.374523379275161938384286486325
0.375794025250025476303505911346
0.377064671191467359889770705195
0.378335317098392853729649232264
0.379605962969661758776851456787
0.380876608804086080883877230008
0.382147254600427643822513346095
0.383417900357394592081305972897
0.384688546073639281441813864149
0.385959191747754670753778327708
0.387229837378270991266049350088
0.388500482963652249424058027216
0.389771128502292674156137763930
0.391041773992511942914518385805
0.392312419432551573450496107398
0.393583064820569539232764100234
0.394853710154635939577616454699
0.396124355432726726888859047904
0.397395000652718710654198730481
0.398665645812382951618246806902
0.399936290909377878399766359507
0.401206935941242404108919572536
0.402477580905387877230339199741
0.403748225799089754950443875714
0.405018870619478277284031264571
0.406289515363529252223173671155
0.407560160028052453906610708145
0.408830804609681075501015357077
0.410101449104858295502396003940
0.411372093509824454660162018627
0.412642737820601901432837621542
0.413913382032978616198448662544
0.415184026142491335864548318568
0.416454670144406069454134922125
0.417725314033696837334730389557
0.418995957805023411246736486646
0.420266601452706001218473375047
0.421537244970697499990563983374
0.422807888352553784550025284261
0.424078531591399743305714764574
0.425349174679893582418088726627
0.426619817610185247946930076068
0.427890460373873016131085478264
0.429161102961952423129332601093
0.430431745364762530225988257371
0.431702387571924361964192939922
0.432973029572272738452198836967
0.434243671353780558153090396445
0.435514312903473532756493113993
0.436784954207335485154573007094
0.438055595250201157409009056209
0.439326236015635918086275069072
0.440596876485800093004030486554
0.441867516641295643431419648550
0.443138156460991583518449488110
0.444408795921826360597606253577
0.445679434998581591731436901682
0.446950073663625047082348373806
0.448220711886612610541646972706
0.449491349634149051084364145936
0.450761986869393282972851011436
0.452032623551602563694018499518
0.453303259635601751842415296778
0.454573895071163303072125927429
0.455844529802280518104851125827
0.457115163766312393445190309649
0.458385796892969987759158811969
0.459656429103113495227006524146
0.460927060307312286280279067796
0.462197690404117844664710901270
0.463468319277972995440251224863
0.464738946796671603678419160133
0.466009572808248728748026223911
0.467280197137144970298550106236
0.468550819579443555973341517529
0.469821439896903614297229978547
0.471092057809421593805865313698
0.472362672985415621429439170242
0.473633285029429806911593914265
0.474903893465978776955438434015
0.476174497718228728615486033959
0.477445097079477409618419869730
0.478715690674436256113466470197
0.479986277405784644844999320412
0.481256855879020006838686640549
0.482527424294583340280695438196
0.483797980289334739190110212803
0.485068520697296556853927995689
0.486339041177277497940423245382
0.487609535612189171072117233052
0.488879995098327579938768394641
0.490150406156516560418623384976
0.491420747364408938562263529093
0.492690982507287655867145304001
0.493961045187561453850833004253
0.495230799269174903898260708957
0.496499915621637089024886790867
0.497767350746903203262405668283
0.499027344925566385125392798727
0.000000000000000000000000000000
0.001272264631043256875517211135
0.002544529262086513751034422270
0.003816793893129770409711198909
0.005089058524173027502068844541
0.006361323155216284594426490173
0.007633587786259540819422397817
0.008905852417302798779141781438
0.010178117048346055004137689082
0.011450381679389311229133596726
0.012722646310432569188852980346
0.013994910941475825413848887990
0.015267175572519081638844795634
0.016539440203562339598564179255
0.017811704834605597558283562876
0.019083969465648855518002946496
0.020356234096692110008275378163
0.021628498727735367967994761784
0.022900763358778622458267193451
0.024173027989821883887433529026
0.025445292620865138377705960693
0.026717557251908396337425344313
0.027989821882951650827697775981
0.029262086513994908787417159601
0.030534351145038163277689591268
0.031806615776081424706855926843
0.033078880407124679197128358510
0.034351145038167940626294694084
0.035623409669211195116567125751
0.036895674300254449606839557418
0.038167938931297711036005892993
0.039440203562340965526278324660
0.040712468193384220016550756327
0.041984732824427474506823187994
0.043256997455470735935989523568
0.044529262086513990426261955236
0.045801526717557244916534386903
0.047073791348600499406806818570
0.048346055979643767774867058051
0.049618320610687022265139489718
0.050890585241730276755411921386
0.052162849872773531245684353053
0.053435114503816792674850688627
0.054707379134860047165123120294
0.055979643765903301655395551961
0.057251908396946556145667983628
0.058524173027989817574834319203
0.059796437659033072065106750870
0.061068702290076326555379182537
0.062340966921119594923439422018
0.063613231552162849413711853686
0.064885496183206090026196477538
0.066157760814249358394256717020
0.067430025445292612884529148687
0.068702290076335881252589388168
0.069974554707379135742861819836
0.071246819338422390233134251503
0.072519083969465644723406683170
0.073791348600508899213679114837
0.075063613231552167581739354318
0.076335877862595422072011785986
0.077608142493638676562284217653
0.078880407124681931052556649320
0.080152671755725185542829080987
0.081424936386768440033101512654
0.082697201017811694523373944321
0.083969465648854949013646375988
0.085241730279898217381706615470
0.086513994910941471871979047137
0.087786259541984726362251478804
0.089058524173027980852523910471
0.090330788804071235342796342138
0.091603053435114489833068773805
0.092875318066157744323341205472
0.094147582697200998813613637139
0.095419847328244281059461684436
0.096692111959287535549734116103
0.097964376590330790040006547770
0.099236641221374044530278979437
0.100508905852417299020551411104
0.101781170483460553510823842771
0.103053435114503808001096274438
0.104325699745547062491368706105
0.105597964376590330859428945587
0.106870229007633585349701377254
0.108142493638676839839973808921
0.109414758269720094330246240588
0.110687022900763348820518672255
0.111959287531806603310791103922
0.113231552162849857801063535589
0.114503816793893112291335967257
0.115776081424936380659396206738
0.117048346055979635149668638405
0.118320610687022889639941070072
0.119592875318066144130213501739
0.120865139949109398620485933407
0.122137404580152653110758365074
0.123409669211195921478818604555
0.124681933842239189846878844037
0.125954198473282430459363467889
0.127226463104325698827423707371
0.128498727735368939439908331224
0.129770992366412180052392955076
0.131043256997455448420453194558
0.132315521628498716788513434039
0.133587786259541957400998057892
0.134860050890585225769058297374
0.136132315521628494137118536855
0.137404580152671762505178776337
0.138676844783715003117663400189
0.139949109414758271485723639671
0.141221374045801539853783879153
0.142493638676844780466268503005
0.143765903307888048834328742487
0.145038167938931289446813366339
0.146310432569974557814873605821
0.147582697201017798427358229674
0.148854961832061066795418469155
0.150127226463104335163478708637
0.151399491094147575775963332489
0.152671755725190844144023571971
0.153944020356234084756508195824
0.155216284987277353124568435305
0.156488549618320593737053059158
0.157760814249363862105113298639
0.159033078880407102717597922492
0.160305343511450371085658161974
0.161577608142493639453718401455
0.162849872773536880066203025308
0.164122137404580148434263264789
0.165394402035623389046747888642
0.166666666666666657414808128124
0.167938931297709898027292751976
0.169211195928753166395352991458
0.170483460559796434763413230939
0.171755725190839675375897854792
0.173027989821882943743958094274
0.174300254452926184356442718126
0.175572519083969452724502957608
0.176844783715012693336987581461
0.178117048346055961705047820942
0.179389312977099202317532444795
0.180661577608142470685592684276
0.181933842239185739053652923758
0.183206106870228979666137547611
0.184478371501272248034197787092
0.185750636132315488646682410945
0.187022900763358757014742650426
0.188295165394401997627227274279
0.189567430025445265995287513761
0.190839694656488562118923368871
0.192111959287531802731407992724
0.193384223918575071099468232205
0.194656488549618311711952856058
0.195928753180661580080013095539
0.197201017811704820692497719392
0.198473282442748089060557958874
0.199745547073791357428618198355
0.201017811704834598041102822208
0.202290076335877866409163061689
0.203562340966921107021647685542
0.204834605597964375389707925024
0.206106870229007616002192548876
0.207379134860050884370252788358
0.208651399491094124982737412211
0.209923664122137393350797651692
0.211195928753180661718857891174
0.212468193384223902331342515026
0.213740458015267170699402754508
0.215012722646310411311887378361
0.216284987277353679679947617842
0.217557251908396920292432241695
0.218829516539440188660492481176
0.220101781170483457028552720658
0.221374045801526697641037344511
0.222646310432569966009097583992
0.223918575063613206621582207845
0.225190839694656474989642447326
0.226463104325699715602127071179
0.227735368956742983970187310661
0.229007633587786224582671934513
0.230279898218829492950732173995
0.231552162849872761318792413476
0.232824427480916001931277037329
0.234096692111959270299337276811
0.235368956743002510911821900663
0.236641221374045779279882140145
0.237913486005089019892366763997
0.239185750636132288260427003479
0.240458015267175556628487242961
0.241730279898218797240971866813
0.243002544529262065609032106295
0.244274809160305306221516730147
0.245547073791348602345152585258
0.246819338422391842957637209111
0.248091603053435111325697448592
0.249363867684478379693757688074
0.250636132315521620306242311926
0.251908396946564860918726935779
0.253180661577608157042362790889
0.254452926208651397654847414742
0.255725190839694638267332038595
0.256997455470737878879816662447
0.258269720101781175003452517558
0.259541984732824360104785910153
0.260814249363867656228421765263
0.262086513994910896840906389116
0.263358778625954192964542244226
0.264631043256997433577026868079
0.265903307888040674189511491932
0.267175572519083914801996115784
0.268447837150127210925631970895
0.269720101781170451538116594747
0.270992366412213747661752449858
0.272264631043256988274237073711
0.273536895674300228886721697563
0.274809160305343525010357552674
0.276081424936386765622842176526
0.277353689567430006235326800379
0.278625954198473246847811424232
0.279898218829516542971447279342
0.281170483460559783583931903195
0.282442748091603079707567758305
0.283715012722646264808901150900
0.284987277353689560932537006011
0.286259541984732801545021629863
0.287531806615776097668657484974
0.288804071246819282769990877568
0.290076335877862578893626732679
0.291348600508905819506111356532
0.292620865139949115629747211642
0.293893129770992356242231835495
0.295165394402035596854716459347
0.296437659033078837467201083200
0.297709923664122133590836938311
0.298982188295165374203321562163
0.300254452926208670326957417274
0.301526717557251855428290809868
0.302798982188295151551926664979
0.304071246819338392164411288832
0.305343511450381688288047143942
0.306615776081424873389380536537
0.307888040712468169513016391647
0.309160305343511410125501015500
0.310432569974554706249136870611
0.311704834605597946861621494463
0.312977099236641187474106118316
0.314249363867684428086590742168
0.315521628498727724210226597279
0.316793893129770964822711221132
0.318066157760814205435195844984
0.319338422391857446047680468837
0.320610687022900742171316323947
0.321882951653943982783800947800
0.323155216284987278907436802911
0.324427480916030464008770195505
0.325699745547073760132406050616
0.326972010178117056256041905726
0.328244274809160296868526529579
0.329516539440203592992162384689
0.330788804071246778093495777284
0.332061068702290074217131632395
0.333333333333333314829616256247
0.334605597964376610953252111358
0.335877862595419796054585503953
0.337150127226463092178221359063
0.338422391857506332790705982916
0.339694656488549628914341838026
0.340966921119592869526826461879
0.342239185750636110139311085732
0.343511450381679350751795709584
0.344783715012722646875431564695
0.346055979643765887487916188547
0.347328244274809128100400812400
0.348600508905852368712885436253
0.349872773536895664836521291363
0.351145038167938905449005915216
0.352417302798982201572641770326
0.353689567430025386673975162921
0.354961832061068682797611018032
0.356234096692111923410095641884
0.357506361323155219533731496995
0.358778625954198404635064889590
0.360050890585241700758700744700
0.361323155216284941371185368553
0.362595419847328237494821223663
0.363867684478371478107305847516
0.365139949109414718719790471368
0.366412213740457959332275095221
0.367684478371501255455910950332
0.368956743002544496068395574184
0.370229007633587792192031429295
0.371501272264630977293364821890
0.372773536895674273417000677000
0.374045801526717514029485300853
0.375318066157760810153121155963
0.376590330788803995254454548558
0.377862595419847291378090403668
0.379134860050890531990575027521
0.380407124681933828114210882632
0.381679389312977124237846737742
0.382951653944020309339180130337
0.384223918575063605462815985447
0.385496183206106846075300609300
0.386768447837150142198936464411
0.388040712468193327300269857005
0.389312977099236623423905712116
0.390585241730279864036390335968
0.391857506361323160160026191079
0.393129770992366400772510814932
0.394402035623409641384995438784
0.395674300254452881997480062637
0.396946564885496178121115917747
0.398218829516539418733600541600
0.399491094147582714857236396711
0.400763358778625899958569789305
0.402035623409669196082205644416
0.403307888040712436694690268268
0.404580152671755732818326123379
0.405852417302798917919659515974
0.407124681933842214043295371084
0.408396946564885454655779994937
0.409669211195928750779415850047
0.410941475826971991391900473900
0.412213740458015232004385097753
0.413486005089058472616869721605
0.414758269720101768740505576716
0.416030534351145009352990200568
0.417302798982188249965474824421
0.418575063613231490577959448274
0.419847328244274786701595303384
0.421119592875318027314079927237
0.422391857506361323437715782347
0.423664122137404508539049174942
0.424936386768447804662685030053
0.426208651399491045275169653905
0.427480916030534341398805509016
0.428753180661577526500138901611
0.430025445292620822623774756721
0.431297709923664063236259380574
0.432569974554707359359895235684
0.433842239185750599972379859537
0.435114503816793840584864483390
0.436386768447837136708500338500
0.437659033078880377320984962353
0.438931297709923673444620817463
0.440203562340966914057105441316
0.441475826972010154669590065168
0.442748091603053395282074689021
0.444020356234096691405710544132
0.445292620865139932018195167984
0.446564885496183172630679791837
0.447837150127226413243164415690
0.449109414758269709366800270800
0.450381679389312949979284894653
0.451653944020356246102920749763
0.452926208651399431204254142358
0.454198473282442727327889997468
0.455470737913485967940374621321
0.456743002544529264064010476432
0.458015267175572449165343869026
0.459287531806615745288979724137
0.460559796437658985901464347990
0.461832061068702282025100203100
0.463104325699745522637584826953
0.464376590330788763250069450805
0.465648854961832003862554074658
0.466921119592875299986189929768
0.468193384223918540598674553621
0.469465648854961836722310408732
0.470737913486005021823643801326
0.472010178117048317947279656437
0.473282442748091558559764280290
0.474554707379134854683400135400
0.475826972010178039784733527995
0.477099236641221335908369383105
0.478371501272264576520854006958
0.479643765903307872644489862068
0.480916030534351113256974485921
0.482188295165394353869459109774
0.483460559796437594481943733626
0.484732824427480890605579588737
0.486005089058524131218064212590
0.487277353689567371830548836442
0.488549618320610612443033460295
0.489821882951653908566669315405
0.491094147582697204690305170516
0.492366412213740445302789794368
0.493638676844783685915274418221
0.494910941475826926527759042074
0.496183206106870222651394897184
0.497455470737913463263879521037
0.498727735368956759387515376147
0.499999999999999944488848768742
0.501272264631043240612484623853
0.502544529262086481224969247705
0.503816793893129721837453871558
0.505089058524172962449938495411
0.506361323155216314084725581779
0.507633587786259443674907743116
0.508905852417302795309694829484
0.510178117048346035922179453337
0.511450381679389276534664077190
0.512722646310432517147148701042
0.513994910941475757759633324895
0.515267175572519109394420411263
0.516539440203562350006905035116
0.517811704834605590619389658968
0.519083969465648720209571820305
0.520356234096692071844358906674
0.521628498727735312456843530526
0.522900763358778553069328154379
0.524173027989821793681812778232
0.525445292620865145316599864600
0.526717557251908385929084488453
0.527989821882951626541569112305
0.529262086513994867154053736158
0.530534351145038218788840822526
0.531806615776081348379022983863
0.533078880407124588991507607716
0.534351145038167829603992231569
0.535623409669211181238779317937
0.536895674300254421851263941790
0.538167938931297662463748565642
0.539440203562340903076233189495
0.540712468193384254711020275863
0.541984732824427495323504899716
0.543256997455470624913687061053
0.544529262086513976548474147421
0.545801526717557217160958771274
0.547073791348600457773443395126
0.548346055979643698385928018979
0.549618320610687050020715105347
0.550890585241730290633199729200
0.552162849872773531245684353053
0.553435114503816771858168976905
0.554707379134860012470653600758
0.555979643765903253083138224611
0.557251908396946493695622848463
0.558524173027989734308107472316
0.559796437659033085942894558684
0.561068702290076326555379182537
0.562340966921119567167863806390
0.563613231552162807780348430242
0.564885496183206159415135516610
0.566157760814249289005317677947
0.567430025445292529617802301800
0.568702290076335770230286925653
0.569974554707379121865074012021
0.571246819338422362477558635874
0.572519083969465603090043259726
0.573791348600508843702527883579
0.575063613231552195337314969947
0.576335877862595435949799593800
0.577608142493638565539981755137
0.578880407124681806152466378990
0.580152671755725157787253465358
0.581424936386768398399738089211
0.582697201017811639012222713063
0.583969465648854879624707336916
0.585241730279898231259494423284
0.586513994910941471871979047137
0.587786259541984712484463670989
0.589058524173027842074645832326
0.590330788804071193709432918695
0.591603053435114434321917542547
0.592875318066157674934402166400
0.594147582697200915546886790253
0.595419847328244267181673876621
0.596692111959287507794158500474
0.597964376590330748406643124326
0.599236641221374100041430210695
0.600508905852417340653914834547
0.601781170483460470244096995884
0.603053435114503710856581619737
0.604325699745547062491368706105
0.605597964376590303103853329958
0.606870229007633543716337953811
0.608142493638676784328822577663
0.609414758269720135963609664032
0.610687022900763376576094287884
0.611959287531806617188578911737
0.613231552162849746778761073074
0.614503816793893098413548159442
0.615776081424936339026032783295
0.617048346055979579638517407147
0.618320610687022820251002031000
0.619592875318066171885789117368
0.620865139949109412498273741221
0.622137404580152653110758365074
0.623409669211195893723242988926
0.624681933842239134335727612779
0.625954198473282374948212236632
0.627226463104325615560696860484
0.628498727735368856173181484337
0.629770992366412207807968570705
0.631043256997455448420453194558
0.632315521628498689032937818411
0.633587786259541929645422442263
0.634860050890585281280209528632
0.636132315521628410870391689969
0.637404580152671651482876313821
0.638676844783714892095360937674
0.639949109414758243730148024042
0.641221374045801484342632647895
0.642493638676844724955117271747
0.643765903307887965567601895600
0.645038167938931317202388981968
0.646310432569974557814873605821
0.647582697201017687405055767158
0.648854961832060928017540391011
0.650127226463104279652327477379
0.651399491094147520264812101232
0.652671755725190760877296725084
0.653944020356234112512083811453
0.655216284987277353124568435305
0.656488549618320593737053059158
0.657760814249363834349537683011
0.659033078880407185984324769379
0.660305343511450315574506930716
0.661577608142493556186991554569
0.662849872773536796799476178421
0.664122137404580148434263264789
0.665394402035623389046747888642
0.666666666666666629659232512495
0.667938931297709870271717136347
0.669211195928753221906504222716
0.670483460559796462518988846568
0.671755725190839592109171007905
0.673027989821882832721655631758
0.674300254452926184356442718126
0.675572519083969424968927341979
0.676844783715012665581411965832
0.678117048346055906193896589684
0.679389312977099257828683676053
0.680661577608142498441168299905
0.681933842239185739053652923758
0.683206106870228868643835085095
0.684478371501272220278622171463
0.685750636132315460891106795316
0.687022900763358701503591419169
0.688295165394401942116076043021
0.689567430025445293750863129389
0.690839694656488534363347753242
0.692111959287531774975832377095
0.693384223918575015588317000947
0.694656488549618256200801624800
0.695928753180661496813286248653
0.697201017811704737425770872505
0.698473282442747978038255496358
0.699745547073791329673042582726
0.701017811704834570285527206579
0.702290076335877810898011830432
0.703562340966921051510496454284
0.704834605597964403145283540653
0.706106870229007532735465701990
0.707379134860050773347950325842
0.708651399491094124982737412211
0.709923664122137365595222036063
0.711195928753180606207706659916
0.712468193384223846820191283769
0.713740458015267198454978370137
0.715012722646310439067462993989
0.716284987277353679679947617842
0.717557251908396809270129779179
0.718829516539440160904916865547
0.720101781170483401517401489400
0.721374045801526642129886113253
0.722646310432569882742370737105
0.723918575063613234377157823474
0.725190839694656474989642447326
0.726463104325699715602127071179
0.727735368956742956214611695032
0.729007633587786307849398781400
0.730279898218829437439580942737
0.731552162849872678052065566590
0.732824427480915918664550190442
0.734096692111959270299337276811
0.735368956743002510911821900663
0.736641221374045751524306524516
0.737913486005088992136791148369
0.739185750636132343771578234737
0.740458015267175584384062858589
0.741730279898218713974245019926
0.743002544529261954586729643779
0.744274809160305306221516730147
0.745547073791348546834001354000
0.746819338422391787446485977853
0.748091603053435028058970601705
0.749363867684478379693757688074
0.750636132315521620306242311926
0.751908396946564860918726935779
0.753180661577607990508909097116
0.754452926208651342143696183484
0.755725190839694582756180807337
0.756997455470737823368665431190
0.758269720101781063981150055042
0.759541984732824415615937141411
0.760814249363867656228421765263
0.762086513994910896840906389116
0.763358778625954248475693475484
0.764631043256997378065875636821
0.765903307888040618678360260674
0.767175572519083859290844884526
0.768447837150127210925631970895
0.769720101781170451538116594747
0.770992366412213692150601218600
0.772264631043256932763085842453
0.773536895674300284397872928821
0.774809160305343525010357552674
0.776081424936386654600539714011
0.777353689567429895213024337863
0.778625954198473246847811424232
0.779898218829516487460296048084
0.781170483460559728072780671937
0.782442748091602968685265295790
0.783715012722646320320052382158
0.784987277353689560932537006011
0.786259541984732801545021629863
0.787531806615775931135203791200
0.788804071246819282769990877568
0.790076335877862523382475501421
0.791348600508905763994960125274
0.792620865139949004607444749126
0.793893129770992356242231835495
0.795165394402035596854716459347
0.796437659033078837467201083200
0.797709923664122078079685707053
0.798982188295165429714472793421
0.800254452926208559304654954758
0.801526717557251799917139578611
0.802798982188295040529624202463
0.804071246819338392164411288832
0.805343511450381632776895912684
0.806615776081424873389380536537
0.807888040712468114001865160390
0.809160305343511465636652246758
0.810432569974554706249136870611
0.811704834605597835839319031948
0.812977099236641076451803655800
0.814249363867684428086590742168
0.815521628498727668699075366021
0.816793893129770909311559989874
0.818066157760814260946347076242
0.819338422391857501558831700095
0.820610687022900742171316323947
0.821882951653943982783800947800
0.823155216284987223396285571653
0.824427480916030464008770195505
0.825699745547073704621254819358
0.826972010178116945233739443211
0.828244274809160296868526529579
0.829516539440203537481011153432
0.830788804071246778093495777284
0.832061068702290018705980401137
0.833333333333333370340767487505
0.834605597964376499930949648842
0.835877862595419740543434272695
0.837150127226462981155918896548
0.838422391857506332790705982916
0.839694656488549573403190606768
0.840966921119592814015675230621
0.842239185750636054628159854474
0.843511450381679406262946940842
0.844783715012722646875431564695
0.846055979643765776465613726032
0.847328244274809017078098349884
0.848600508905852368712885436253
0.849872773536895609325370060105
0.851145038167938849937854683958
0.852417302798982090550339307811
0.853689567430025442185126394179
0.854961832061068682797611018032
0.856234096692111923410095641884
0.857506361323155053000277803221
0.858778625954198404635064889590
0.860050890585241645247549513442
0.861323155216284885860034137295
0.862595419847328126472518761148
0.863867684478371478107305847516
0.865139949109414718719790471368
0.866412213740457959332275095221
0.867684478371501199944759719074
0.868956743002544551579546805442
0.870229007633587681169728966779
0.871501272264630921782213590632
0.872773536895674273417000677000
0.874045801526717514029485300853
0.875318066157760754641969924705
0.876590330788803995254454548558
0.877862595419847346889241634926
0.879134860050890587501726258779
0.880407124681933828114210882632
0.881679389312976957704393043969
0.882951653944020309339180130337
0.884223918575063549951664754190
0.885496183206106790564149378042
0.886768447837150031176634001895
0.888040712468193382811421088263
0.889312977099236623423905712116
0.890585241730279864036390335968
0.891857506361323104648874959821
0.893129770992366345261359583674
0.894402035623409585873844207526
0.895674300254452826486328831379
0.896946564885496067098813455232
0.898218829516539418733600541600
0.899491094147582659346085165453
0.900763358778625899958569789305
0.902035623409669140571054413158
0.903307888040712492205841499526
0.904580152671755621796023660863
0.905852417302798862408508284716
0.907124681933842103020992908569
0.908396946564885454655779994937
0.909669211195928695268264618790
0.910941475826971935880749242642
0.912213740458015176493233866495
0.913486005089058528128020952863
0.914758269720101768740505576716
0.916030534351144898330687738053
0.917302798982188138943172361905
0.918575063613231490577959448274
0.919847328244274731190444072126
0.921119592875317971802928695979
0.922391857506361212415413319832
0.923664122137404564050200406200
0.924936386768447804662685030053
0.926208651399491045275169653905
0.927480916030534396909956740274
0.928753180661577526500138901611
0.930025445292620767112623525463
0.931297709923664007725108149316
0.932569974554707359359895235684
0.933842239185750599972379859537
0.935114503816793840584864483390
0.936386768447837081197349107242
0.937659033078880432832136193610
0.938931297709923673444620817463
0.940203562340966803034802978800
0.941475826972010043647287602653
0.942748091603053395282074689021
0.944020356234096635894559312874
0.945292620865139876507043936726
0.946564885496183117119528560579
0.947837150127226468754315646947
0.949109414758269709366800270800
0.950381679389312949979284894653
0.951653944020356079569467055990
0.952926208651399431204254142358
0.954198473282442671816738766211
0.955470737913485912429223390063
0.956743002544529153041708013916
0.958015267175572504676495100284
0.959287531806615745288979724137
0.960559796437658985901464347990
0.961832061068702226513948971842
0.963104325699745467126433595695
0.964376590330788707738918219547
0.965648854961831948351402843400
0.966921119592875188963887467253
0.968193384223918540598674553621
0.969465648854961781211159177474
0.970737913486005021823643801326
0.972010178117048262436128425179
0.973282442748091614070915511547
0.974554707379134743661097672884
0.975826972010177984273582296737
0.977099236641221224886066920590
0.978371501272264576520854006958
0.979643765903307817133338630811
0.980916030534351057745823254663
0.982188295165394409380610341032
0.983460559796437649993094964884
0.984732824427480890605579588737
0.986005089058524020195761750074
0.987277353689567371830548836442
0.988549618320610612443033460295
0.989821882951653853055518084147
0.991094147582697093668002708000
0.992366412213740445302789794368
0.993638676844783685915274418221
0.994910941475826926527759042074
0.996183206106870167140243665926
0.997455470737913518775030752295
0.998727735368956648365212913632
0.000047924330633341815093191596
0.000111555754873131774806277461
0.000175274295461633514928850852
0.000238989848606094626697754491
0.000302691811898728050170270798
0.000366374974006301379943900676
0.000430034970644190656877819956
0.000493667640417076725167788709
0.000557268885675597401216374571
0.000620834633538235773977942422
0.000684360822895859377719418593
0.000747843399546835709348902022
0.000811278314257485614821585607
0.000874661521995356437859936438
0.000937988981676290446698462944
0.001001256656151668653423336686
0.001064460512316590121498216526
0.001127596521280533952910629658
0.001190660658572517552680758435
0.001253648904365777796629521923
0.001316557243713866462778150357
0.001379381666793301616444344937
0.001442118169150296029187852120
0.001504762751950442000239971385
0.001567311422229220171584151977
0.001629760193143504507992669339
0.001692105084223987764707741732
0.001754342121627068323483356060
0.001816467338387428315932270451
0.001878476774669682585611196757
0.001940366478020402133536359557
0.002002132503619606738315406247
0.002063770914531738893960000070
0.002125277781956384694911355027
0.002186649185478525478365519064
0.002247881213318187951233362298
0.002308969962579729591489741125
0.002369911539500425823323581653
0.002430702059698620909333754980
0.002491337648421283832572692418
0.002551814440790803936026653886
0.002612128582051343340247884228
0.002672276227814792976672508829
0.002732253544305100149275356003
0.002792056708603536750029627811
0.002851681908891399216260387206
0.002911125344693552430969107903
0.002970383227120621839889569316
0.003029451779110248817866724025
0.003088327235667979141220396144
0.003147005844107074630511267088
0.003205483864288041599699408124
0.003263757568856673514645638789
0.003321823243481741502747262018
0.003379677187091821837644500803
0.003437315712111001925199715856
0.003494735144694227635397965059
0.003551931824961076372693113967
0.003608902107229458589010562264
0.003665642360247641385467831654
0.003722148967425769911648858468
0.003778418327066695742849633533
0.003834446852594922648671538212
0.003890230972785960455312403994
0.003945767131993360016251060074
0.004001051790375655808906785182
0.004056081424121771999979912948
0.004110852525675961002815661516
0.004165361603960979555716370726
0.004219605184600955585794146430
0.004273579810142483920154532484
0.004327282040275394134343223129
0.004380708452051759391188134884
0.004433855640104085622799079403
0.004486720216862613401509474187
0.004539298812770905904023788224
0.004591588076500747322983286836
0.004643584675165963147891456941
0.004695285294534485773243481788
0.004746686639239895352804232687
0.004797785432991397668034405655
0.004848578418782459320546252002
0.004899062359098778525468009803
0.004949234036124196788042350903
0.004999090251946242818847920830
0.005048627828759661567703531659
0.005097843609069012578427493310
0.005146734455889969035713438217
0.005195297252949405107658176206
0.005243528904883777187750926174
0.005291426337436566651462044319
0.005338986497654137075574709570
0.005386206354080508990067599484
0.005433082896950338323838192167
0.005479613138381063050519337310
0.005525794112562903113994305926
0.005571622875948349477848164923
0.005617096507439533342731508014
0.005662212108574582285214216171
0.005706966803712116773072970943
0.005751357740214725795813155429
0.005795382088630812722485075028
0.005839037042874913735479580623
0.005882319820406388226341487524
0.005925227662407013713707915059
0.005967757833956717668233427077
0.006009907624208012631716879781
0.006051674346558432067422206302
0.006093055338822277525179238467
0.006134047963399956275576396791
0.006174649607446168822488807848
0.006214857683036562920053658132
0.006254669627332537507058418669
0.006294082902744696159103021671
0.006333094997094494693623545345
0.006371703423774544364222016668
0.006409905721906842927804159871
0.006447699456499960540822868893
0.006485082218603851686444805580
0.006522051625463790198999891601
0.006558605320671967615908659610
0.006594740974317822579386927373
0.006630456283136481124285133149
0.006665748970655676480800977401
0.006700616787340640118086909638
0.006735057510737734245975794067
0.006769068945615895095679892535
0.006802648924106761280095057032
0.006835795305842643290739069073
0.006868505978093093940206603776
0.006900778855899449178157301077
0.006932611882207995873672601306
0.006964003028000632922189794272
0.006994950292424658919165914028
0.007025451702920059229851013072
0.007055505315345190174569633967
0.007085109214100874207298286223
0.007114261512252411691348275014
0.007142960351649823257103033569
0.007171203903046293251510867606
0.007198990366214862851590439163
0.007226317970063096153554571544
0.007253184972745908322411256819
0.007279589661776660752812162514
0.007305530354136389667440987239
0.007331005396380874984674225203
0.007356013164746332683163743127
0.007380552065252548449292291366
0.007404620533804817834877542992
0.007428217036293338973451660934
0.007451340068691312927551262391
0.007473988157150438481346466091
0.007496159858095258546328842897
0.007517853758314845501187217991
0.007539068475052983393791539157
0.007559802656096467968205310228
0.007580054979860980680916870966
0.007599824155475633918888078711
0.007619108922865009542180203539
0.007637908052829585868470640975
0.007656220347124212226297412798
0.007674044638534178314204226012
0.007691379790949892311657798416
0.007708224699439114764587532846
0.007724578290317542748899537486
0.007740439521217115474704950628
0.007755807381152527053835843418
0.007770680890585537903270108018
0.007785059101487665916829783441
0.007798941097400324991284481513
0.007812325993493529803501917996
0.007825212936621927378721963464
0.007837601105379628230185318216
0.007849489710152101479279096452
0.007860877993166913782485671902
0.007871765228541622444469183506
0.007882150722330489786560114851
0.007892033812568373385420983368
0.007901413869312987406368087306
0.007910290294685188086654115125
0.007918662522906934689292945961
0.007926530020337456752810290084
0.007933892285507206099115506959
0.007940748849149774010736102525
0.007947099274231952253932931285
0.007952943155981424469547214073
0.007958280121912726309818530979
0.007963109831850825534593774080
0.007967431977952904934014988214
0.007971246284728034092736947969
0.007974552509054537441368637474
0.007977350440195606767757041666
0.007979639899812911857379660319
0.007981420741977577823500489274
0.007982692853179840578037307353
0.007983456152336095013044570123
0.007983710590794083558630056530
0.007983456152336079400533286332
0.007982692853179840578037307353
0.007981420741977577823500489274
0.007979639899812911857379660319
0.007977350440195606767757041666
0.007974552509054537441368637474
0.007971246284728034092736947969
0.007967431977952904934014988214
0.007963109831850825534593774080
0.007958280121912726309818530979
0.007952943155981424469547214073
0.007947099274231952253932931285
0.007940748849149774010736102525
0.007933892285507206099115506959
0.007926530020337456752810290084
0.007918662522906934689292945961
0.007910290294685188086654115125
0.007901413869312987406368087306
0.007892033812568373385420983368
0.007882150722330489786560114851
0.007871765228541622444469183506
0.007860877993166913782485671902
0.007849489710152101479279096452
0.007837601105379628230185318216
0.007825212936621927378721963464
0.007812325993493529803501917996
0.007798941097400324991284481513
0.007785059101487665916829783441
0.007770680890585537903270108018
0.007755807381152527053835843418
0.007740439521217115474704950628
0.007724578290317542748899537486
0.007708224699439114764587532846
0.007691379790949892311657798416
0.007674044638534178314204226012
0.007656220347124212226297412798
0.007637908052829585868470640975
0.007619108922865009542180203539
0.007599824155475633918888078711
0.007580054979860980680916870966
0.007559802656096467968205310228
0.007539068475052983393791539157
0.007517853758314845501187217991
0.007496159858095258546328842897
0.007473988157150438481346466091
0.007451340068691312927551262391
0.007428217036293338973451660934
0.007404620533804817834877542992
0.007380552065252548449292291366
0.007356013164746332683163743127
0.007331005396380874984674225203
0.007305530354136389667440987239
0.007279589661776660752812162514
0.007253184972745908322411256819
0.007226317970063096153554571544
0.007198990366214862851590439163
0.007171203903046293251510867606
0.007142960351649823257103033569
0.007114261512252411691348275014
0.007085109214100874207298286223
0.007055505315345190174569633967
0.007025451702920059229851013072
0.006994950292424658919165914028
0.006964003028000632922189794272
0.006932611882207995873672601306
0.006900778855899449178157301077
0.006868505978093093940206603776
0.006835795305842643290739069073
0.006802648924106761280095057032
0.006769068945615895095679892535
0.006735057510737734245975794067
0.006700616787340640118086909638
0.006665748970655676480800977401
0.006630456283136481124285133149
0.006594740974317822579386927373
0.006558605320671967615908659610
0.006522051625463790198999891601
0.006485082218603851686444805580
0.006447699456499960540822868893
0.006409905721906842927804159871
0.006371703423774544364222016668
0.006333094997094494693623545345
0.006294082902744696159103021671
0.006254669627332537507058418669
0.006214857683036562920053658132
0.006174649607446168822488807848
0.006134047963399956275576396791
0.006093055338822277525179238467
0.006051674346558432067422206302
0.006009907624208012631716879781
0.005967757833956717668233427077
0.005925227662407013713707915059
0.005882319820406388226341487524
0.005839037042874913735479580623
0.005795382088630812722485075028
0.005751357740214725795813155429
0.005706966803712116773072970943
0.005662212108574582285214216171
0.005617096507439533342731508014
0.005571622875948349477848164923
0.005525794112562903113994305926
0.005479613138381063050519337310
0.005433082896950338323838192167
0.005386206354080508990067599484
0.005338986497654137075574709570
0.005291426337436566651462044319
0.005243528904883777187750926174
0.005195297252949405107658176206
0.005146734455889969035713438217
0.005097843609069012578427493310
0.005048627828759661567703531659
0.004999090251946242818847920830
0.004949234036124196788042350903
0.004899062359098778525468009803
0.004848578418782459320546252002
0.004797785432991397668034405655
0.004746686639239895352804232687
0.004695285294534485773243481788
0.004643584675165963147891456941
0.004591588076500747322983286836
0.004539298812770905904023788224
0.004486720216862613401509474187
0.004433855640104085622799079403
0.004380708452051759391188134884
0.004327282040275394134343223129
0.004273579810142483920154532484
0.004219605184600955585794146430
0.004165361603960979555716370726
0.004110852525675961002815661516
0.004056081424121771999979912948
0.004001051790375655808906785182
0.003945767131993360016251060074
0.003890230972785960455312403994
0.003834446852594922648671538212
0.003778418327066695742849633533
0.003722148967425769911648858468
0.003665642360247641385467831654
0.003608902107229458589010562264
0.003551931824961076372693113967
0.003494735144694227635397965059
0.003437315712111001925199715856
0.003379677187091821837644500803
0.003321823243481741502747262018
0.003263757568856673514645638789
0.003205483864288041599699408124
0.003147005844107074630511267088
0.003088327235667979141220396144
0.003029451779110248817866724025
0.002970383227120621839889569316
0.002911125344693552430969107903
0.002851681908891399216260387206
0.002792056708603536750029627811
0.002732253544305100149275356003
0.002672276227814792976672508829
0.002612128582051343340247884228
0.002551814440790803936026653886
0.002491337648421283832572692418
0.002430702059698620909333754980
0.002369911539500425823323581653
0.002308969962579729591489741125
0.002247881213318187951233362298
0.002186649185478525478365519064
0.002125277781956384694911355027
0.002063770914531738893960000070
0.002002132503619606738315406247
0.001940366478020402133536359557
0.001878476774669682585611196757
0.001816467338387428315932270451
0.001754342121627068323483356060
0.001692105084223987764707741732
0.001629760193143504507992669339
0.001567311422229220171584151977
0.001504762751950442000239971385
0.001442118169150296029187852120
0.001379381666793301616444344937
0.001316557243713866462778150357
0.001253648904365777796629521923
0.001190660658572517552680758435
0.001127596521280533952910629658
0.001064460512316590121498216526
0.001001256656151668653423336686
0.000937988981676290446698462944
0.000874661521995356437859936438
0.000811278314257485614821585607
0.000747843399546835709348902022
0.000684360822895859377719418593
0.000620834633538235773977942422
0.000557268885675597401216374571
0.000493667640417076725167788709
0.000430034970644190656877819956
0.000366374974006301379943900676
0.000302691811898728050170270798
0.000238989848606094626697754491
0.000175274295461633514928850852
0.000111555754873131774806277461
0.000047924330633341815093191596
