0.069492610495920648094880789358
0.159501392151838616850767493816
0.250000000000000000000000000000
0.340498607848161438660383737442
0.430507389504079407416270441900
0.000000000000000000000000000000
0.100000000000000005551115123126
0.200000000000000011102230246252
0.299999999999999988897769753748
0.400000000000000022204460492503
0.500000000000000000000000000000
0.599999999999999977795539507497
0.700000000000000066613381477509
0.800000000000000044408920985006
0.900000000000000022204460492503
0.236926885056189112654934092461
0.478628670499366248858308381386
0.568888888888888888395456433500
0.478628670499366248858308381386
0.236926885056189112654934092461
