0.000934651476626619025049602651
0.002145415138476324066335587659
0.003363329014122032074168844318
0.004582858428024115700349927494
0.005803000653715475846972093876
0.007023439420500663180058076307
0.008244043911435220209349417075
0.009464750323218173652661810991
0.010685523856115047500181525209
0.011906343924793892294355934780
0.013127197576739422016367520030
0.014348076256134096109762232629
0.015568974084897609089228609491
0.016789886891458841167157345353
0.018010811633542875981328634793
0.019231746040344482179262897148
0.020452688382617077028635677038
0.021673637320345752466099753519
0.022894591799085921290934919625
0.024115550977749415639816987778
0.025336514177247783374813394630
0.026557480843286136729108903864
0.027778450518958833909133332440
0.028999422824262349740465083414
0.030220397440572015906878888813
0.031441374098729414632291678799
0.032662352569803827784244987242
0.033883332657846966518011555536
0.035104314194160601836358637229
0.036325297032718056877698131757
0.037546281046480597942682777557
0.038767266124407506744375950802
0.039988252169015012227326621996
0.041209239094368466105322568183
0.042430226824421178599688886379
0.043651215291632280979250424480
0.044872204435809297240478343838
0.046093194203135422204464788365
0.047314184545346957277978106049
0.048535175419035264665623685687
0.049756166785050896794739827556
0.050977158607993663941293505104
0.052198150855774332057546160968
0.053419143499236494687654186464
0.054640136511828245324817743267
0.055861129869318217056051167901
0.057082123549547669760784174287
0.058303117532212588025597455044
0.059524111798674235462858206347
0.060745106331791476339532209749
0.061966101115773539187436824704
0.063187096136048920280714469300
0.064408091379150836375266919731
0.065629086832613522939361416775
0.066850082484881223621187018580
0.068071078325226783145573961065
0.069292074343677997894097586595
0.070513070530953195214074469277
0.071734066878401683831079083120
0.072955063377951170910939993064
0.074176060022060300025437129534
0.075397056803675421843280446410
0.076618053716192194291245698423
0.077839050753419652961540009528
0.079060047909548847311356212231
0.080281045179123600163961782528
0.081502042557014042767349337737
0.082723040038392495199026654973
0.083944037618711636605794979005
0.085165035293684285266913036594
0.086386033059265024403039490153
0.087607030911633396175197674438
0.088828028847178400195794267802
0.090049026862484185529389435487
0.091270024954317408028003910658
0.092491023119614462766335805100
0.093712021355471186723207210889
0.094933019659131950840347258236
0.096154018027980667215892651711
0.097375016459531990586917515884
0.098596014951422811245507205058
0.099817013501405260633703164785
0.101038012107339689182872177753
0.102259010767187671908651225294
0.103480009479006693218217094454
0.104701008240944359872770519360
0.105922007051232794361261824179
0.107143005908184485441836386599
0.108364004810187056215831091777
0.109585003755699669780732108393
0.110806002743248713238166658357
0.112027001771424356002526678822
0.113248000838876719531533865393
0.114468999944313240546556187383
0.115689999086495243219019357639
0.116910998264235010957179383695
0.118131997476393801882466050301
0.119352996721878379382530965813
0.120573995999639499432376510413
0.121794995308669370959187006065
0.123015994647999518663006313091
0.124236994016699117682200892432
0.125457993413872787025198363153
0.126678992838659187913918913182
0.127899992290229219671360283428
0.129120991767784576431665755081
0.130341991270556234461253097834
0.131562990797803175402336250954
0.132783990348810831960690848064
0.134004989922890310749536979529
0.135225989519376865732880332871
0.136446989137628871269214414497
0.137667988777026906177525233943
0.138888988436972671269842294350
0.140109988116888128928394507966
0.141330987816214503904888033503
0.142551987534411644942267116676
0.143772987270956942307265080672
0.144993987025344828190043244831
0.146214986797086138325951765182
0.147435986585706835239051315511
0.148656986390748202531142396765
0.149877986211765512614135786862
0.151098986048327998954476925064
0.152319985900017773605696902450
0.153540985766429743941685615027
0.154761985647170696722696447978
0.155982985541859409117648738174
0.157203985450125316436498223993
0.158424985371609011730598126633
0.159645985305961024547372062443
0.160866985252842070730494583586
0.162087985211922080974744631021
0.163308985182880284092732381396
0.164529985165404679658962550093
0.165750985159191732698502619314
0.166971985163945957353348603647
0.168192985179379667082244509402
0.169413985205212808127228640842
0.170634985241172515424423750119
0.171855985286992890559432112241
0.173076985342414696456003753156
0.174297985407185246353733987235
0.175518985481057959718853567210
0.176739985563792389999804299805
0.177960985655153752782453580039
0.179181985754912842523367544345
0.180402985862845893771932992422
0.181623985978734192592298768432
0.182844986102364104318951376627
0.184065986233526601711929515659
0.185286986372017542512580234870
0.186507986517637031065319774825
0.187728986670189584851087261086
0.188949986829483718153710469778
0.190170986995332080837783905736
0.191391987167551097526185799325
0.192612987345960856577775643927
0.193833987530385082331818580315
0.195054987720650913063380471613
0.196275987916588734449874209531
0.197496988118032207326635329991
0.198717988324818073397892703724
0.199938988536785905436587995609
0.201159988753778246062253742821
0.202380988975640385696408429794
0.203601989202220168273527178826
0.204822989433368046752192981330
0.206043989668936861070491772807
0.207264989908781810390436817215
0.208485990152760453097968706970
0.209706990400732318224896744141
0.210927990652559210760230712367
0.212148990908104767560971026796
0.213369991167234734907864890374
0.214590991429816496660620828152
0.215811991695719268546937996689
0.217032991964814070406930568424
0.218253992236973337615069112871
0.219474992512071143124785521650
0.220695992789983030935019314711
0.221916993070585905067915177824
0.223137993353758085079974193832
0.224358993639379056261873301992
0.225579993927329636171918991749
0.226800994217491613813564299562
0.228021994509747971680013733931
0.229242994803982691465193965996
0.230463995100080670797026982655
0.231684995397927806504156933443
0.232905995697410717060193974248
0.234126995998416881361592345456
0.235347996300834499949772293803
0.236568996604552439499968841119
0.237789996909460149554504937441
0.239010997215447745789518307902
0.240231997522405732459205296436
0.241452997830225113418123328302
0.242673998138797419876766525704
0.243894998448014377334658320251
0.245115998757768072113805146728
0.246336999067950840336393980579
0.247557999378455295680367953537
0.248778999689174079579245812965
0.250000000000000000000000000000
0.251221000310825948176329802664
0.252442000621544759830783277721
0.253663000932049187419181635050
0.254884001242231983397346084530
0.256105001551985678176492911007
0.257326001861202580123233474296
0.258547002169774886581876671698
0.259768002477594295296370319193
0.260989002784552281966057307727
0.262210003090539878201070678188
0.263431003395447616011182390139
0.264652003699165527805803321826
0.265873004001583146393983270173
0.267094004302589338450957257010
0.268315004602072249006994297815
0.269536004899919356958548632974
0.270757005196017364045957265262
0.271978005490252083831137497327
0.273199005782508386186435700438
0.274420006072670419339232239508
0.275641006360620943738126698008
0.276862006646241942675601421797
0.278083006929414122687660437805
0.279304007210017024576131916547
0.280525007487928912386365709608
0.281746007763026717896082118386
0.282967008035185985104220662834
0.284188008304280703697486387682
0.285409008570183531094954787477
0.286630008832765292847710725255
0.287851009091895260194604588833
0.289072009347440816995344903262
0.290293009599267681775103255859
0.291514009847239574657606908659
0.292735010091218161853987567156
0.293956010331063166685083842822
0.295177010566631981003382634299
0.296398010797779887237624052432
0.297619011024359669814742801464
0.298840011246221781693321872808
0.300061011463214177830138851277
0.301282011675181982113258527534
0.302503011881967820428940285638
0.303724012083411321061277021727
0.304945012279349114692195144016
0.306166012469614945423757035314
0.307387012654039171177799971701
0.308608012832448930229389816304
0.309829013004667974673367325522
0.311050013170516337357440761480
0.312271013329810442904488354543
0.313492013482362941179104609546
0.314713013627982485242995380759
0.315934013766473398288070484341
0.317155013897635951192199854631
0.318376014021265807407701231568
0.319597014137154189494793854465
0.320818014245087157476632455655
0.322039014344846330484273266848
0.323260014436207721022498162711
0.324481014518942123547873279676
0.325702014592814781401841628394
0.326923014657585331299571862473
0.328144014713007137196143503388
0.329365014758827512331151865510
0.330586014794787219628346974787
0.331807014820620360673331106227
0.333028014836054042646651396353
0.334249014840808322812648611944
0.335470014834595320341037449907
0.336691014817119715907267618604
0.337912014788077974536406600237
0.339133014747157957025081032043
0.340354014694038975452627937557
0.341575014628391016024977488996
0.342796014549874683563501776007
0.344017014458140646393502493083
0.345238014352829303277303552022
0.346459014233570283813890000602
0.347680014099982281905454328808
0.348901013951672056556674306194
0.350122013788234487385864213138
0.351343013609251797468857603235
0.352564013414293164760948684489
0.353785013202913889429623850447
0.355006012974655227321107986427
0.356227012729043057692734919328
0.357448012465588438324459730211
0.358669012183785496095111966497
0.359890011883111871071605492034
0.361111011563027439752460168165
0.362332011222973149333625997315
0.363553010862371128730785585503
0.364774010480623134267119667129
0.365995010077109717006038636100
0.367216009651189168039309151936
0.368437009202196907864390595932
0.369658008729443821049898133424
0.370879008232215423568334244919
0.372100007709770808084215332201
0.373321007161340867597232318076
0.374542006586127240730377252476
0.375763005983300923951162531012
0.376984005352000495214781494724
0.378205004691330670674176417378
0.379426004000360472812047873958
0.380647003278121676128620265445
0.381868002523606253628685180956
0.383089001735765044553971847563
0.384310000913504812292131873619
0.385531000055686801086807236061
0.386751999161123294346253942422
0.387972998228575671753048936807
0.389193997256751300639621149458
0.390414996244300316341480083793
0.391635995189813013173107947296
0.392856994091815514558163613401
0.394077992948767219516525983636
0.395298991759055695638380711898
0.396519990520993292903995097731
0.397740989232812369724712198149
0.398961987892660296939340014433
0.400182986498594739366296835215
0.401403985048577216510068410571
0.402624983540467995535294676301
0.403845981972019374417470771732
0.405066980340868076915228357393
0.406287978644528868787944020369
0.407508976880385509478088579272
0.408729975045682591971996089342
0.409950973137515883859549603585
0.411171971152821669193144771270
0.412392969088366589947014517747
0.413613966940734989474748317662
0.414834964706315700855299155592
0.416055962381288335638629405366
0.417276959961607574189912384099
0.418497957442986012743801893521
0.419718954820876399836038217472
0.420939952090451152688643787769
0.422160949246580374794035606101
0.423381946283807875097693340649
0.424602943196324578156719553590
0.425823939977939713852350678280
0.427044936622048842966847814751
0.428265933121598330046708724694
0.429486929469046818663713338537
0.430707925656322043739265836848
0.431928921674773258487789462379
0.433149917515118776378812981420
0.434370913167386518694002006669
0.435591908620849233013672119341
0.436812903863951107474861146329
0.438033898884226502445926598739
0.439254893668208523660467790251
0.440475888201325826987186928818
0.441696882467787432791084256678
0.442917876450452385750367056971
0.444138870130681762127267120377
0.445359863488171747736288352826
0.446580856500763512251239717443
0.447801849144225716514711166383
0.449022841392006377692069918339
0.450243833214949151777517499795
0.451464824580964763089951929942
0.452685815454653028844234086137
0.453906805796864598612216923357
0.455127795564190751331778983513
0.456348784708367760654112998964
0.457569773175578842216992825342
0.458790760905631589405828663075
0.460011747830985029406036801447
0.461232733875592548766775280455
0.462453718953519388179529414629
0.463674702967281970877877483872
0.464895685805839453674792594029
0.466116667342153068176457964000
0.467337647430196234665800147923
0.468558625901270620062177840737
0.469779602559428022257037582676
0.471000577175737622503959300957
0.472221549481041169560313619513
0.473442519156713925720936231301
0.474663485822752251319656124906
0.475884449022250632932440339573
0.477105408200914127281322407725
0.478326362679654226717218534759
0.479547311617382954196386890544
0.480768253959655500473502343084
0.481989188366457155243693932789
0.483210113108541172710630462461
0.484431025915102397849665294416
0.485651923743865954197218570698
0.486872802423260642168401091112
0.488093656075206105970920589243
0.489314476143884957703988902722
0.490535249676781914818235463827
0.491755956088564816219843578438
0.492976560579499345493559303577
0.494196999346284582266264351347
0.495417141571975860880883146820
0.496636670985877992645640688352
0.497854584861523674632621805358
0.499065348523373419897808389578
0.000000000000000000000000000000
0.001222493887530562341886541944
0.002444987775061124683773083888
0.003667481662591687025659625832
0.004889975550122249367546167775
0.006112469437652812143113578713
0.007334963325183374051319251663
0.008557457212713937694248400589
0.009779951100244498735092335551
0.011002444987775061510659746489
0.012224938875305624286227157427
0.013447432762836185327071092388
0.014669926650366748102638503326
0.015892420537897310878205914264
0.017114914425427875388496801179
0.018337408312958436429340736140
0.019559902200488997470184671101
0.020782396088019558511028606063
0.022004889975550123021319492977
0.023227383863080687531610379892
0.024449877750611248572454314854
0.025672371638141809613298249815
0.026894865525672370654142184776
0.028117359413202931694986119737
0.029339853300733496205277006652
0.030562347188264060715567893567
0.031784841075794621756411828528
0.033007334963325189736149667397
0.034229828850855750776993602358
0.035452322738386311817837537319
0.036674816625916872858681472280
0.037897310513447433899525407242
0.039119804400977994940369342203
0.040342298288508555981213277164
0.041564792176039117022057212125
0.042787286063569678062901147086
0.044009779951100246042638985955
0.045232273838630807083482920916
0.046454767726161375063220759785
0.047677261613691936104064694746
0.048899755501222497144908629707
0.050122249388753058185752564668
0.051344743276283619226596499630
0.052567237163814180267440434591
0.053789731051344741308284369552
0.055012224938875302349128304513
0.056234718826405863389972239474
0.057457212713936431369710078343
0.058679706601466992410554013304
0.059902200488997560390291852173
0.061124694376528121431135787134
0.062347188264058675533085818188
0.063569682151589243512823657056
0.064792176039119797614773688110
0.066014669926650379472299334793
0.067237163814180933574249365847
0.068459657701711501553987204716
0.069682151589242055655937235770
0.070904645476772623635675074638
0.072127139364303177737625105692
0.073349633251833745717362944561
0.074572127139364299819312975615
0.075794621026894867799050814483
0.077017114914425435778788653352
0.078239608801955989880738684406
0.079462102689486557860476523274
0.080684596577017111962426554328
0.081907090464547679942164393196
0.083129584352078234044114424250
0.084352078239608802023852263119
0.085574572127139356125802294173
0.086797066014669924105540133041
0.088019559902200492085277971910
0.089242053789731046187228002964
0.090464547677261614166965841832
0.091687041564792182146703680701
0.092909535452322750126441519569
0.094132029339853304228391550623
0.095354523227383872208129389492
0.096577017114914426310079420546
0.097799511002444994289817259414
0.099022004889975548391767290468
0.100244498777506116371505129337
0.101466992665036684351242968205
0.102689486552567238453192999259
0.103911980440097806432930838128
0.105134474327628360534880869182
0.106356968215158928514618708050
0.107579462102689482616568739104
0.108801955990220050596306577972
0.110024449877750604698256609026
0.111246943765281172677994447895
0.112469437652811726779944478949
0.113691931540342294759682317817
0.114914425427872862739420156686
0.116136919315403416841370187740
0.117359413202933984821108026608
0.118581907090464552800845865477
0.119804400977995120780583704345
0.121026894865525674882533735399
0.122249388753056242862271574268
0.123471882640586783086433797507
0.124694376528117351066171636376
0.125916870415647919045909475244
0.127139364303178487025647314113
0.128361858190709027249809537352
0.129584352078239595229547376221
0.130806845965770190964860830718
0.132029339853300758944598669586
0.133251833740831299168760892826
0.134474327628361867148498731694
0.135696821515892435128236570563
0.136919315403423003107974409431
0.138141809290953543332136632671
0.139364303178484111311874471539
0.140586797066014679291612310408
0.141809290953545247271350149276
0.143031784841075815251087988145
0.144254278728606355475250211384
0.145476772616136923454988050253
0.146699266503667491434725889121
0.147921760391198059414463727990
0.149144254278728599638625951229
0.150366748166259167618363790098
0.151589242053789735598101628966
0.152811735941320303577839467835
0.154034229828850871557577306703
0.155256723716381411781739529943
0.156479217603911979761477368811
0.157701711491442547741215207679
0.158924205378973115720953046548
0.160146699266503655945115269787
0.161369193154034223924853108656
0.162591687041564791904590947524
0.163814180929095359884328786393
0.165036674816625927864066625261
0.166259168704156468088228848501
0.167481662591687036067966687369
0.168704156479217604047704526238
0.169926650366748172027442365106
0.171149144254278712251604588346
0.172371638141809280231342427214
0.173594132029339848211080266083
0.174816625916870416190818104951
0.176039119804400984170555943820
0.177261613691931524394718167059
0.178484107579462092374456005928
0.179706601466992660354193844796
0.180929095354523228333931683665
0.182151589242053768558093906904
0.183374083129584364293407361401
0.184596577017114932273145200270
0.185819070904645500252883039138
0.187041564792176040477045262378
0.188264058679706608456783101246
0.189486552567237176436520940115
0.190709046454767744416258778983
0.191931540342298312395996617852
0.193154034229828852620158841091
0.194376528117359420599896679960
0.195599022004889988579634518828
0.196821515892420556559372357697
0.198044009779951096783534580936
0.199266503667481664763272419805
0.200488997555012232743010258673
0.201711491442542800722748097542
0.202933985330073368702485936410
0.204156479217603908926648159650
0.205378973105134476906385998518
0.206601466992665044886123837387
0.207823960880195612865861676255
0.209046454767726153090023899495
0.210268948655256721069761738363
0.211491442542787289049499577231
0.212713936430317857029237416100
0.213936430317848425008975254968
0.215158924205378965233137478208
0.216381418092909533212875317076
0.217603911980440101192613155945
0.218826405867970669172350994813
0.220048899755501209396513218053
0.221271393643031777376251056921
0.222493887530562345355988895790
0.223716381418092913335726734658
0.224938875305623453559888957898
0.226161369193154021539626796766
0.227383863080684589519364635635
0.228606356968215157499102474503
0.229828850855745725478840313372
0.231051344743276265703002536611
0.232273838630806833682740375480
0.233496332518337401662478214348
0.234718826405867969642216053217
0.235941320293398537621953892085
0.237163814180929105601691730953
0.238386308068459673581429569822
0.239608801955990241561167408690
0.240831295843520809540905247559
0.242053789731051349765067470798
0.243276283618581917744805309667
0.244498777506112485724543148535
0.245721271393643053704280987404
0.246943765281173566172867595014
0.248166259168704161908181049512
0.249388753056234702132343272751
0.250611246943765297867656727249
0.251833740831295838091818950488
0.253056234718826433827132404986
0.254278728606356974051294628225
0.255501222493887514275456851465
0.256723716381418054499619074704
0.257946210268948650234932529202
0.259168704156479190459094752441
0.260391198044009786194408206939
0.261613691931540381929721661436
0.262836185819070922153883884675
0.264058679706601517889197339173
0.265281173594132058113359562412
0.266503667481662598337521785652
0.267726161369193138561684008891
0.268948655256723734296997463389
0.270171149144254274521159686628
0.271393643031784870256473141126
0.272616136919315410480635364365
0.273838630806846006215948818863
0.275061124694376546440111042102
0.276283618581907086664273265342
0.277506112469437626888435488581
0.278728606356968222623748943079
0.279951100244498762847911166318
0.281173594132029358583224620816
0.282396088019559898807386844055
0.283618581907090494542700298553
0.284841075794621034766862521792
0.286063569682151630502175976289
0.287286063569682115215186968271
0.288508557457212710950500422769
0.289731051344743251174662646008
0.290953545232273846909976100505
0.292176039119804387134138323745
0.293398533007334982869451778242
0.294621026894865523093614001482
0.295843520782396118828927455979
0.297066014669926659053089679219
0.298288508557457199277251902458
0.299511002444987739501414125698
0.300733496332518335236727580195
0.301955990220048875460889803435
0.303178484107579471196203257932
0.304400977995110011420365481172
0.305623471882640607155678935669
0.306845965770171147379841158909
0.308068459657701743115154613406
0.309290953545232227828165605388
0.310513447432762823563479059885
0.311735941320293363787641283125
0.312958435207823959522954737622
0.314180929095354555258268192119
0.315403422982885095482430415359
0.316625916870415691217743869856
0.317848410757946231441906093096
0.319070904645476827177219547593
0.320293398533007311890230539575
0.321515892420537907625543994072
0.322738386308068447849706217312
0.323960880195599043585019671809
0.325183374083129583809181895049
0.326405867970660179544495349546
0.327628361858190719768657572786
0.328850855745721315503971027283
0.330073349633251855728133250523
0.331295843520782395952295473762
0.332518337408312936176457697002
0.333740831295843531911771151499
0.334963325183374072135933374739
0.336185819070904667871246829236
0.337408312958435208095409052476
0.338630806845965803830722506973
0.339853300733496344054884730213
0.341075794621026939790198184710
0.342298288508557424503209176692
0.343520782396088020238522631189
0.344743276283618560462684854429
0.345965770171149156197998308926
0.347188264058679696422160532165
0.348410757946210292157473986663
0.349633251833740832381636209902
0.350855745721271428116949664400
0.352078239608801968341111887639
0.353300733496332508565274110879
0.354523227383863048789436334118
0.355745721271393644524749788616
0.356968215158924184748912011855
0.358190709046454780484225466353
0.359413202933985320708387689592
0.360635696821515916443701144090
0.361858190709046456667863367329
0.363080684596576996892025590569
0.364303178484107537116187813808
0.365525672371638132851501268306
0.366748166259168728586814722803
0.367970660146699268810976946043
0.369193154034229864546290400540
0.370415647921760404770452623779
0.371638141809291000505766078277
0.372860635696821540729928301516
0.374083129584352080954090524756
0.375305623471882621178252747995
0.376528117359413216913566202493
0.377750611246943757137728425732
0.378973105134474352873041880230
0.380195599022004893097204103469
0.381418092909535488832517557967
0.382640586797066029056679781206
0.383863080684596624791993235704
0.385085574572127109505004227685
0.386308068459657705240317682183
0.387530562347188245464479905422
0.388753056234718841199793359920
0.389975550122249381423955583159
0.391198044009779977159269037656
0.392420537897310517383431260896
0.393643031784841113118744715393
0.394865525672371653342906938633
0.396088019559902193567069161872
0.397310513447432733791231385112
0.398533007334963329526544839609
0.399755501222493869750707062849
0.400977995110024465486020517346
0.402200488997555005710182740586
0.403422982885085601445496195083
0.404645476772616141669658418323
0.405867970660146737404971872820
0.407090464547677222117982864802
0.408312958435207817853296319299
0.409535452322738358077458542539
0.410757946210268953812771997036
0.411980440097799494036934220276
0.413202933985330089772247674773
0.414425427872860629996409898013
0.415647921760391225731723352510
0.416870415647921765955885575750
0.418092909535452306180047798989
0.419315403422982901915361253486
0.420537897310513442139523476726
0.421760391198044037874836931223
0.422982885085574578098999154463
0.424205378973105173834312608960
0.425427872860635714058474832200
0.426650366748166309793788286697
0.427872860635696850017950509937
0.429095354523227390242112733176
0.430317848410757930466274956416
0.431540342298288526201588410913
0.432762836185819066425750634153
0.433985330073349662161064088650
0.435207823960880202385226311890
0.436430317848410798120539766387
0.437652811735941338344701989627
0.438875305623471878568864212866
0.440097799511002418793026436106
0.441320293398533014528339890603
0.442542787286063554752502113843
0.443765281173594150487815568340
0.444987775061124690711977791580
0.446210268948655286447291246077
0.447432762836185826671453469316
0.448655256723716422406766923814
0.449877750611246907119777915796
0.451100244498777502855091370293
0.452322738386308043079253593532
0.453545232273838638814567048030
0.454767726161369179038729271269
0.455990220048899774774042725767
0.457212713936430314998204949006
0.458435207823960910733518403504
0.459657701711491450957680626743
0.460880195599021991181842849983
0.462102689486552531406005073222
0.463325183374083127141318527720
0.464547677261613667365480750959
0.465770171149144263100794205457
0.466992665036674803324956428696
0.468215158924205399060269883194
0.469437652811735939284432106433
0.470660146699266535019745560930
0.471882640586797075243907784170
0.473105134474327615468070007410
0.474327628361858211203383461907
0.475550122249388751427545685146
0.476772616136919347162859139644
0.477995110024449887387021362883
0.479217603911980483122334817381
0.480440097799511023346497040620
0.481662591687041619081810495118
0.482885085574572103794821487099
0.484107579462102699530134941597
0.485330073349633239754297164836
0.486552567237163835489610619334
0.487775061124694375713772842573
0.488997555012224971449086297071
0.490220048899755511673248520310
0.491442542787286107408561974808
0.492665036674816647632724198047
0.493887530562347132345735190029
0.495110024449877783592199875784
0.496332518337408323816362099024
0.497555012224938864040524322263
0.498777506112469404264686545503
0.500000000000000000000000000000
0.501222493887530595735313454497
0.502444987775061080448324446479
0.503667481662591676183637900976
0.504889975550122271918951355474
0.506112469437652867654264809971
0.507334963325183352367275801953
0.508557457212713948102589256450
0.509779951100244543837902710948
0.511002444987775028550913702929
0.512224938875305624286227157427
0.513447432762836108999238149408
0.514669926650366815756854066422
0.515892420537897300469865058403
0.517114914425427896205178512901
0.518337408312958380918189504882
0.519559902200489087675805421895
0.520782396088019572388816413877
0.522004889975550057101827405859
0.523227383863080763859443322872
0.524449877750611248572454314854
0.525672371638141844307767769351
0.526894865525672329020778761333
0.528117359413203035778394678346
0.529339853300733520491405670327
0.530562347188264116226719124825
0.531784841075794600939730116806
0.533007334963325196675043571304
0.534229828850855792410357025801
0.535452322738386277123368017783
0.536674816625916872858681472280
0.537897310513447468593994926778
0.539119804400978064329308381275
0.540342298288508549042319373257
0.541564792176039144777632827754
0.542787286063569740512946282252
0.544009779951100225225957274233
0.545232273838630820961270728731
0.546454767726161305674281720712
0.547677261613692012431897637725
0.548899755501222497144908629707
0.550122249388753092880222084204
0.551344743276283577593233076186
0.552567237163814173328546530684
0.553789731051344769063859985181
0.555012224938875253776870977163
0.556234718826405849512184431660
0.557457212713936445247497886157
0.558679706601467040982811340655
0.559902200488997525695822332636
0.561124694376528121431135787134
0.562347188264058717166449241631
0.563569682151589201879460233613
0.564792176039119797614773688110
0.566014669926650282327784680092
0.567237163814180989085400597105
0.568459657701711473798411589087
0.569682151589242069533725043584
0.570904645476772554246736035566
0.572127139364303261004351952579
0.573349633251833745717362944561
0.574572127139364230430373936542
0.575794621026894937187989853555
0.577017114914425421901000845537
0.578239608801956017636314300034
0.579462102689486502349325292016
0.580684596577017209106941209029
0.581907090464547693819952201011
0.583129584352078289555265655508
0.584352078239608774268276647490
0.585574572127139370003590101987
0.586797066014669965738903556485
0.588019559902200450451914548466
0.589242053789731046187228002964
0.590464547677261641922541457461
0.591687041564792237657854911959
0.592909535452322722370865903940
0.594132029339853318106179358438
0.595354523227383913841492812935
0.596577017114914398554503804917
0.597799511002444994289817259414
0.599022004889975479002828251396
0.600244498777506185760444168409
0.601466992665036670473455160391
0.602689486552567266208768614888
0.603911980440097750921779606870
0.605134474327628457679395523883
0.606356968215158942392406515864
0.607579462102689427105417507846
0.608801955990220022840730962344
0.610024449877750618576044416841
0.611246943765281214311357871338
0.612469437652811699024368863320
0.613691931540342294759682317817
0.614914425427872890494995772315
0.616136919315403486230309226812
0.617359413202933970943320218794
0.618581907090464455656331210776
0.619804400977995162413947127789
0.621026894865525647126958119770
0.622249388753056242862271574268
0.623471882640586727575282566249
0.624694376528117434332898483262
0.625916870415647919045909475244
0.627139364303178514781222929741
0.628361858190709110516536384239
0.629584352078239595229547376221
0.630806845965770190964860830718
0.632029339853300675677871822700
0.633251833740831382435487739713
0.634474327628361867148498731694
0.635696821515892462883812186192
0.636919315403422947596823178174
0.638141809290953654354439095187
0.639364303178484139067450087168
0.640586797066014623780461079150
0.641809290953545219515774533647
0.643031784841075815251087988145
0.644254278728606410986401442642
0.645476772616136895699412434624
0.646699266503667491434725889121
0.647921760391198087170039343619
0.649144254278728682905352798116
0.650366748166259167618363790098
0.651589242053789652331374782079
0.652811735941320359088990699092
0.654034229828850843802001691074
0.655256723716381439537315145571
0.656479217603911924250326137553
0.657701711491442631007942054566
0.658924205378973115720953046548
0.660146699266503711456266501045
0.661369193154034196169277493027
0.662591687041564791904590947524
0.663814180929095387639904402022
0.665036674816625872352915394004
0.666259168704156468088228848501
0.667481662591687063823542302998
0.668704156479217659558855757496
0.669926650366748144271866749477
0.671149144254278740007180203975
0.672371638141809335742493658472
0.673594132029339820455504650454
0.674816625916870416190818104951
0.676039119804400900903829096933
0.677261613691931607661445013946
0.678484107579462092374456005928
0.679706601466992688109769460425
0.680929095354523283845082914922
0.682151589242053879580396369420
0.683374083129584364293407361401
0.684596577017114849006418353383
0.685819070904645555764034270396
0.687041564792176040477045262378
0.688264058679706636212358716875
0.689486552567237120925369708857
0.690709046454767827682985625870
0.691931540342298312395996617852
0.693154034229828908131310072349
0.694376528117359392844321064331
0.695599022004889988579634518828
0.696821515892420584314947973326
0.698044009779951069027958965307
0.699266503667481664763272419805
0.700488997555012260498585874302
0.701711491442542856233899328799
0.702933985330073340946910320781
0.704156479217603936682223775279
0.705378973105134532417537229776
0.706601466992665017130548221758
0.707823960880195612865861676255
0.709046454767726097578872668237
0.710268948655256804336488585250
0.711491442542787289049499577231
0.712713936430317884784813031729
0.713936430317848369497824023711
0.715158924205378965233137478208
0.716381418092909560968450932705
0.717603911980440045681461924687
0.718826405867970641416775379184
0.720048899755501237152088833682
0.721271393643031832887402288179
0.722493887530562317600413280161
0.723716381418092913335726734658
0.724938875305623509071040189156
0.726161369193153993784051181137
0.727383863080684589519364635635
0.728606356968215074232375627616
0.729828850855745780989991544629
0.731051344743276265703002536611
0.732273838630806861438315991109
0.733496332518337457173629445606
0.734718826405868052908942900103
0.735941320293398537621953892085
0.737163814180929022334964884067
0.738386308068459729092580801080
0.739608801955990213805591793061
0.740831295843520809540905247559
0.742053789731051294253916239541
0.743276283618582001011532156554
0.744498777506112485724543148535
0.745721271393643081459856603033
0.746943765281173566172867595014
0.748166259168704161908181049512
0.749388753056234757643494504009
0.750611246943765242356505495991
0.751833740831295838091818950488
0.753056234718826433827132404986
0.754278728606357029562445859483
0.755501222493887514275456851465
0.756723716381418110010770305962
0.757946210268948705746083760459
0.759168704156479190459094752441
0.760391198044009786194408206939
0.761613691931540270907419198920
0.762836185819070977665035115933
0.764058679706601462378046107915
0.765281173594132058113359562412
0.766503667481662542826370554394
0.767726161369193249583986471407
0.768948655256723734296997463389
0.770171149144254219010008455371
0.771393643031784814745321909868
0.772616136919315410480635364365
0.773838630806846006215948818863
0.775061124694376490928959810844
0.776283618581907086664273265342
0.777506112469437682399586719839
0.778728606356968278134900174337
0.779951100244498762847911166318
0.781173594132029247560922158300
0.782396088019559954318538075313
0.783618581907090439031549067295
0.784841075794621034766862521792
0.786063569682151630502175976289
0.787286063569682226237489430787
0.788508557457212710950500422769
0.789731051344743306685813877266
0.790953545232273902421127331763
0.792176039119804387134138323745
0.793398533007334982869451778242
0.794621026894865467582462770224
0.795843520782396174340078687237
0.797066014669926659053089679219
0.798288508557457254788403133716
0.799511002444987739501414125698
0.800733496332518446259030042711
0.801955990220048930972041034693
0.803178484107579415685052026674
0.804400977995110011420365481172
0.805623471882640607155678935669
0.806845965770171202890992390167
0.808068459657701687604003382148
0.809290953545232283339316836646
0.810513447432762879074630291143
0.811735941320293474809943745640
0.812958435207823959522954737622
0.814180929095354444235965729604
0.815403422982885150993581646617
0.816625916870415635706592638599
0.817848410757946231441906093096
0.819070904645476716154917085078
0.820293398533007422912533002091
0.821515892420537907625543994072
0.822738386308068503360857448570
0.823960880195598988073868440551
0.825183374083129583809181895049
0.826405867970660179544495349546
0.827628361858190664257506341528
0.828850855745721259992819796025
0.830073349633251855728133250523
0.831295843520782451463446705020
0.832518337408312936176457697002
0.833740831295843531911771151499
0.834963325183374127647084605996
0.836185819070904612360095597978
0.837408312958435208095409052476
0.838630806845965803830722506973
0.839853300733496399566035961470
0.841075794621026884279046953452
0.842298288508557480014360407949
0.843520782396088075749673862447
0.844743276283618671484987316944
0.845965770171149156197998308926
0.847188264058679640911009300908
0.848410757946210347668625217921
0.849633251833740832381636209902
0.850855745721271428116949664400
0.852078239608801912829960656381
0.853300733496332619587576573394
0.854523227383863104300587565376
0.855745721271393700035901019874
0.856968215158924184748912011855
0.858190709046454780484225466353
0.859413202933985376219538920850
0.860635696821515860932549912832
0.861858190709046456667863367329
0.863080684596577052403176821826
0.864303178484107648138490276324
0.865525672371638132851501268306
0.866748166259168617564512260287
0.867970660146699324322128177300
0.869193154034229809035139169282
0.870415647921760404770452623779
0.871638141809290889483463615761
0.872860635696821596241079532774
0.874083129584352080954090524756
0.875305623471882676689403979253
0.876528117359413161402414971235
0.877750611246943757137728425732
0.878973105134474352873041880230
0.880195599022004837586052872211
0.881418092909535433321366326709
0.882640586797066029056679781206
0.883863080684596624791993235704
0.885085574572127109505004227685
0.886308068459657705240317682183
0.887530562347188300975631136680
0.888753056234718785688642128662
0.889975550122249381423955583159
0.891198044009779977159269037656
0.892420537897310572894582492154
0.893643031784841057607593484136
0.894865525672371653342906938633
0.896088019559902249078220393130
0.897310513447432844813533847628
0.898533007334963329526544839609
0.899755501222493814239555831591
0.900977995110024520997171748604
0.902200488997555005710182740586
0.903422982885085601445496195083
0.904645476772616086158507187065
0.905867970660146792916123104078
0.907090464547677277629134096060
0.908312958435207873364447550557
0.909535452322738358077458542539
0.910757946210268953812771997036
0.911980440097799549548085451534
0.913202933985330034261096443515
0.914425427872860629996409898013
0.915647921760391225731723352510
0.916870415647921821467036807007
0.918092909535452306180047798989
0.919315403422982901915361253486
0.920537897310513497650674707984
0.921760391198043982363685699966
0.922982885085574578098999154463
0.924205378973105062812010146445
0.925427872860635769569626063458
0.926650366748166254282637055439
0.927872860635696850017950509937
0.929095354523227334730961501919
0.930317848410758041488577418932
0.931540342298288526201588410913
0.932762836185819010914599402895
0.933985330073349606649912857392
0.935207823960880202385226311890
0.936430317848410798120539766387
0.937652811735941282833550758369
0.938875305623471878568864212866
0.940097799511002474304177667364
0.941320293398533070039491121861
0.942542787286063554752502113843
0.943765281173594150487815568340
0.944987775061124746223129022837
0.946210268948655230936140014819
0.947432762836185826671453469316
0.948655256723716422406766923814
0.949877750611247018142080378311
0.951100244498777502855091370293
0.952322738386308098590404824790
0.953545232273838694325718279288
0.954767726161369179038729271269
0.955990220048899774774042725767
0.957212713936430259487053717748
0.958435207823960966244669634762
0.959657701711491450957680626743
0.960880195599022046692994081241
0.962102689486552531406005073222
0.963325183374083238163620990235
0.964547677261613722876631982217
0.965770171149144207589642974199
0.966992665036674803324956428696
0.968215158924205399060269883194
0.969437652811735994795583337691
0.970660146699266479508594329673
0.971882640586797075243907784170
0.973105134474327670979221238667
0.974327628361858266714534693165
0.975550122249388751427545685146
0.976772616136919236140556677128
0.977995110024449942898172594141
0.979217603911980427611183586123
0.980440097799511023346497040620
0.981662591687041508059508032602
0.982885085574572214817123949615
0.984107579462102699530134941597
0.985330073349633295265448396094
0.986552567237163779978459388076
0.987775061124694264691470380058
0.988997555012224860426783834555
0.990220048899755567184399751568
0.991442542787286162919713206065
0.992665036674816647632724198047
0.993887530562347243368037652544
0.995110024449877728081048644526
0.996332518337408323816362099024
0.997555012224938808529373091005
0.998777506112469515286989008018
0.000044252513369691174585553867
0.000103008900068819376116997788
0.000161846231439865992059526367
0.000220681594553138218624613320
0.000279505486568959536208128780
0.000338313382538757152339509160
0.000397101539496702918285997441
0.000455866401618581465644830519
0.000514604471704495879114116264
0.000573312275151967266559327463
0.000631986347920867642946607390
0.000690623232006391547105339512
0.000749219473612795327892299735
0.000807771622410600261161850444
0.000866276231267931805073156948
0.000924729856203885028885502972
0.000983129056453326509446011272
0.001041470394589768264440032830
0.001099750436680061501520944134
0.001157965752456861525249154354
0.001216112915502221654071024481
0.001274188503436679163402511783
0.001332189098113083312174831363
0.001390111285811817219693065084
0.001447951657438333213090420060
0.001505706808720892004790914420
0.001563373340409147547666601774
0.001620947858472771138313439643
0.001678426974300283903984709610
0.001735807304897657703940394569
0.001793085473087038111961177833
0.001850258107704897975881452865
0.001907321843800224587389680053
0.001964273322832260811054982952
0.002021109192868200243181631137
0.002077826108779830694556212123
0.002134420732440962635567682781
0.002190889732923239578005203398
0.002247229786692310580381581886
0.002303437577803549556748619054
0.002359509798096839569558902383
0.002415443147391501538256974868
0.002471234333680358188217729420
0.002526880073323559908887725456
0.002582377091241640828384040773
0.002637722121108594837413097167
0.002692911905543668785179001190
0.002747943196303484839071451518
0.002802812754472759019380712076
0.002857517350655586988589229591
0.002912053765164671591259004657
0.002966418788211475001531658435
0.003020609220094783164967111588
0.003074621871389279781361381083
0.003128453563132891669662516421
0.003182101127014325819830631303
0.003235561405559121955083368150
0.003288831252315794432400375413
0.003341907532040898614472679284
0.003394787120883470572796358766
0.003447466906569138494348392143
0.003499943788582926540442485930
0.003552214678352235647379453454
0.003604276499427922202806184870
0.003656126187666091861827588616
0.003707760691408036341637499689
0.003759176971659878782605623826
0.003810372002271574225912287304
0.003861342770114780786200325835
0.003912086275260458906322114103
0.003962599531155332199805485516
0.004012879564797546851073750673
0.004062923416911768531578630359
0.004112728142123470501112514341
0.004162290809131987019686693685
0.004211608500883310887696886482
0.004260678314741637648377370340
0.004309497362660135236223091226
0.004358062771351227035476760818
0.004406371682455285931911959096
0.004454421252709233822186796203
0.004502208654113638852667378387
0.004549731074099306118996288717
0.004596985715692683549526975639
0.004643969797680580838261654719
0.004690680554773863156214908088
0.004737115237770157805119453087
0.004783271113715650141307023091
0.004829145466065954891976552688
0.004874735594846030771465361653
0.004920038816809070743307774620
0.004965052465594369662804652421
0.005009773891884388742623546165
0.005054200463560516373706654747
0.005098329565858089086616278252
0.005142158601520315300281716020
0.005185684990951060224784185948
0.005228906172366578654353563849
0.005271819601946653617574600759
0.005314422753983813821343495931
0.005356713121032427062095937487
0.005398688214056112689986921538
0.005440345562573958848595623294
0.005481682714806462158874111879
0.005522697237819440378714386242
0.005563386717667408165599596259
0.005603748759535385516594718780
0.005643780987880274262191715451
0.005683481046570322894884164100
0.005722846599023869752775883768
0.005761875328347065318423947389
0.005800564937469956071358634375
0.005838913149281806796997429387
0.005876917706765149608527654124
0.005914576373128582233162919835
0.005951886931938465616354072552
0.005988847187249240686113260779
0.006025454963732909847984320351
0.006061708106806742990535497029
0.006097604482760462206447638067
0.006133141978881469745521481940
0.006168318503579454936680548371
0.006203131986509323632372758794
0.006237580378693217790508906972
0.006271661652640879262843309760
0.006305373802469276325877167722
0.006338714844020276045766237871
0.006371682814977912452658603826
0.006404275774983444677324051497
0.006436491805749743749798241765
0.006468329011174208352519254817
0.006499785517450390806559745727
0.006530859473178123389414118094
0.006561549049472600349253159635
0.006591852440072008822991023180
0.006621767861443930702769478103
0.006651293552890066157479154185
0.006680427776650131425906220528
0.006709168818003890047418913412
0.006737514985372422549048110341
0.006765464610417104562856138728
0.006793016048138516421728283490
0.006820167676972691689352146227
0.006846917898886857416218543193
0.006873265139473319976226584060
0.006899207848042233741370221622
0.006924744497712907384534553046
0.006949873585503509032523794531
0.006974593632419584868231687835
0.006998903183541311384674443730
0.007022800808108762248005429996
0.007046285099606427494711713422
0.007069354675845829737157455241
0.007092008179046932134226288724
0.007114244275918013733772671259
0.007136061657734233364125397969
0.007157459040414495231308134038
0.007178435164597194752256203998
0.007198988795714229664557404220
0.007219118724063716165117998713
0.007238823764881149001870763726
0.007258102758409164245723133035
0.007276954569965748617632605999
0.007295378090011095731370893702
0.007313372234212893278904044081
0.007330935943510052434091139872
0.007348068184175111927647350285
0.007364767947875101687660315264
0.007381034251730913750555451713
0.007396866138374926305520951075
0.007412262676007780326514762237
0.007427222958452705907361757198
0.007441746105209315169382033872
0.007455831261505027271474510542
0.007469477598345765703702348048
0.007482684312564362276443130639
0.007495450626868268954872132070
0.007507775789884848019473118086
0.007519659076205859049579771636
0.007531099786430094956968250841
0.007542097247204631975392441490
0.007552650811264311966897189166
0.007562759857469888991055029237
0.007572423790844635439756249440
0.007581642042609312327761106332
0.007590414070215645986339225715
0.007598739357378336313486588693
0.007606617414105344178454348736
0.007614047776726739873154325977
0.007621030007922062303460375432
0.007627563696746004172355437589
0.007633648458652603566165772975
0.007639283935517865616049437705
0.007644469795660917450785820648
0.007649205733863431895536155736
0.007653491471387658187652824893
0.007657326755992642508541479174
0.007660711361949536918336534086
0.007663645090054318348427031538
0.007666127767639818041400801008
0.007668159248585962491084888626
0.007669739413328177310424926816
0.007670868168864361687220299046
0.007671545448760755218919893395
0.007671771213155419502638387996
0.007671545448760755218919893395
0.007670868168864361687220299046
0.007669739413328177310424926816
0.007668159248585962491084888626
0.007666127767639818041400801008
0.007663645090054318348427031538
0.007660711361949536918336534086
0.007657326755992642508541479174
0.007653491471387658187652824893
0.007649205733863431895536155736
0.007644469795660917450785820648
0.007639283935517865616049437705
0.007633648458652603566165772975
0.007627563696746004172355437589
0.007621030007922062303460375432
0.007614047776726739873154325977
0.007606617414105344178454348736
0.007598739357378336313486588693
0.007590414070215645986339225715
0.007581642042609312327761106332
0.007572423790844635439756249440
0.007562759857469888991055029237
0.007552650811264311966897189166
0.007542097247204631975392441490
0.007531099786430094956968250841
0.007519659076205859049579771636
0.007507775789884848019473118086
0.007495450626868268954872132070
0.007482684312564362276443130639
0.007469477598345765703702348048
0.007455831261505027271474510542
0.007441746105209315169382033872
0.007427222958452705907361757198
0.007412262676007780326514762237
0.007396866138374926305520951075
0.007381034251730913750555451713
0.007364767947875101687660315264
0.007348068184175111927647350285
0.007330935943510052434091139872
0.007313372234212893278904044081
0.007295378090011095731370893702
0.007276954569965748617632605999
0.007258102758409164245723133035
0.007238823764881149001870763726
0.007219118724063716165117998713
0.007198988795714229664557404220
0.007178435164597194752256203998
0.007157459040414495231308134038
0.007136061657734233364125397969
0.007114244275918013733772671259
0.007092008179046932134226288724
0.007069354675845829737157455241
0.007046285099606427494711713422
0.007022800808108762248005429996
0.006998903183541311384674443730
0.006974593632419584868231687835
0.006949873585503509032523794531
0.006924744497712907384534553046
0.006899207848042233741370221622
0.006873265139473319976226584060
0.006846917898886857416218543193
0.006820167676972691689352146227
0.006793016048138516421728283490
0.006765464610417104562856138728
0.006737514985372422549048110341
0.006709168818003890047418913412
0.006680427776650131425906220528
0.006651293552890066157479154185
0.006621767861443930702769478103
0.006591852440072008822991023180
0.006561549049472600349253159635
0.006530859473178123389414118094
0.006499785517450390806559745727
0.006468329011174208352519254817
0.006436491805749743749798241765
0.006404275774983444677324051497
0.006371682814977912452658603826
0.006338714844020276045766237871
0.006305373802469276325877167722
0.006271661652640879262843309760
0.006237580378693217790508906972
0.006203131986509323632372758794
0.006168318503579454936680548371
0.006133141978881469745521481940
0.006097604482760462206447638067
0.006061708106806742990535497029
0.006025454963732909847984320351
0.005988847187249240686113260779
0.005951886931938465616354072552
0.005914576373128582233162919835
0.005876917706765149608527654124
0.005838913149281806796997429387
0.005800564937469956071358634375
0.005761875328347065318423947389
0.005722846599023869752775883768
0.005683481046570322894884164100
0.005643780987880274262191715451
0.005603748759535385516594718780
0.005563386717667408165599596259
0.005522697237819440378714386242
0.005481682714806462158874111879
0.005440345562573958848595623294
0.005398688214056112689986921538
0.005356713121032427062095937487
0.005314422753983813821343495931
0.005271819601946653617574600759
0.005228906172366578654353563849
0.005185684990951060224784185948
0.005142158601520315300281716020
0.005098329565858089086616278252
0.005054200463560516373706654747
0.005009773891884388742623546165
0.004965052465594369662804652421
0.004920038816809070743307774620
0.004874735594846030771465361653
0.004829145466065954891976552688
0.004783271113715650141307023091
0.004737115237770157805119453087
0.004690680554773863156214908088
0.004643969797680580838261654719
0.004596985715692683549526975639
0.004549731074099306118996288717
0.004502208654113638852667378387
0.004454421252709233822186796203
0.004406371682455285931911959096
0.004358062771351227035476760818
0.004309497362660135236223091226
0.004260678314741637648377370340
0.004211608500883310887696886482
0.004162290809131987019686693685
0.004112728142123470501112514341
0.004062923416911768531578630359
0.004012879564797546851073750673
0.003962599531155332199805485516
0.003912086275260458906322114103
0.003861342770114780786200325835
0.003810372002271574225912287304
0.003759176971659878782605623826
0.003707760691408036341637499689
0.003656126187666091861827588616
0.003604276499427922202806184870
0.003552214678352235647379453454
0.003499943788582926540442485930
0.003447466906569138494348392143
0.003394787120883470572796358766
0.003341907532040898614472679284
0.003288831252315794432400375413
0.003235561405559121955083368150
0.003182101127014325819830631303
0.003128453563132891669662516421
0.003074621871389279781361381083
0.003020609220094783164967111588
0.002966418788211475001531658435
0.002912053765164671591259004657
0.002857517350655586988589229591
0.002802812754472759019380712076
0.002747943196303484839071451518
0.002692911905543668785179001190
0.002637722121108594837413097167
0.002582377091241640828384040773
0.002526880073323559908887725456
0.002471234333680358188217729420
0.002415443147391501538256974868
0.002359509798096839569558902383
0.002303437577803549556748619054
0.002247229786692310580381581886
0.002190889732923239578005203398
0.002134420732440962635567682781
0.002077826108779830694556212123
0.002021109192868200243181631137
0.001964273322832260811054982952
0.001907321843800224587389680053
0.001850258107704897975881452865
0.001793085473087038111961177833
0.001735807304897657703940394569
0.001678426974300283903984709610
0.001620947858472771138313439643
0.001563373340409147547666601774
0.001505706808720892004790914420
0.001447951657438333213090420060
0.001390111285811817219693065084
0.001332189098113083312174831363
0.001274188503436679163402511783
0.001216112915502221654071024481
0.001157965752456861525249154354
0.001099750436680061501520944134
0.001041470394589768264440032830
0.000983129056453326509446011272
0.000924729856203885028885502972
0.000866276231267931805073156948
0.000807771622410600261161850444
0.000749219473612795327892299735
0.000690623232006391547105339512
0.000631986347920867642946607390
0.000573312275151967266559327463
0.000514604471704495879114116264
0.000455866401618581465644830519
0.000397101539496702918285997441
0.000338313382538757152339509160
0.000279505486568959536208128780
0.000220681594553138218624613320
0.000161846231439865992059526367
0.000103008900068819376116997788
0.000044252513369691174585553867
