0.000953274659654240784714684942
0.002188163114374062218070449148
0.003430344252824334052437427189
0.004674173119566272030511733249
0.005918627008536825849505103037
0.007163383347260657459110166911
0.008408308712228291723067563623
0.009653338028839858475649293723
0.010898435803967564117211708208
0.012143581042110338299999661160
0.013388760532669246802739415614
0.014633965549349394613676267340
0.015879190096947992660858517411
0.017124429920773218127827419721
0.018369681917931712095137797291
0.019614943772370101171542700058
0.020860213720387214136886555593
0.022105490395266644276794920643
0.023350772721552684463297566708
0.024596059841397868023227246681
0.025841351062182490311291971352
0.027086645818566026933105206354
0.028331943644538358506590469688
0.029577244152524280462746020248
0.030822547017549040831996265410
0.032067851965090994614815400610
0.033313158761656927464578359377
0.034558467207393799014436552852
0.035803777130241458415138566806
0.037049088381263139968524455981
0.038294400830887614928244033763
0.039539714365861400313661988548
0.040785028886757487831538071532
0.042030344305928557524509869836
0.043275660545811805990368270614
0.044520977537520003974869098329
0.045766295219660725612786933425
0.047011613537344024149611243502
0.048256932441344081718970215888
0.049502251887386508610866542313
0.050747571835541058216101362177
0.051992892249701654072691070496
0.053238213097138838147959205571
0.054483534348114578960142750930
0.055728855975547275658499302153
0.056974177954722211858484826053
0.058219500263038084786337833521
0.059464822879785772524741105372
0.060710145785954426622677004843
0.061955468964060629588619377728
0.063200792397998140081938345247
0.064446116072904749416672132156
0.065691439975044133015025238365
0.066936764091701517198629289851
0.068182088411090371882217198163
0.069427412922268796902081078315
0.070672737615065400751390711775
0.071918062480012423520747688599
0.073163387508286187310702075592
0.074408712691652820203636053975
0.075654038022419739517587800037
0.076899363493392325352715488407
0.078144689097833355817535050392
0.079390014829428035003644481549
0.080635340682250644661621663545
0.081880666650735553502293839756
0.083125992729649822443604989530
0.084371318914068696437347227857
0.085616645199353372253092686606
0.086861971581130362207723294432
0.088107298055272814663041458516
0.089352624617883291691100566823
0.090597951265277851251589424919
0.091843277993971794703753630529
0.093088604800666246985585416951
0.094333931682235805382674698194
0.095579258635717367909023778338
0.096824585658299530677162181291
0.098069912747313178758012952585
0.099315239900222257452000462763
0.100560567114615764805485298439
0.101805894388200104949682156530
0.103051221718791788384272933854
0.104296549104310881661561438705
0.105541876542775164837806300966
0.106787204032294094635524572823
0.108032531571063739050941876485
0.109277859157361698083654744096
0.110523186789542551822229654590
0.111768514466033613841133842470
0.113013842185330726231029530027
0.114259169945994804029609781537
0.115504497746648143730041624622
0.116749825585971078734104366958
0.117995153462699092772325570877
0.119240481375619808424026757621
0.120485809323570253193125267899
0.121731137305434514161994741244
0.122976465320141031822842592192
0.124221793366660698820780339702
0.125467121444004514607684086513
0.126712449551221767451991695452
0.127957777687397911137168193818
0.129203105851653149427349376310
0.130448434043140493177048711004
0.131693762261044455819103404792
0.132939090504579221496683771875
0.134184418772987562595844224234
0.135429747065539368700015643299
0.136675075381530536366980754792
0.137920403720281525838942116025
0.139165732081136445108526800141
0.140411060463462078473639849108
0.141656388866646720803288417301
0.142901717290099122825708377604
0.144147045733247852750125161947
0.145392374195540408088334061176
0.146637702676442105431675599903
0.147883031175435691872976917693
0.149128359692020456828132068949
0.150373688225711343857682322778
0.151619016776038562088757544188
0.152864345342547058859139497144
0.154109673924795409494237219405
0.155355002522355678529208944383
0.156600331134812836841874172933
0.157845659761764067763323282634
0.159090988402818350744283293352
0.160336317057596100532634864066
0.161581645725728556550748749032
0.162826974406857366561851563347
0.164072303100634364625420857919
0.165317631806720877207794728747
0.166562960524787723182171816916
0.167808289254514297894615992846
0.169053617995588989497690590724
0.170298946747708096483009398980
0.171544275510576021970265969685
0.172789604283904774106872537232
0.174034933067413660756628246418
0.175280261860829150721841074301
0.176525590663884374142966748877
0.177770919476319178009759980341
0.179016248297879487783035301618
0.180261577128317501683696377768
0.181506905967391163336799309036
0.182752234814864050749250168337
0.183997563670505126509624460596
0.185242892534088654521440275857
0.186488221405393866936250901745
0.187733550284204797620191129681
0.188978879170310171131674792377
0.190224208063503263943516685686
0.191469536963581488109298334166
0.192714865870346668819124147376
0.193960194783604433776957876034
0.195205523703164324222925074537
0.196450852628839628399859407182
0.197696181560447159508697723140
0.198941510497807283464055672084
0.200186839440743474805017854123
0.201432168389082538739742744838
0.202677497342654333589706538987
0.203922826301291576500673841110
0.205168155264830009976151359297
0.206413484233107819010299976981
0.207658813205966019665993371746
0.208904142183248070496759396519
0.210149471164799789280053232687
0.211394800150469408528408621351
0.212640129140107214666954860149
0.213885458133565825589172959553
0.215130787130699746567685792797
0.216376116131365425765409327141
0.217621445135421254235552623868
0.218866774142727343877012913254
0.220112103153145444167648747680
0.221357432166539108697733695408
0.222602761182773167814019643629
0.223848090201714144953371032898
0.225093419223229784797979391442
0.226338748247189247564392644563
0.227584077273462914714485805234
0.228829406301922250177582895958
0.230074735332439994639486258166
0.231320064364889749208842317785
0.232565393399146197461746510271
0.233810722435084855641562739947
0.235056051472582155925650226891
0.236301380511515196625182966272
0.237546709551761936474179037759
0.238792038593200833807017602339
0.240037367635711013091892596094
0.241282696679172153908510267684
0.242528025723464352170211100201
0.243773354768468120123969811175
0.245018683814064330839244121307
0.246264012860134162696823523220
0.247509341906558960610951203307
0.248754670953220347051626504253
0.250000000000000000000000000000
0.251245329046779652948373495747
0.252490658093441067144624412322
0.253735987139865892814327708038
0.254981316185935724671907109951
0.256226645231531935387181420083
0.257471974276535675585364515428
0.258717303320827873847065347945
0.259962632364289014663683019535
0.261207961406799193948558013290
0.262453290448238063525820962241
0.263698619488484831130392649357
0.264943948527417927341076619996
0.266189277564915172114012875682
0.267434606600853830293829105358
0.268679935635110278546733297844
0.269925264667560005360513741834
0.271170593698077777577992719671
0.272415922726537140796665426024
0.273661251752810752435607355437
0.274906580776770270713171839816
0.276151909798285910557780198360
0.277397238817226887697131587629
0.278642567833460919057841920221
0.279887896846854555832351252320
0.281133225857272683878562702375
0.282378554864578801275598607390
0.283623883868634574234590672859
0.284869212869300281187889822831
0.286114541866434202166402656076
0.287359870859892785333045139851
0.288605199849530646982742609907
0.289850528835200238475522382942
0.291095857816751957258816219110
0.292341186794033980334006628254
0.293586515766892208745275638648
0.294831844735170045534999871961
0.296077173698708451254901774519
0.297322502657345721921444692271
0.298567831610917489015832870791
0.299813160559256608461708992763
0.301058489502192772047095559174
0.302303818439552840491302276860
0.303549147371160399355716208447
0.304794476296835703532650541092
0.306039805216395621734193355223
0.307285134129653358936451468253
0.308530463036418511890701665834
0.309775791936496791567634545572
0.311021120829689856623900823251
0.312266449715795202379808870319
0.313511778594606160819324713884
0.314757107465911400989710955400
0.316002436329494873490375539404
0.317247765185135977006325447292
0.318493094032608892174351922222
0.319738422871682526071879237861
0.320983751702120512216964698382
0.322229080523680877501391250917
0.323474409336115653612608866752
0.324719738139170877033734541328
0.325965066932586311487796137953
0.327210395716095281404278694026
0.328455724489424005785309645944
0.329701053252291986783717447906
0.330946382004411010502309409276
0.332191710745485702105384007154
0.333437039475212304573403798713
0.334682368193279178303356502511
0.335927696899365690885730373338
0.337173025593142661193724052282
0.338418354274271471204826866597
0.339663682942403899467365135934
0.340909011597181677011292322277
0.342154340238235987747827948624
0.343399668865187190913701442696
0.344644997477644321470791055617
0.345890326075204590505762780595
0.347135654657452996652011734113
0.348380983223961493422393687069
0.349626311774288711653468908480
0.350871640307979626438594777937
0.352116968824564280371447466678
0.353362297323558005590626862613
0.354607625804459702933968401339
0.355852954266752175005450453682
0.357098282709900960441018469282
0.358343611133353334707862813957
0.359588939536537977037511382150
0.360834267918863638158200046746
0.362079596279718529672209115233
0.363324924618469491388594860837
0.364570252934460659055559972330
0.365815581227012520670882622653
0.367060909495420750747740612496
0.368306237738955544180896595208
0.369551565956859506822951288996
0.370796894148346933839377470576
0.372042222312602144373983037440
0.373287550448778260303583920177
0.374532878555995540903467144744
0.375778206633339328934795275927
0.377023534679858940421581792179
0.378268862694565555226944297829
0.379514190676429719051299116472
0.380759518624380233209336665823
0.382004846537300934983250044752
0.383250174414028921265895633042
0.384495502253351884025533991007
0.385740830054005223725965834092
0.386986157814669273768970469973
0.388231485533966358403290541901
0.389476813210457462055558153224
0.390722140842638288038557448090
0.391967468428936316460209354773
0.393212795967705919242263234992
0.394458123457224807406618083405
0.395703450895689146094014176924
0.396948778281208225493514873961
0.398194105611799908928105651285
0.399439432885384249072302509376
0.400684760099777770303575152866
0.401930087252686862875350470858
0.403175414341700455445050010894
0.404420741364282632090976221662
0.405666068317764250128476533064
0.406911395199333780769990198678
0.408156722006028205296246369471
0.409402048734722190381773998524
0.410647375382116763820050664435
0.411892701944727157581382925855
0.413138028418869651670064513382
0.414383354800646641624695121209
0.415628681085931317440440579958
0.416874007270350233067546241728
0.418119333349264488131069583687
0.419364659317749410849529567713
0.420609985170571964996355518451
0.421855310902166658060252757423
0.423100636506607674647284511593
0.424345961977580288237987815592
0.425591287308347221429727369468
0.426836612491713840444873540036
0.428081937519987576479252311401
0.429327262384934627004184903853
0.430572587077731216975706729500
0.431817911588909697506721840909
0.433063235908298482801370710149
0.434308560024955936373913800708
0.435553883927095264461115675658
0.436799207602001859918061654753
0.438044531035939377350274526179
0.439289854214045594194004706878
0.440535177120214227475258894628
0.441780499736961929091449974294
0.443025822045277850591560309113
0.444271144024452779852651929104
0.445516465651885462673220672514
0.446761786902861168790934698336
0.448007107750298394499566256854
0.449252428164458983417262061266
0.450497748112613560778072496760
0.451743067558655952975499303648
0.452988386462656045239327795571
0.454233704780339309081682586111
0.455479022462480009902918709486
0.456724339454188221765207345015
0.457969655694071497986641361422
0.459214971113242553801825351911
0.460460285634138599686338011452
0.461705599169112412827331581866
0.462950911618736860031475544019
0.464196222869758590157118760544
0.465441532792606194046669543241
0.466686841238343086413209448438
0.467932148034909012324078503298
0.469177452982450948759662878729
0.470422755847475781987299114917
0.471668056355461662310091242034
0.472913354181433986944682601461
0.474158648937817561730412307952
0.475403940158602156262901416994
0.476649227278447384925641472364
0.477894509604733397356568502801
0.479139786279612844843711627618
0.480385056227629947400714627292
0.481630318082068353824354289827
0.482875570079226823505536003722
0.484120809903052062850292713847
0.485366034450650629672452396335
0.486611239467330813912582243574
0.487856418957889725884768949982
0.489101564196032512210621234772
0.490346661971160169279926321906
0.491591691287771748175572383843
0.492836616652739367694380234752
0.494081372991463263488753909769
0.495325826880433750520893454450
0.496569655747175708881968603237
0.497811836885625969006952118434
0.499046725340345775911998771335
0.000000000000000000000000000000
0.001246882793017456544579224520
0.002493765586034913089158449040
0.003740648379052369416897239063
0.004987531172069826178316898080
0.006234413965087282939736557097
0.007481296758104738833794478126
0.008728179551122195595214137143
0.009975062344139652356633796160
0.011221945137157107383329979200
0.012468827930174565879473114194
0.013715710723192020906169297234
0.014962593516209477667588956251
0.016209476309226932694285139291
0.017456359102244391190428274285
0.018703241895261849686571409279
0.019950124688279304713267592319
0.021197007481296759739963775360
0.022443890274314214766659958400
0.023690773067331676732250045347
0.024937655860349131758946228388
0.026184538653366586785642411428
0.027431421446384041812338594468
0.028678304239401496839034777508
0.029925187032418955335177912502
0.031172069825436413831321047496
0.032418952618453865388570278583
0.033665835411471327354160365530
0.034912718204488782380856548571
0.036159600997506237407552731611
0.037406483790523699373142818558
0.038653366583541154399839001599
0.039900249376558609426535184639
0.041147132169576064453231367679
0.042394014962593519479927550719
0.043640897755610974506623733760
0.044887780548628429533319916800
0.046134663341645884560016099840
0.047381546134663353464500090695
0.048628428927680808491196273735
0.049875311720698263517892456775
0.051122194513715718544588639816
0.052369077306733173571284822856
0.053615960099750628597981005896
0.054862842892768083624677188936
0.056109725685785538651373371977
0.057356608478802993678069555017
0.058603491271820455643659641964
0.059850374064837910670355825005
0.061097256857855372635945911952
0.062344139650872827662642094992
0.063591022443890282689338278033
0.064837905236907730777140557166
0.066084788029925192742730644113
0.067331670822942654708320731061
0.068578553615960116673910818008
0.069825436408977564761713097141
0.071072319201995026727303184089
0.072319201995012474815105463222
0.073566084788029936780695550169
0.074812967581047398746285637117
0.076059850374064846834087916250
0.077306733167082308799678003197
0.078553615960099756887480282330
0.079800498753117218853070369278
0.081047381546134666940872648411
0.082294264339152128906462735358
0.083541147132169576994265014491
0.084788029925187038959855101439
0.086034912718204500925445188386
0.087281795511221949013247467519
0.088528678304239410978837554467
0.089775561097256859066639833600
0.091022443890274321032229920547
0.092269326683291769120032199680
0.093516209476309244963410094442
0.094763092269326706929000181390
0.096009975062344155016802460523
0.097256857855361616982392547470
0.098503740648379065070194826603
0.099750623441396527035784913551
0.100997506234413975123587192684
0.102244389027431437089177279631
0.103491271820448885176979558764
0.104738154613466347142569645712
0.105985037406483809108159732659
0.107231920199501257195962011792
0.108478802992518719161552098740
0.109725685785536167249354377873
0.110972568578553629214944464820
0.112219451371571077302746743953
0.113466334164588539268336830901
0.114713216957605987356139110034
0.115960099750623449321729196981
0.117206982543640911287319283929
0.118453865336658359375121563062
0.119700748129675821340711650009
0.120947630922693283306301736957
0.122194513715710745271891823904
0.123441396508728193359694103037
0.124688279301745655325284189985
0.125935162094763103413086469118
0.127182044887780565378676556065
0.128428927680797999588691027384
0.129675810473815461554281114331
0.130922693266832923519871201279
0.132169576059850385485461288226
0.133416458852867847451051375174
0.134663341645885309416641462121
0.135910224438902771382231549069
0.137157107231920233347821636016
0.138403990024937695313411722964
0.139650872817955129523426194282
0.140897755610972591489016281230
0.142144638403990053454606368177
0.143391521197007515420196455125
0.144638403990024949630210926443
0.145885286783042411595801013391
0.147132169576059873561391100338
0.148379052369077335526981187286
0.149625935162094797492571274233
0.150872817955112231702585745552
0.152119700748129693668175832499
0.153366583541147155633765919447
0.154613466334164617599356006394
0.155860349127182051809370477713
0.157107231920199513774960564660
0.158354114713216975740550651608
0.159600997506234437706140738555
0.160847880299251899671730825503
0.162094763092269333881745296821
0.163341645885286795847335383769
0.164588528678304257812925470716
0.165835411471321719778515557664
0.167082294264339153988530028982
0.168329177057356615954120115930
0.169576059850374077919710202877
0.170822942643391539885300289825
0.172069825436409001850890376772
0.173316708229426436060904848091
0.174563591022443898026494935038
0.175810473815461359992085021986
0.177057356608478821957675108933
0.178304239401496256167689580252
0.179551122194513718133279667200
0.180798004987531180098869754147
0.182044887780548642064459841095
0.183291770573566104030049928042
0.184538653366583538240064399361
0.185785536159601000205654486308
0.187032418952618489926820188884
0.188279301745635951892410275832
0.189526184538653413858000362779
0.190773067331670848068014834098
0.192019950124688310033604921045
0.193266832917705771999195007993
0.194513715710723233964785094940
0.195760598503740668174799566259
0.197007481296758130140389653207
0.198254364089775592105979740154
0.199501246882793054071569827101
0.200748129675810516037159914049
0.201995012468827950247174385368
0.203241895261845412212764472315
0.204488778054862874178354559263
0.205735660847880336143944646210
0.206982543640897770353959117529
0.208229426433915232319549204476
0.209476309226932694285139291424
0.210723192019950156250729378371
0.211970074812967618216319465319
0.213216957605985052426333936637
0.214463840399002514391924023585
0.215710723192019976357514110532
0.216957605985037438323104197480
0.218204488778054872533118668798
0.219451371571072334498708755746
0.220698254364089796464298842693
0.221945137157107258429888929641
0.223192019950124720395479016588
0.224438902743142154605493487907
0.225685785536159616571083574854
0.226932668329177078536673661802
0.228179551122194540502263748749
0.229426433915211974712278220068
0.230673316708229436677868307015
0.231920199501246898643458393963
0.233167082294264360609048480910
0.234413965087281822574638567858
0.235660847880299256784653039176
0.236907730673316718750243126124
0.238154613466334180715833213071
0.239401496259351642681423300019
0.240648379052369104647013386966
0.241895261845386566612603473914
0.243142144638404028578193560861
0.244389027431421490543783647809
0.245635910224438952509373734756
0.246882793017456386719388206075
0.248129675810473848684978293022
0.249376558603491310650568379970
0.250623441396508772616158466917
0.251870324189526206826172938236
0.253117206982543696547338640812
0.254364089775561130757353112131
0.255610972568578564967367583449
0.256857855361595999177382054768
0.258104738154613488898547757344
0.259351620947630923108562228663
0.260598503740648412829727931239
0.261845386533665847039742402558
0.263092269326683336760908105134
0.264339152119700770970922576453
0.265586034912718260692088279029
0.266832917705735694902102750348
0.268079800498753129112117221666
0.269326683291770618833282924243
0.270573566084788053043297395561
0.271820448877805542764463098138
0.273067331670822976974477569456
0.274314214463840466695643272033
0.275561097256857900905657743351
0.276807980049875390626823445928
0.278054862842892769325686685988
0.279301745635910259046852388565
0.280548628428927693256866859883
0.281795511221945182978032562460
0.283042394014962617188047033778
0.284289276807980106909212736355
0.285536159600997541119227207673
0.286783042394015030840392910250
0.288029925187032465050407381568
0.289276807980049899260421852887
0.290523690773067333470436324205
0.291770573566084823191602026782
0.293017456359102257401616498100
0.294264339152119747122782200677
0.295511221945137181332796671995
0.296758104738154671053962374572
0.298004987531172105263976845890
0.299251870324189594985142548467
0.300498753117206973684005788527
0.301745635910224463405171491104
0.302992518703241897615185962422
0.304239401496259387336351664999
0.305486284289276821546366136317
0.306733167082294311267531838894
0.307980049875311745477546310212
0.309226932668329235198712012789
0.310473815461346669408726484107
0.311720698254364103618740955426
0.312967581047381537828755426744
0.314214463840399027549921129321
0.315461346633416461759935600639
0.316708229426433951481101303216
0.317955112219451385691115774534
0.319201995012468875412281477111
0.320448877805486365133447179687
0.321695760598503799343461651006
0.322942643391521233553476122324
0.324189526184538667763490593643
0.325436408977556157484656296219
0.326683291770573591694670767538
0.327930174563591081415836470114
0.329177057356608515625850941433
0.330423940149626005347016644009
0.331670822942643439557031115328
0.332917705735660929278196817904
0.334164588528678307977060057965
0.335411471321695797698225760541
0.336658354114713231908240231860
0.337905236907730721629405934436
0.339152119700748155839420405755
0.340399002493765645560586108331
0.341645885286783079770600579650
0.342892768079800569491766282226
0.344139650872818003701780753545
0.345386533665835437911795224863
0.346633416458852872121809696182
0.347880299251870361842975398758
0.349127182044887796052989870077
0.350374064837905285774155572653
0.351620947630922719984170043972
0.352867830423940209705335746548
0.354114713216957643915350217867
0.355361596009975133636515920443
0.356608478802992512335379160504
0.357855361596010002056544863080
0.359102244389027436266559334399
0.360349127182044925987725036975
0.361596009975062360197739508294
0.362842892768079849918905210870
0.364089775561097284128919682189
0.365336658354114773850085384765
0.366583541147132208060099856084
0.367830423940149642270114327403
0.369077306733167076480128798721
0.370324189526184566201294501298
0.371571072319202000411308972616
0.372817955112219490132474675192
0.374064837905236979853640377769
0.375311720698254414063654849087
0.376558603491271903784820551664
0.377805486284289337994835022982
0.379052369077306827716000725559
0.380299251870324206414863965620
0.381546134663341696136029668196
0.382793017456359130346044139515
0.384039900249376620067209842091
0.385286783042394054277224313410
0.386533665835411543998390015986
0.387780548628428978208404487305
0.389027431421446467929570189881
0.390274314214463902139584661199
0.391521197007481336349599132518
0.392768079800498770559613603837
0.394014962593516260280779306413
0.395261845386533694490793777732
0.396508728179551184211959480308
0.397755610972568618421973951627
0.399002493765586108143139654203
0.400249376558603542353154125522
0.401496259351621032074319828098
0.402743142144638410773183068159
0.403990024937655900494348770735
0.405236907730673334704363242054
0.406483790523690824425528944630
0.407730673316708258635543415949
0.408977556109725748356709118525
0.410224438902743182566723589844
0.411471321695760672287889292420
0.412718204488778106497903763739
0.413965087281795540707918235057
0.415211970074812974917932706376
0.416458852867830464639098408952
0.417705735660847898849112880271
0.418952618453865388570278582847
0.420199501246882822780293054166
0.421446384039900312501458756742
0.422693266832917746711473228061
0.423940149625935236432638930637
0.425187032418952615131502170698
0.426433915211970104852667873274
0.427680798004987594573833575851
0.428927680798005028783848047169
0.430174563591022518505013749746
0.431421446384039952715028221064
0.432668329177057442436193923641
0.433915211970074876646208394959
0.435162094763092366367374097536
0.436408977556109745066237337596
0.437655860349127234787403040173
0.438902743142144668997417511491
0.440149625935162158718583214068
0.441396508728179592928597685386
0.442643391521197082649763387963
0.443890274314214516859777859281
0.445137157107232006580943561858
0.446384039900249440790958033176
0.447630922693266875000972504495
0.448877805486284309210986975813
0.450124688279301798932152678390
0.451371571072319233142167149708
0.452618453865336722863332852285
0.453865336658354157073347323603
0.455112219451371646794513026180
0.456359102244389081004527497498
0.457605985037406570725693200075
0.458852867830423949424556440135
0.460099750623441439145722142712
0.461346633416458873355736614030
0.462593516209476363076902316607
0.463840399002493797286916787925
0.465087281795511287008082490502
0.466334164588528721218096961820
0.467581047381546210939262664397
0.468827930174563645149277135715
0.470074812967581079359291607034
0.471321695760598513569306078352
0.472568578553616003290471780929
0.473815461346633437500486252247
0.475062344139650927221651954824
0.476309226932668361431666426142
0.477556109725685851152832128719
0.478802992518703285362846600037
0.480049875311720775084012302614
0.481296758104738209294026773932
0.482543640897755643504041245251
0.483790523690773133225206947827
0.485037406483790567435221419146
0.486284289276808057156387121722
0.487531172069825491366401593041
0.488778054862842981087567295617
0.490024937655860415297581766936
0.491271820448877905018747469512
0.492518703241895283717610709573
0.493765586034912773438776412149
0.495012468827930207648790883468
0.496259351620947697369956586044
0.497506234413965131579971057363
0.498753117206982621301136759939
0.500000000000000000000000000000
0.501246882793017545232316933834
0.502493765586034979442331405153
0.503740648379052413652345876471
0.504987531172069958884662810306
0.506234413965087393094677281624
0.507481296758104827304691752943
0.508728179551122261514706224261
0.509975062344139695724720695580
0.511221945137157129934735166898
0.512468827930174564144749638217
0.513715710723191998354764109536
0.514962593516209543587081043370
0.516209476309226977797095514688
0.517456359102244412007109986007
0.518703241895261846217124457326
0.519950124688279391449441391160
0.521197007481296825659455862478
0.522443890274314259869470333797
0.523690773067331694079484805115
0.524937655860349239311801738950
0.526184538653366673521816210268
0.527431421446384107731830681587
0.528678304239401541941845152905
0.529925187032419087174162086740
0.531172069825436521384176558058
0.532418952618453844571888566861
0.533665835411471389804205500695
0.534912718204488824014219972014
0.536159600997506258224234443333
0.537406483790523692434248914651
0.538653366583541237666565848485
0.539900249376558671876580319804
0.541147132169576106086594791122
0.542394014962593540296609262441
0.543640897755611085528926196275
0.544887780548628519738940667594
0.546134663341645953948955138912
0.547381546134663388158969610231
0.548628428927680933391286544065
0.549875311720698367601301015384
0.551122194513715801811315486702
0.552369077306733236021329958021
0.553615960099750781253646891855
0.554862842892768104441358900658
0.556109725685785538651373371977
0.557356608478802972861387843295
0.558603491271820518093704777129
0.559850374064837952303719248448
0.561097256857855386513733719767
0.562344139650872820723748191085
0.563591022443890365956065124919
0.564837905236907800166079596238
0.566084788029925234376094067557
0.567331670822942668586108538875
0.568578553615960213818425472709
0.569825436408977648028439944028
0.571072319201995082238454415346
0.572319201995012516448468886665
0.573566084788030061680785820499
0.574812967581047495890800291818
0.576059850374064930100814763136
0.577306733167082253288526771939
0.578553615960099798520843705774
0.579800498753117232730858177092
0.581047381546134666940872648411
0.582294264339152101150887119729
0.583541147132169646383204053564
0.584788029925187080593218524882
0.586034912718204514803232996201
0.587281795511222060035549930035
0.588528678304239494245564401353
0.589775561097256928455578872672
0.591022443890274362665593343991
0.592269326683291907897910277825
0.593516209476309342107924749143
0.594763092269326776317939220462
0.596009975062344210527953691781
0.597256857855361755760270625615
0.598503740648379189970285096933
0.599750623441396513157997105736
0.600997506234413947368011577055
0.602244389027431492600328510889
0.603491271820448926810342982208
0.604738154613466361020357453526
0.605985037406483795230371924845
0.607231920199501340462688858679
0.608478802992518774672703329998
0.609725685785536208882717801316
0.610972568578553643092732272635
0.612219451371571188325049206469
0.613466334164588622535063677788
0.614713216957606056745078149106
0.615960099750623490955092620425
0.617206982543641036187409554259
0.618453865336658470397424025577
0.619700748129675904607438496896
0.620947630922693338817452968215
0.622194513715710884049769902049
0.623441396508728207237481910852
0.624688279301745641447496382170
0.625935162094763075657510853489
0.627182044887780620889827787323
0.628428927680798055099842258642
0.629675810473815489309856729960
0.630922693266832923519871201279
0.632169576059850468752188135113
0.633416458852867902962202606432
0.634663341645885337172217077750
0.635910224438902771382231549069
0.637157107231920316614548482903
0.638403990024937750824562954222
0.639650872817955185034577425540
0.640897755610972730266894359374
0.642144638403990164476908830693
0.643391521197007598686923302012
0.644638403990025032896937773330
0.645885286783042467106952244649
0.647132169576059901316966715967
0.648379052369077335526981187286
0.649625935162094769736995658604
0.650872817955112314969312592439
0.652119700748129749179327063757
0.653366583541147183389341535076
0.654613466334164617599356006394
0.655860349127182162831672940229
0.657107231920199597041687411547
0.658354114713217031251701882866
0.659600997506234465461716354184
0.660847880299252010694033288019
0.662094763092269444904047759337
0.663341645885286879114062230656
0.664588528678304313324076701974
0.665835411471321858556393635808
0.667082294264339292766408107127
0.668329177057356615954120115930
0.669576059850374050164134587249
0.670822942643391595396451521083
0.672069825436409029606465992401
0.673316708229426463816480463720
0.674563591022443898026494935038
0.675810473815461443258811868873
0.677057356608478877468826340191
0.678304239401496311678840811510
0.679551122194513745888855282828
0.680798004987531291121172216663
0.682044887780548725331186687981
0.683291770573566159541201159300
0.684538653366583593751215630618
0.685785536159601138983532564453
0.687032418952618573193547035771
0.688279301745636007403561507090
0.689526184538653441613575978408
0.690773067331670875823590449727
0.692019950124688310033604921045
0.693266832917705744243619392364
0.694513715710723289475936326198
0.695760598503740723685950797517
0.697007481296758157895965268835
0.698254364089775592105979740154
0.699501246882793137338296673988
0.700748129675810571548311145307
0.701995012468828005758325616625
0.703241895261845439968340087944
0.704488778054862985200657021778
0.705735660847880419410671493097
0.706982543640897853620685964415
0.708229426433915287830700435734
0.709476309226932833063017369568
0.710723192019950267273031840887
0.711970074812967701483046312205
0.713216957605985024670758321008
0.714463840399002569903075254842
0.715710723192020004113089726161
0.716957605985037438323104197480
0.718204488778054872533118668798
0.719451371571072417765435602632
0.720698254364089851975450073951
0.721945137157107286185464545269
0.723192019950124720395479016588
0.724438902743142265627795950422
0.725685785536159699837810421741
0.726932668329177134047824893059
0.728179551122194568257839364378
0.729426433915212113490156298212
0.730673316708229547700170769531
0.731920199501246981910185240849
0.733167082294264416120199712168
0.734413965087281961352516646002
0.735660847880299284540228654805
0.736907730673316718750243126124
0.738154613466334152960257597442
0.739401496259351698192574531276
0.740648379052369132402589002595
0.741895261845386566612603473914
0.743142144638404000822617945232
0.744389027431421546054934879066
0.745635910224438980264949350385
0.746882793017456414474963821704
0.748129675810473959707280755538
0.749376558603491393917295226856
0.750623441396508828127309698175
0.751870324189526262337324169494
0.753117206982543807569641103328
0.754364089775561241779655574646
0.755610972568578675989670045965
0.756857855361596110199684517283
0.758104738154613655432001451118
0.759351620947630978619713459921
0.760598503740648412829727931239
0.761845386533665847039742402558
0.763092269326683392272059336392
0.764339152119700826482073807711
0.765586034912718260692088279029
0.766832917705735694902102750348
0.768079800498753240134419684182
0.769326683291770674344434155500
0.770573566084788108554448626819
0.771820448877805542764463098138
0.773067331670823087996780031972
0.774314214463840522206794503290
0.775561097256857956416808974609
0.776807980049875390626823445928
0.778054862842892935859140379762
0.779301745635910370069154851080
0.780548628428927804279169322399
0.781795511221945127466881331202
0.783042394014962672699198265036
0.784289276807980106909212736355
0.785536159600997541119227207673
0.786783042394014975329241678992
0.788029925187032520561558612826
0.789276807980049954771573084145
0.790523690773067388981587555463
0.791770573566084823191602026782
0.793017456359102368423918960616
0.794264339152119802633933431935
0.795511221945137236843947903253
0.796758104738154671053962374572
0.798004987531172216286279308406
0.799251870324189650496293779725
0.800498753117207084706308251043
0.801745635910224629938625184877
0.802992518703242064148639656196
0.804239401496259387336351664999
0.805486284289276821546366136317
0.806733167082294366778683070152
0.807980049875311800988697541470
0.809226932668329235198712012789
0.810473815461346669408726484107
0.811720698254364214641043417942
0.812967581047381648851057889260
0.814214463840399083061072360579
0.815461346633416517271086831897
0.816708229426434062503403765731
0.817955112219451496713418237050
0.819201995012468930923432708369
0.820448877805486365133447179687
0.821695760598503910365764113521
0.822942643391521344575778584840
0.824189526184538778785793056159
0.825436408977556212995807527477
0.826683291770573647205821998796
0.827930174563591081415836470114
0.829177057356608515625850941433
0.830423940149625949835865412751
0.831670822942643495068182346586
0.832917705735660929278196817904
0.834164588528678363488211289223
0.835411471321695797698225760541
0.836658354114713342930542694376
0.837905236907730777140557165694
0.839152119700748211350571637013
0.840399002493765645560586108331
0.841645885286783190792903042166
0.842892768079800625002917513484
0.844139650872818059212931984803
0.845386533665835493422946456121
0.846633416458853038655263389956
0.847880299251870472865277861274
0.849127182044887796052989870077
0.850374064837905230263004341396
0.851620947630922775495321275230
0.852867830423940209705335746548
0.854114713216957643915350217867
0.855361596009975189147667151701
0.856608478802992623357681623020
0.857855361596010057567696094338
0.859102244389027491777710565657
0.860349127182045037010027499491
0.861596009975062471220041970810
0.862842892768079905430056442128
0.864089775561097339640070913447
0.865336658354114884872387847281
0.866583541147132319082402318600
0.867830423940149753292416789918
0.869077306733167187502431261237
0.870324189526184732734748195071
0.871571072319202055922460203874
0.872817955112219490132474675192
0.874064837905236924342489146511
0.875311720698254469574806080345
0.876558603491271903784820551664
0.877805486284289337994835022982
0.879052369077306772204849494301
0.880299251870324317437166428135
0.881546134663341751647180899454
0.882793017456359185857195370772
0.884039900249376620067209842091
0.885286783042394165299526775925
0.886533665835411599509541247244
0.887780548628429033719555718562
0.889027431421446467929570189881
0.890274314214464013161887123715
0.891521197007481447371901595034
0.892768079800498881581916066352
0.894014962593516204769628075155
0.895261845386533750001945008989
0.896508728179551184211959480308
0.897755610972568618421973951627
0.899002493765586052631988422945
0.900249376558603597864305356779
0.901496259351621032074319828098
0.902743142144638466284334299417
0.903990024937655900494348770735
0.905236907730673445726665704569
0.906483790523690879936680175888
0.907730673316708314146694647206
0.908977556109725859379011581041
0.910224438902743293589026052359
0.911471321695760727799040523678
0.912718204488778162009054994996
0.913965087281795707241371928831
0.915211970074813141451386400149
0.916458852867830575661400871468
0.917705735660847898849112880271
0.918952618453865444081429814105
0.920199501246882878291444285423
0.921446384039900312501458756742
0.922693266832917746711473228061
0.923940149625935291943790161895
0.925187032418952726153804633213
0.926433915211970160363819104532
0.927680798004987594573833575851
0.928927680798005139806150509685
0.930174563591022574016164981003
0.931421446384040008226179452322
0.932668329177057442436193923641
0.933915211970074987668510857475
0.935162094763092421878525328793
0.936408977556109856088539800112
0.937655860349127290298554271430
0.938902743142144835530871205265
0.940149625935162158718583214068
0.941396508728179592928597685386
0.942643391521197027138612156705
0.943890274314214572370929090539
0.945137157107232006580943561858
0.946384039900249440790958033176
0.947630922693266875000972504495
0.948877805486284420233289438329
0.950124688279301854443303909648
0.951371571072319288653318380966
0.952618453865336722863332852285
0.953865336658354268095649786119
0.955112219451371702305664257437
0.956359102244389136515678728756
0.957605985037406570725693200075
0.958852867830424115958010133909
0.960099750623441550168024605227
0.961346633416458984378039076546
0.962593516209476418588053547865
0.963840399002493852798068019183
0.965087281795511287008082490502
0.966334164588528721218096961820
0.967581047381546266450413895654
0.968827930174563700660428366973
0.970074812967581134870442838292
0.971321695760598569080457309610
0.972568578553616114312774243444
0.973815461346633548522788714763
0.975062344139650982732803186082
0.976309226932668416942817657400
0.977556109725685962175134591234
0.978802992518703396385149062553
0.980049875311720830595163533872
0.981296758104738264805178005190
0.982543640897755810037494939024
0.983790523690773244247509410343
0.985037406483790567435221419146
0.986284289276808001645235890464
0.987531172069825546877552824299
0.988778054862842981087567295617
0.990024937655860415297581766936
0.991271820448877849507596238254
0.992518703241895394739913172089
0.993765586034912828949927643407
0.995012468827930263159942114726
0.996259351620947697369956586044
0.997506234413965242602273519879
0.998753117206982676812287991197
0.000046033558247311168426345318
0.000107154625969071090065519447
0.000168359642407224806065144107
0.000229562212600812275663242357
0.000290752306306905862129386087
0.000351925071587519606216426515
0.000413076470042936824515755756
0.000474202658047259977165677203
0.000535299853075892084243447844
0.000596364296245901234598540963
0.000657392239814144803411455342
0.000718379942485120981214563596
0.000779323667528797814005314670
0.000840219682025114458084891211
0.000901064256601678088484663753
0.000961853665402877581157292664
0.001022584186174165269897495811
0.001083252100407398150691551386
0.001143853693518663084197073410
0.001204385255045243262317367083
0.001264843078853581737411304609
0.001325223463352899607933799153
0.001385522711714175800659654136
0.001445737132090334437287126867
0.001505863037838527530160037671
0.001565896747742910122616621926
0.001625834586238243759798161037
0.001685672883633478275414163683
0.001745407976335202606885110832
0.001805036207071418919573035922
0.001864553925114774413085427796
0.001923957486505499742471259061
0.001983243254274424417771260920
0.002042407598665359029499466459
0.002101446897356766888020906947
0.002160357535683999231218566095
0.002219135906859829102111270061
0.002277778412195671092765891785
0.002336281461321714283951855862
0.002394641472406309253700973372
0.002452854872375829966418825379
0.002510918097132922369163487986
0.002568827591774846662991960144
0.002626579810811176425577873061
0.002684171218380648153006839962
0.002741598288467835160819863205
0.002798857505118788890907666200
0.002855945362656562690889527900
0.002912858365895547307911073176
0.002969593030355596047220601008
0.003026145882475482062207161604
0.003082513459825315677714785423
0.003138692311318631248534538614
0.003194678997423687320800222977
0.003250470090374005683458991101
0.003306062174378389135337430460
0.003361451845829766579137887206
0.003416635713513715456868258258
0.003471610398816279887540536819
0.003526372535930438756324178939
0.003580918772062562094316007233
0.003635245767637181740772334138
0.003689350196502319285257742720
0.003743228746132002890401047068
0.003796878117829959389806226966
0.003850295026931214309451334543
0.003903476203003244764111467902
0.003956418390046160908635197728
0.004009118346692191331426258216
0.004061572846404007050558071512
0.004113778677672182484958973703
0.004165732644212137743278123736
0.004217431565159518794261295227
0.004268872275265069363148207060
0.004320051625088434238408652277
0.004370966481190907866605233068
0.004421613726327358086243268787
0.004471990259637103823364689958
0.004522092996833613175178268051
0.004571918870393475511915148957
0.004621464829744100291653019497
0.004670727841450723720473359180
0.004719704889401789976721701692
0.004768392974993821559204221217
0.004816789117315018950438165746
0.004864890353327697147811647937
0.004912693738049611104357072833
0.004960196344734531768982943589
0.005007395265051106485187926154
0.005054287609261178156050409171
0.005100870506396624690093055676
0.005147141104435045723397568196
0.005193096570474497845892880576
0.005238734090906855926650376176
0.005284050871590155289136969685
0.005329044138019533964623075661
0.005373711135497324063725610443
0.005418049129301424904348039036
0.005462055404852911993929254209
0.005505727267882262569720364098
0.005549062044594195095004174334
0.005592057081831419348971756733
0.005634709747237137515696314694
0.005677017429416108054707201802
0.005718977538094554245728939890
0.005760587504278831538773175680
0.005801844780412577021189157733
0.005842746840532865755524216667
0.005883291180424648006419552360
0.005923475317774205481380356275
0.005963296792321121780888759645
0.006002753166008896294758567791
0.006041842023134238841286514088
0.006080560970494803055275134795
0.006118907637536008178869018082
0.006156879676495920564183172985
0.006194474762549051841120650863
0.006231690593948828287007568605
0.006268524892168361034583412561
0.006304975402040029729133774339
0.006341039891893507536579921435
0.006376716153692385362361516599
0.006412002003169483752009760735
0.006446895279960331189006428332
0.006481393847735718652391945227
0.006515495594332380673019411432
0.006549198431882217487365327457
0.006582500296940171045922962634
0.006615399150610690691409754294
0.006647892978672408602347498885
0.006679979791701590521868503458
0.006711657625193666147633830832
0.006742924539683962416314333410
0.006773778620866000368949677579
0.006804217979708914246228523837
0.006834240752573141064463158045
0.006863845101324405825748975474
0.006893029213446349307004012985
0.006921791302151381226892556953
0.006950129606490180328437489266
0.006978042391459568158373905078
0.007005527948108587407705094563
0.007032584593643101400495254438
0.007059210671529114224098666597
0.007085404551593798422315373386
0.007111164630125619764977606962
0.007136489329972300552085151537
0.007161377100637567744145783877
0.007185826418375984223074759427
0.007209835786286177168602495868
0.007233403734402545082193825010
0.007256528819785435652223171132
0.007279209626609090162674409186
0.007301444766248756101933992113
0.007323232877365352076759474897
0.007344572625989048524075553104
0.007365462705600876909539653781
0.007385901837212657111697566847
0.007405888769445333197349867760
0.007425422278605631719317070605
0.007444501168761039934518297656
0.007463124271812821182436881173
0.007481290447567695393871201048
0.007498998583807555025348978717
0.007516247596357758520291270088
0.007533036429153179037998544487
0.007549364054303178521443395965
0.007565229472154302338415821083
0.007580631711351657267550230301
0.007595569828898232969671688863
0.007610042910212824404658782385
0.007624050069185824875239720910
0.007637590448233574913494692282
0.007650663218350918330645793475
0.007663267579161778947360872394
0.007675402758968483118984238445
0.007687068014798585993685442475
0.007698262632450762754654505216
0.007708985926538184513256979358
0.007719237240530870715338185306
0.007729015946795400431035272248
0.007738321446633821334981639950
0.007747153170320032061768600329
0.007755510577134651882535987255
0.007763393155398240659537112407
0.007770800422502523868706347798
0.007777731924940124892675630264
0.007784187238332078602465191608
0.007790165967453922465923987772
0.007795667746260000023628133903
0.007800692237905766830696752123
0.007805239134768377287643126294
0.007809308158465595728348063176
0.007812899059872729923270640029
0.007816011619138127364259105434
0.007818645645696337478924853315
0.007820800978280004894793719927
0.007822477484929531849067174676
0.007823675063001425677988720508
0.007824393639174346062881149066
0.007824633169453708986251783131
0.007824393639174347797604625043
0.007823675063001425677988720508
0.007822477484929531849067174676
0.007820800978280004894793719927
0.007818645645696337478924853315
0.007816011619138127364259105434
0.007812899059872729923270640029
0.007809308158465595728348063176
0.007805239134768377287643126294
0.007800692237905766830696752123
0.007795667746260000023628133903
0.007790165967453922465923987772
0.007784187238332078602465191608
0.007777731924940124892675630264
0.007770800422502523868706347798
0.007763393155398240659537112407
0.007755510577134651882535987255
0.007747153170320032061768600329
0.007738321446633821334981639950
0.007729015946795400431035272248
0.007719237240530870715338185306
0.007708985926538184513256979358
0.007698262632450762754654505216
0.007687068014798585993685442475
0.007675402758968483118984238445
0.007663267579161778947360872394
0.007650663218350918330645793475
0.007637590448233574913494692282
0.007624050069185824875239720910
0.007610042910212824404658782385
0.007595569828898232969671688863
0.007580631711351657267550230301
0.007565229472154302338415821083
0.007549364054303178521443395965
0.007533036429153179037998544487
0.007516247596357758520291270088
0.007498998583807555025348978717
0.007481290447567695393871201048
0.007463124271812821182436881173
0.007444501168761039934518297656
0.007425422278605631719317070605
0.007405888769445333197349867760
0.007385901837212657111697566847
0.007365462705600876909539653781
0.007344572625989048524075553104
0.007323232877365352076759474897
0.007301444766248756101933992113
0.007279209626609090162674409186
0.007256528819785435652223171132
0.007233403734402545082193825010
0.007209835786286177168602495868
0.007185826418375984223074759427
0.007161377100637567744145783877
0.007136489329972300552085151537
0.007111164630125619764977606962
0.007085404551593798422315373386
0.007059210671529114224098666597
0.007032584593643101400495254438
0.007005527948108587407705094563
0.006978042391459568158373905078
0.006950129606490180328437489266
0.006921791302151381226892556953
0.006893029213446349307004012985
0.006863845101324405825748975474
0.006834240752573141064463158045
0.006804217979708914246228523837
0.006773778620866000368949677579
0.006742924539683962416314333410
0.006711657625193666147633830832
0.006679979791701590521868503458
0.006647892978672408602347498885
0.006615399150610690691409754294
0.006582500296940171045922962634
0.006549198431882217487365327457
0.006515495594332380673019411432
0.006481393847735718652391945227
0.006446895279960331189006428332
0.006412002003169483752009760735
0.006376716153692385362361516599
0.006341039891893507536579921435
0.006304975402040029729133774339
0.006268524892168361034583412561
0.006231690593948828287007568605
0.006194474762549051841120650863
0.006156879676495920564183172985
0.006118907637536008178869018082
0.006080560970494803055275134795
0.006041842023134238841286514088
0.006002753166008896294758567791
0.005963296792321121780888759645
0.005923475317774205481380356275
0.005883291180424648006419552360
0.005842746840532865755524216667
0.005801844780412577021189157733
0.005760587504278831538773175680
0.005718977538094554245728939890
0.005677017429416108054707201802
0.005634709747237137515696314694
0.005592057081831419348971756733
0.005549062044594195095004174334
0.005505727267882262569720364098
0.005462055404852911993929254209
0.005418049129301424904348039036
0.005373711135497324063725610443
0.005329044138019533964623075661
0.005284050871590155289136969685
0.005238734090906855926650376176
0.005193096570474497845892880576
0.005147141104435045723397568196
0.005100870506396624690093055676
0.005054287609261178156050409171
0.005007395265051106485187926154
0.004960196344734531768982943589
0.004912693738049611104357072833
0.004864890353327697147811647937
0.004816789117315018950438165746
0.004768392974993821559204221217
0.004719704889401789976721701692
0.004670727841450723720473359180
0.004621464829744100291653019497
0.004571918870393475511915148957
0.004522092996833613175178268051
0.004471990259637103823364689958
0.004421613726327358086243268787
0.004370966481190907866605233068
0.004320051625088434238408652277
0.004268872275265069363148207060
0.004217431565159518794261295227
0.004165732644212137743278123736
0.004113778677672182484958973703
0.004061572846404007050558071512
0.004009118346692191331426258216
0.003956418390046160908635197728
0.003903476203003244764111467902
0.003850295026931214309451334543
0.003796878117829959389806226966
0.003743228746132002890401047068
0.003689350196502319285257742720
0.003635245767637181740772334138
0.003580918772062562094316007233
0.003526372535930438756324178939
0.003471610398816279887540536819
0.003416635713513715456868258258
0.003361451845829766579137887206
0.003306062174378389135337430460
0.003250470090374005683458991101
0.003194678997423687320800222977
0.003138692311318631248534538614
0.003082513459825315677714785423
0.003026145882475482062207161604
0.002969593030355596047220601008
0.002912858365895547307911073176
0.002855945362656562690889527900
0.002798857505118788890907666200
0.002741598288467835160819863205
0.002684171218380648153006839962
0.002626579810811176425577873061
0.002568827591774846662991960144
0.002510918097132922369163487986
0.002452854872375829966418825379
0.002394641472406309253700973372
0.002336281461321714283951855862
0.002277778412195671092765891785
0.002219135906859829102111270061
0.002160357535683999231218566095
0.002101446897356766888020906947
0.002042407598665359029499466459
0.001983243254274424417771260920
0.001923957486505499742471259061
0.001864553925114774413085427796
0.001805036207071418919573035922
0.001745407976335202606885110832
0.001685672883633478275414163683
0.001625834586238243759798161037
0.001565896747742910122616621926
0.001505863037838527530160037671
0.001445737132090334437287126867
0.001385522711714175800659654136
0.001325223463352899607933799153
0.001264843078853581737411304609
0.001204385255045243262317367083
0.001143853693518663084197073410
0.001083252100407398150691551386
0.001022584186174165269897495811
0.000961853665402877581157292664
0.000901064256601678088484663753
0.000840219682025114458084891211
0.000779323667528797814005314670
0.000718379942485120981214563596
0.000657392239814144803411455342
0.000596364296245901234598540963
0.000535299853075892084243447844
0.000474202658047259977165677203
0.000413076470042936824515755756
0.000351925071587519606216426515
0.000290752306306905862129386087
0.000229562212600812275663242357
0.000168359642407224806065144107
0.000107154625969071090065519447
0.000046033558247311168426345318
