0.009222424435532065173370952493
0.021169311806636611356102761761
0.033186750831532670080736835416
0.045220128886123166223054425927
0.057259551125901468615619904767
0.069301896096800832958173543830
0.081345872222190376832351432768
0.093390849116647411953806567908
0.105436482520357990844139806086
0.117482568358051486789861428406
0.129528977781947940428608490038
0.141575625222598505681403935341
0.153622451406573795607002352881
0.165669413747994515029304807285
0.177716480622616440632199896754
0.189763627799816675389976694532
0.201810836128043957771183158911
0.213858089974398091204221827866
0.225905376129570983900762826124
0.237952683003420206730993413657
0.250000000000000000000000000000
0.262047316996579848780157817600
0.274094623870428988343661558247
0.286141910025601964306929403392
0.298189163871956042228816841089
0.310236372200183352365598921097
0.322283519377383531612224487617
0.334330586252005512726270808344
0.346377548593426287659724494006
0.358424374777401522074171680288
0.370471022218052115082542741220
0.382517431641948568721289802852
0.394563517479642023033648001729
0.406609150883352588046193432092
0.418654127777809581534285143789
0.430698103903199180919614263985
0.442740448874098579956637422583
0.454779871113876910104778517052
0.466813249168467336858157068491
0.478830688193363440685601517544
0.490777575564467938296075999460
0.000000000000000000000000000000
0.012195121951219514352948714020
0.024390243902439028705897428040
0.036585365853658541324122666083
0.048780487804878057411794856080
0.060975609756097566560573142169
0.073170731707317082648245332166
0.085365853658536605674811426070
0.097560975609756114823589712159
0.109756097560975610094580190434
0.121951219512195133121146284338
0.134146341463414642269924570428
0.146341463414634165296490664332
0.158536585365853660567481142607
0.170731707317073211349622852140
0.182926829268292706620613330415
0.195121951219512229647179424319
0.207317073170731724918169902594
0.219512195121951220189160380869
0.231707317073170770971302090402
0.243902439024390266242292568677
0.256097560975609761513283046952
0.268292682926829284539849140856
0.280487804878048807566415234760
0.292682926829268330592981328664
0.304878048780487853619547422568
0.317073170731707321134962285214
0.329268292682926899672679610376
0.341463414634146422699245704280
0.353658536585365890214660566926
0.365853658536585413241226660830
0.378048780487804936267792754734
0.390243902439024459294358848638
0.402439024390243926809773711284
0.414634146341463449836339805188
0.426829268292682972862905899092
0.439024390243902440378320761738
0.451219512195121963404886855642
0.463414634146341541942604180804
0.475609756097561064969170274708
0.487804878048780532484585137354
0.500000000000000111022302462516
0.512195121951219523026566093904
0.524390243902439046053132187808
0.536585365853658569079698281712
0.548780487804878092106264375616
0.560975609756097615132830469520
0.573170731707317138159396563424
0.585365853658536661185962657328
0.597560975609756184212528751232
0.609756097560975707239094845136
0.621951219512195119243358476524
0.634146341463414642269924570428
0.646341463414634165296490664332
0.658536585365853799345359220752
0.670731707317073322371925314656
0.682926829268292845398491408559
0.695121951219512368425057502463
0.707317073170731780429321133852
0.719512195121951303455887227756
0.731707317073170826482453321660
0.743902439024390349509019415564
0.756097560975609872535585509468
0.768292682926829395562151603372
0.780487804878048918588717697276
0.792682926829268330592981328664
0.804878048780487853619547422568
0.817073170731707376646113516472
0.829268292682926899672679610376
0.841463414634146422699245704280
0.853658536585365945725811798184
0.865853658536585468752377892088
0.878048780487804880756641523476
0.890243902439024403783207617380
0.902439024390243926809773711284
0.914634146341463560858642267704
0.926829268292683083885208361608
0.939024390243902606911774455511
0.951219512195122129938340549415
0.963414634146341652964906643319
0.975609756097561064969170274708
0.987804878048780587995736368612
0.004306140358164751297254113638
0.009999938773905831662647258895
0.015644938407818304026974942644
0.021201063368779488743642858140
0.026635899207110385472629943138
0.031918211731699223931979503277
0.037017716703507945463780259843
0.041905195195909662742028700677
0.046552648369014307250246531567
0.050933454294617493129937457752
0.055022519242578719900205186377
0.058796420949872030270455525169
0.062233542580966340340697939837
0.065314196453527373353864504679
0.068020736760876818194354598290
0.070337660620817504808499620594
0.072251696861023020912462300203
0.073751882027223422677586484042
0.074829623176221507496741480736
0.075478747092715764432924174798
0.075695535647298375914182599900
0.075478747092715764432924174798
0.074829623176221507496741480736
0.073751882027223422677586484042
0.072251696861023020912462300203
0.070337660620817504808499620594
0.068020736760876818194354598290
0.065314196453527373353864504679
0.062233542580966340340697939837
0.058796420949872030270455525169
0.055022519242578719900205186377
0.050933454294617493129937457752
0.046552648369014307250246531567
0.041905195195909662742028700677
0.037017716703507945463780259843
0.031918211731699223931979503277
0.026635899207110385472629943138
0.021201063368779488743642858140
0.015644938407818304026974942644
0.009999938773905831662647258895
0.004306140358164751297254113638
