0.000916741995903462775566183929
0.002104305407167299333398569061
0.003298882022212394193177997792
0.004495043219105853901651492777
0.005691805485297411065781503225
0.006888858610362895082412926229
0.008086074284030578956938839497
0.009283389925575740581065176116
0.010480771402086957316823756514
0.011678198522681444010418161383
0.012875658583036159177126478426
0.014073143191278151067913348982
0.015270646581961271406879809831
0.016468164663449427753683096398
0.017665694451763178096648232440
0.018863233719609320132581942175
0.020060780770878472445417628478
0.021258334291232548751704456436
0.022455893246432333948403581303
0.023653456811506844148507155978
0.024851024320380919047090984009
0.026048595229381243942867740770
0.027246169090357631736853960547
0.028443745530589040898528097046
0.029641324237556363613288468173
0.030838904947259253991331817701
0.032036487435154442637852412190
0.033234071509048578041412014272
0.034431657003476771883310192379
0.035629243775211184852569346049
0.036826831699647642748285392145
0.038024420667873530532698822526
0.039222010584273971078861364958
0.040419601364561311140910504491
0.041617192934146896021729844506
0.042814785226784439486902300587
0.044012378183435306444604151466
0.045209971751314408094923891213
0.046407565883083964908273344463
0.047605160536167374918381511861
0.048802755672165791522854050299
0.050000351256358148421821141483
0.051197947257270698395714703111
0.052395543646306177998361874870
0.053593140397422307785735284824
0.054790737486852633675304957706
0.055988334892863277081342943120
0.057185932595540139855572192573
0.058383530576602331307878301914
0.059581128819237771931938141279
0.060778727307958600734050236269
0.061976326028473700813226088258
0.063173924967574485167531861407
0.064371524113034928049614791234
0.065569123453521394040421910177
0.066766722978512715869214844133
0.067964322678228855645343742253
0.069161922543566331511577516267
0.070359522566040832991518527706
0.071557122737735553985594094684
0.072754723051254341359417310287
0.073952323499679534224426902256
0.075149924076533730632476704159
0.076347524775745551073313777124
0.077545125591617983240588785065
0.078742726518800126855879284449
0.079940327552261103427611033112
0.081137928687266491767360321319
0.082335529919356872929903090608
0.083533131244327957221074143490
0.084730732658212543073616984657
0.085928334157264321668812101507
0.087125935737942014625012632223
0.088323537396896314999317212369
0.089521139130956189911003662019
0.090718740937117958722524235782
0.091916342812533580186595827399
0.093113944754501298817217502801
0.094311546760455874927053798729
0.095509148827960396732628112204
0.096706750954697912048274588415
0.097904353138464600414536675999
0.099101955377162362359477754126
0.100299557668792879705499387910
0.101497160011451981187491355740
0.102694762403323217037076631186
0.103892364842673820546359308992
0.105089967327849309608467365251
0.106287569857269337258998120888
0.107485172429423389561797819169
0.108682775042867080239616939252
0.109880377696218486938128933161
0.111077980388154695656766079992
0.112275583117408872535492037059
0.113473185882766988696879195686
0.114670788683065252855364235529
0.115868391517187571682079294533
0.117065994384062829758441637296
0.118263597282662877296921521975
0.119461200212000351328356373415
0.120658803171126427500325917208
0.121856406159129085353676202885
0.123054009175131331965680203666
0.124251612218289425593198416209
0.125449215287791293604868769762
0.126646818382855103068962421276
0.127844421502727706441149280181
0.129042024646683489708109959793
0.130239627814022845830876917717
0.131437231004071147788536677581
0.132634834216177749377507666395
0.133832437449714541921608201847
0.135030040704075288138241717206
0.136227643978674456404220904915
0.137425247272946332577348016457
0.138622850586344215084722009124
0.139820453918339665522196924030
0.141018057268421537209235339105
0.142215660636095281299517978368
0.143413264020882419425007014979
0.144610867422319655517526371113
0.145808470839958320697249405384
0.147006074273363845916762215893
0.148203677722115123582824480764
0.149401281185803841422554683049
0.150598884664034232683249570073
0.151796488156422271220691300186
0.152994091662595449454542517742
0.154191695182192167745682809255
0.155389298714861429084876931483
0.156586902260262172958960036340
0.157784505818063303106413286514
0.158982109387942827094519770981
0.160179712969587967341666967513
0.161377316562694494983531967591
0.162574920166966369050598473223
0.163772523782115764223732412574
0.164970127407862376944791549249
0.166167731043933425416625482285
0.167365334690063261025017027350
0.168562938345993007516199213569
0.169760542011470449974552821004
0.170958145686249840533577071255
0.172155749370091426531104161768
0.173353353062761422753723650203
0.174550956764031761636601913779
0.175748560473679926730028455495
0.176946164191488536365781669701
0.178143767917245454679431304612
0.179341371650743403032279843501
0.180538975391779821233484426557
0.181736579140156839784481235256
0.182934182895680808034200026668
0.184131786658162599490395905377
0.185329390427416917930258932756
0.186526994203262574956170283258
0.187724597985522101417643625609
0.188922201774021858433627585327
0.190119805568591648814447125915
0.191317409369064661550652317601
0.192515013175277416301867106085
0.193712616987069791152364928166
0.194910220804284411988405167904
0.196107824626767124343018622312
0.197305428454366466040070804411
0.198503032286933805972140021368
0.199700636124323260833790527613
0.200898239966391251032362674778
0.202095843812996833754880299239
0.203293447664001397656718950202
0.204491051519268635106030274073
0.205688655378664347894712705056
0.206886259242056530505138312037
0.208083863109315231332274720444
0.209281466980312386150231418469
0.210479070854921845867835372701
0.211676674733019209995177334349
0.212874278614481909910338686132
0.214071882499188959059210901614
0.215269486387020952955495545211
0.216467090277860124691855503443
0.217664694171590039628583213016
0.218862298068095734171478738972
0.220059901967263632505122927796
0.221257505868981296792696866760
0.222455109773137593709435577694
0.223652713679622583420325554471
0.224850317588327325291075453606
0.226047921499144044421569788028
0.227245525411965826334537155162
0.228443129326686811264579546332
0.229640733243201999869143037358
0.230838337161407225472942172928
0.232035941081199070801233119710
0.233233545002474867979813666352
0.234431148925132643023871992227
0.235628752849071088082411051801
0.236826356774189450415946112116
0.238023960700387504640929137167
0.239221564627565524974173172268
0.240419168555624257477276728423
0.241616772484464864545472551072
0.242814376413988841640900773200
0.244011980344097934025882068454
0.245209584274694275540795729285
0.246407188205680111048323510659
0.247604792136957935211327708203
0.248802396068430353714973080059
0.250000000000000000000000000000
0.251197603931569701796178151199
0.252395207863042092544247907426
0.253592811794319916707252104970
0.254790415725305752214779886344
0.255988019655902121485269162804
0.257185623586011158359099226800
0.258383227515535163210103064557
0.259580831444375714767147655948
0.260778435372434502781402443361
0.261976039299612550870222094090
0.263173643225810605095205119142
0.264371247150928911917588948199
0.265568851074867384731703623402
0.266766454997525159775761949277
0.267964058918800984709918111548
0.269161662838592774527057827072
0.270359266756798000130856962642
0.271556870673313188735420453668
0.272754474588034201421038460467
0.273952078500856011089581443230
0.275149682411672702464500162023
0.276347286320377416579674445529
0.277544890226862406290564422306
0.278742494131018703207303133240
0.279940098032736395250452687833
0.281137701931904238072945645399
0.282335305828409988126992402613
0.283532909722139903063720112186
0.284730513612979074800080070418
0.285928117500811096451940329644
0.287125721385518117845236929497
0.288323325266980790004822665651
0.289520929145078209643315858557
0.290718533019687641605344197160
0.291916136890684796423300895185
0.293113740757943497250437303592
0.294311344621335679860862910573
0.295508948480731448160696572813
0.296706552335998630098856665427
0.297904156187003221756270932019
0.299101760033608776723212940851
0.300299363875676794677360703645
0.301496967713066221783435594261
0.302694571545633561715504811218
0.303892175373232931168132608946
0.305089779195715615767170447725
0.306287383012930236603210687463
0.307484986824722583698132893915
0.308682590630935393960498913657
0.309880194431408406696704105343
0.311077798225978141566372414673
0.312275402014477898582356374391
0.313473005796737480554980948000
0.314670609572583137580892298502
0.315868213341837400509604094623
0.317065817104319191965799973332
0.318263420859843215726669996002
0.319461024608220234277666804701
0.320658628349256624723295772128
0.321856232082754545320568695388
0.323053835808511491389793945928
0.324251439526320128781122775763
0.325449043235968238363398086221
0.326646646937238660513003196684
0.327844250629908573468895838232
0.329041854313750270488725391260
0.330239457988529605536598410254
0.331437061654006992483800786431
0.332634665309936849997285435165
0.333832268956066602338950133344
0.335029872592137567544057219493
0.336227476217884291287418818683
0.337425079833033658704977142406
0.338622683437305560527619263667
0.339820287030412004902757416858
0.341017890612057228416631460277
0.342215494181936696893586713486
0.343413097739737827041039963660
0.344610701285138598670698684145
0.345808304817807832254317190745
0.347005908337404578301033097887
0.348203511843577784290459931071
0.349401115335965850583477276814
0.350598718814196186333020932580
0.351796322277884876417175519236
0.352993925726636237349964630994
0.354191529160041707058326210245
0.355389132577680399993624860144
0.356586735979117663841719831908
0.357784339363904746456057637261
0.358981942731578518301915892152
0.360179546081660362233378691599
0.361377149413655784915277990876
0.362574752727053750689378830430
0.363772356021325571351354710714
0.364969959295924739617333898423
0.366167562550285541345118645040
0.367365165783822278378067949234
0.368562768995928879967038938048
0.369760372185977181924698697912
0.370957975353316538047465655836
0.372155578497272265803275104190
0.373353181617144924686613194353
0.374550784712208706395131230238
0.375748387781710602162377199420
0.376945990824868681912107604148
0.378143593840870928524111604929
0.379341196828873628010825314050
0.380538799787999704182794857843
0.381736402717337164336441901469
0.382934005615937211874921786148
0.384131608482812469951284128911
0.385329211316934816533574803543
0.386526814117232997425332996499
0.387724416882591182975659194199
0.388922019611845304343233920008
0.390119622303781554695234490282
0.391317224957132947515958676377
0.392514827570576652071565604274
0.393712430142730662741001879112
0.394910032672150690391532634749
0.396107635157326221087004114452
0.397305237596676796840711176628
0.398502839988548018812508644260
0.399700442331207161927864035533
0.400898044622837679273885669318
0.402095646861535482852190170888
0.403293249045302171218452258472
0.404490851172039644900735311239
0.405688453239544111195158393457
0.406886055245498701182782497199
0.408083657187466419813404172601
0.409281259062882096788626995476
0.410478860869043837844571953610
0.411676462603103698878470595446
0.412874064262058027008350791220
0.414071665842735692208975706308
0.415269267341787484681958630972
0.416466868755672070534501472139
0.417664470080643224214611564094
0.418862071312733508232639678681
0.420059672447738952083540198146
0.421257273481199956410847562438
0.422454874408382030637199022749
0.423652475224254532193413069763
0.424850075923466241611947680212
0.426047676500320549042299944631
0.427245276948745700273946113157
0.428442877262264487647769328760
0.429640477433959167008481472294
0.430838077456433710121785907177
0.432035677321771172110231873376
0.433233277021487339641936387125
0.434430876546478605959578089823
0.435628475886965127461536440023
0.436826075032425542588043754222
0.438023673971526306125667815650
0.439221272692041420082631475452
0.440418871180762228068061858721
0.441616469423397661753227794179
0.442814067404459887900003423056
0.444011665107136743735338768602
0.445209262513147407958058465738
0.446406859602577754664309850341
0.447604456353693835879425932944
0.448802052742729329359860912518
0.449999648743641844639284954610
0.451197244327834257049403277051
0.452394839463832687531663623304
0.453592434116916076725090078980
0.454790028248685640477333436138
0.455987621816564714372077560256
0.457185214773215553574203795506
0.458382807065853159489421386752
0.459580398635438702736877303323
0.460777989415726063615608154578
0.461975579332126518039558504825
0.463173168300352378068396319577
0.464370756224788849841900173487
0.465568342996523276688947134971
0.466765928490951442775269697449
0.467963512564845640628874434697
0.469161095052740784172584653788
0.470358675762443723122885330667
0.471556254469411018082070086166
0.472753830909642402957615558989
0.473951404770618811568283490487
0.475148975679619112177931583574
0.476346543188493176668174555743
0.477544106753567676459937274558
0.478741665708767472064977255286
0.479939219229121583065733602780
0.481136766280390704153546721500
0.482334305548236808025563959745
0.483531835336550586124104711416
0.484729353418038744205631473960
0.485926856808721829850128415274
0.487124341416963813067297905945
0.488321801477318628847967829643
0.489519228597913080847092714976
0.490716610074424242071700064116
0.491913925715969424512508112457
0.493111141389637186449590444681
0.494308194514702592403665448728
0.495504956780894179058094550783
0.496701117977787653945398460564
0.497895694592832727121134439585
0.499083258004096586013531577919
0.000000000000000000000000000000
0.001199040767386091044938156713
0.002398081534772182089876313427
0.003597122302158273134814470140
0.004796163069544364179752626853
0.005995203836930455658371652561
0.007194244604316546269628940280
0.008393285371702639482971441964
0.009592326139088728359505253707
0.010791366906474818970762541426
0.011990407673860911316743305122
0.013189448441247001928000592841
0.014388489208633092539257880560
0.015587529976019183150515168279
0.016786570743405278965942883929
0.017985611510791369577200171648
0.019184652278177456719010507413
0.020383693045563547330267795132
0.021582733812949637941525082852
0.022781774580335732022229322524
0.023980815347721822633486610243
0.025179856115107913244743897963
0.026378896882494003856001185682
0.027577937649880094467258473401
0.028776978417266185078515761120
0.029976019184652279159220000793
0.031175059952038366301030336558
0.032374100719424467320628480138
0.033573141486810557931885767857
0.034772182254196648543143055576
0.035971223021582739154400343295
0.037170263788968829765657631015
0.038369304556354913438021014827
0.039568345323741004049278302546
0.040767386091127094660535590265
0.041966426858513185271792877984
0.043165467625899275883050165703
0.044364508393285366494307453422
0.045563549160671464044458645049
0.046762589928057554655715932768
0.047961630695443645266973220487
0.049160671462829735878230508206
0.050359712230215826489487795925
0.051558752997601917100745083644
0.052757793764988007712002371363
0.053956834532374098323259659082
0.055155875299760188934516946802
0.056354916067146279545774234521
0.057553956834532370157031522240
0.058752997601918467707182713866
0.059952038369304558318440001585
0.061151079136690641990803385397
0.062350119904076732602060673116
0.063549160671462823213317960835
0.064748201438848934641256960276
0.065947242206235018313620344088
0.067146282973621115863771535714
0.068345323741007199536134919526
0.069544364508393297086286111153
0.070743405275779380758649494965
0.071942446043165478308800686591
0.073141486810551561981164070403
0.074340527577937659531315262029
0.075539568345323743203678645841
0.076738609112709826876042029653
0.077937649880095924426193221279
0.079136690647482008098556605091
0.080335731414868105648707796718
0.081534772182254189321071180530
0.082733812949640286871222372156
0.083932853717026370543585755968
0.085131894484412468093736947594
0.086330935251798551766100331406
0.087529976019184649316251523032
0.088729016786570732988614906844
0.089928057553956844416553906285
0.091127098321342928088917290097
0.092326139088729025639068481723
0.093525179856115109311431865535
0.094724220623501206861583057162
0.095923261390887290533946440974
0.097122302158273388084097632600
0.098321342925659471756461016412
0.099520383693045569306612208038
0.100719424460431652978975591850
0.101918465227817750529126783476
0.103117505995203834201490167288
0.104316546762589931751641358915
0.105515587529976015424004742727
0.106714628297362112974155934353
0.107913669064748196646519318165
0.109112709832134294196670509791
0.110311750599520377869033893603
0.111510791366906475419185085229
0.112709832134292559091548469041
0.113908872901678656641699660668
0.115107913669064740314063044480
0.116306954436450851742002043920
0.117505995203836935414365427732
0.118705035971223032964516619359
0.119904076738609116636880003171
0.121103117505995200309243386982
0.122302158273381283981606770794
0.123501199040767381531757962421
0.124700239808153465204121346233
0.125899280575539562754272537859
0.127098321342925646426635921671
0.128297362110311757854574921112
0.129496402877697869282513920552
0.130695443645083952954877304364
0.131894484412470036627240688176
0.133093525179856120299604071988
0.134292565947242231727543071429
0.135491606714628315399906455241
0.136690647482014399072269839053
0.137889688249400482744633222865
0.139088729016786594172572222305
0.140287769784172677844935606117
0.141486810551558761517298989929
0.142685851318944845189662373741
0.143884892086330956617601373182
0.145083932853717040289964756994
0.146282973621103123962328140806
0.147482014388489207634691524618
0.148681055155875319062630524058
0.149880095923261402734993907870
0.151079136690647486407357291682
0.152278177458033570079720675494
0.153477218225419653752084059306
0.154676258992805765180023058747
0.155875299760191848852386442559
0.157074340527577932524749826371
0.158273381294964016197113210183
0.159472422062350127625052209623
0.160671462829736211297415593435
0.161870503597122294969778977247
0.163069544364508378642142361059
0.164268585131894490070081360500
0.165467625899280573742444744312
0.166666666666666657414808128124
0.167865707434052741087171511936
0.169064748201438852515110511376
0.170263788968824936187473895188
0.171462829736211019859837279000
0.172661870503597103532200662812
0.173860911270983214960139662253
0.175059952038369298632503046065
0.176258992805755382304866429877
0.177458033573141465977229813689
0.178657074340527577405168813129
0.179856115107913688833107812570
0.181055155875299772505471196382
0.182254196642685856177834580194
0.183453237410071967605773579635
0.184652278177458051278136963447
0.185851318944844134950500347259
0.187050359712230218622863731071
0.188249400479616330050802730511
0.189448441247002413723166114323
0.190647482014388497395529498135
0.191846522781774581067892881947
0.193045563549160692495831881388
0.194244604316546776168195265200
0.195443645083932859840558649012
0.196642685851318943512922032824
0.197841726618705054940861032264
0.199040767386091138613224416076
0.200239808153477222285587799888
0.201438848920863305957951183700
0.202637889688249417385890183141
0.203836930455635501058253566953
0.205035971223021584730616950765
0.206235011990407668402980334577
0.207434052757793779830919334017
0.208633093525179863503282717829
0.209832134292565947175646101641
0.211031175059952030848009485453
0.212230215827338142275948484894
0.213429256594724225948311868706
0.214628297362110309620675252518
0.215827338129496393293038636330
0.217026378896882504720977635770
0.218225419664268588393341019582
0.219424460431654672065704403394
0.220623501199040755738067787206
0.221822541966426867166006786647
0.223021582733812950838370170459
0.224220623501199034510733554271
0.225419664268585118183096938083
0.226618705035971229611035937523
0.227817745803357313283399321335
0.229016786570743396955762705147
0.230215827338129480628126088959
0.231414868105515592056065088400
0.232613908872901703484004087841
0.233812949640287787156367471653
0.235011990407673870828730855465
0.236211031175059954501094239276
0.237410071942446065929033238717
0.238609112709832149601396622529
0.239808153477218233273760006341
0.241007194244604316946123390153
0.242206235011990400618486773965
0.243405275779376512046425773406
0.244604316546762567963213541589
0.245803357314148679391152541029
0.247002398081534763063515924841
0.248201438848920874491454924282
0.249400479616306930408242692465
0.250599520383693041836181691906
0.251798561151079125508545075718
0.252997601918465209180908459530
0.254196642685851292853271843342
0.255395683453237432036786458411
0.256594724220623515709149842223
0.257793764988009599381513226035
0.258992805755395738565027841105
0.260191846522781766726239993659
0.261390887290167905909754608729
0.262589928057553934070966761283
0.263788968824940073254481376352
0.264988009592326156926844760164
0.266187050359712240599208143976
0.267386091127098324271571527788
0.268585131894484463455086142858
0.269784172661870491616298295412
0.270983213429256630799812910482
0.272182254196642658961025063036
0.273381294964028798144539678106
0.274580335731414881816903061917
0.275779376498800965489266445729
0.276978417266187049161629829541
0.278177458033573188345144444611
0.279376498800959216506356597165
0.280575539568345355689871212235
0.281774580335731383851083364789
0.282973621103117523034597979859
0.284172661870503606706961363670
0.285371702637889690379324747482
0.286570743405275774051688131294
0.287769784172661913235202746364
0.288968824940047941396414898918
0.290167865707434080579929513988
0.291366906474820108741141666542
0.292565947242206247924656281612
0.293764988009592331597019665423
0.294964028776978415269383049235
0.296163069544364498941746433047
0.297362110311750638125261048117
0.298561151079136666286473200671
0.299760191846522805469987815741
0.300959232613908833631199968295
0.302158273381294972814714583365
0.303357314148681056487077967176
0.304556354916067140159441350988
0.305755395683453223831804734800
0.306954436450839307504168118612
0.308153477218225446687682733682
0.309352517985611530360046117494
0.310551558752997614032409501306
0.311750599520383697704772885118
0.312949640287769836888287500187
0.314148681055155865049499652741
0.315347721822542004233014267811
0.316546762589928032394226420365
0.317745803357314171577741035435
0.318944844124700255250104419247
0.320143884892086338922467803059
0.321342925659472422594831186871
0.322541966426858561778345801940
0.323741007194244589939557954494
0.324940047961630729123072569564
0.326139088729016757284284722118
0.327338129496402896467799337188
0.328537170263788980140162721000
0.329736211031175063812526104812
0.330935251798561147484889488624
0.332134292565947286668404103693
0.333333333333333314829616256247
0.334532374100719454013130871317
0.335731414868105482174343023871
0.336930455635491621357857638941
0.338129496402877705030221022753
0.339328537170263788702584406565
0.340527577937649872374947790377
0.341726618705036011558462405446
0.342925659472422039719674558000
0.344124700239808178903189173070
0.345323741007194207064401325624
0.346522781774580346247915940694
0.347721822541966429920279324506
0.348920863309352513592642708318
0.350119904076738597265006092130
0.351318944844124736448520707199
0.352517985611510764609732859753
0.353717026378896903793247474823
0.354916067146282931954459627377
0.356115107913669071137974242447
0.357314148681055154810337626259
0.358513189448441238482701010071
0.359712230215827377666215625140
0.360911270983213461338579008952
0.362110311750599545010942392764
0.363309352517985628683305776576
0.364508393285371712355669160388
0.365707434052757796028032544200
0.366906474820143935211547159270
0.368105515587529963372759311824
0.369304556354916102556273926893
0.370503597122302186228637310705
0.371702637889688269901000694517
0.372901678657074353573364078329
0.374100719424460437245727462141
0.375299760191846520918090845953
0.376498800959232660101605461023
0.377697841726618688262817613577
0.378896882494004827446332228646
0.380095923261390911118695612458
0.381294964028776994791058996270
0.382494004796163078463422380082
0.383693045563549162135785763894
0.384892086330935245808149147706
0.386091127098321384991663762776
0.387290167865707413152875915330
0.388489208633093552336390530400
0.389688249400479580497602682954
0.390887290167865719681117298023
0.392086330935251803353480681835
0.393285371702637887025844065647
0.394484412470023970698207449459
0.395683453237410109881722064529
0.396882494004796138042934217083
0.398081534772182277226448832153
0.399280575539568305387660984707
0.400479616306954444571175599776
0.401678657074340528243538983588
0.402877697841726611915902367400
0.404076738609112695588265751212
0.405275779376498834771780366282
0.406474820143884862932992518836
0.407673860911271002116507133906
0.408872901678657030277719286460
0.410071942446043169461233901529
0.411270983213429308644748516599
0.412470023980815336805960669153
0.413669064748201475989475284223
0.414868105515587559661838668035
0.416067146282973643334202051847
0.417266187050359727006565435659
0.418465227817745810678928819470
0.419664268585131894351292203282
0.420863309352518033534806818352
0.422062350119904061696018970906
0.423261390887290200879533585976
0.424460431654676284551896969788
0.425659472422062368224260353600
0.426858513189448451896623737412
0.428057553956834535568987121223
0.429256594724220619241350505035
0.430455635491606758424865120105
0.431654676258992786586077272659
0.432853717026378925769591887729
0.434052757793765009441955271541
0.435251798561151093114318655353
0.436450839328537176786682039165
0.437649880095923260459045422976
0.438848920863309344131408806788
0.440047961630695483314923421858
0.441247002398081511476135574412
0.442446043165467650659650189482
0.443645083932853734332013573294
0.444844124700239818004376957106
0.446043165467625901676740340918
0.447242206235011985349103724730
0.448441247002398069021467108541
0.449640287769784208204981723611
0.450839328537170236366193876165
0.452038369304556375549708491235
0.453237410071942459222071875047
0.454436450839328542894435258859
0.455635491606714626566798642671
0.456834532374100710239162026483
0.458033573141486793911525410294
0.459232613908872933095040025364
0.460431654676258961256252177918
0.461630695443645100439766792988
0.462829736211031184112130176800
0.464028776978417267784493560612
0.465227817745803406968008175681
0.466426858513189435129220328236
0.467625899280575574312734943305
0.468824940047961657985098327117
0.470023980815347741657461710929
0.471223021582733825329825094741
0.472422062350119909002188478553
0.473621103117505992674551862365
0.474820143884892131858066477434
0.476019184652278160019278629989
0.477218225419664299202793245058
0.478417266187050382875156628870
0.479616306954436466547520012682
0.480815347721822550219883396494
0.482014388489208633892246780306
0.483213429256594717564610164118
0.484412470023980801236973547930
0.485611510791366940420488162999
0.486810551558753024092851546811
0.488009592326139107765214930623
0.489208633093525135926427083177
0.490407673860911330621092929505
0.491606714628297358782305082059
0.492805755395683442454668465871
0.494004796163069526127031849683
0.495203836930455665310546464752
0.496402877697841748982909848564
0.497601918465227832655273232376
0.498800959232613860816485384930
0.500000000000000000000000000000
0.501199040767386083672363383812
0.502398081534772167344726767624
0.503597122302158251017090151436
0.504796163069544445711755997763
0.505995203836930418361816919059
0.507194244604316502034180302871
0.508393285371702585706543686683
0.509592326139088780401209533011
0.510791366906474864073572916823
0.511990407673860947745936300635
0.513189448441247031418299684447
0.514388489208633115090663068258
0.515587529976019198763026452070
0.516786570743405282435389835882
0.517985611510791477130055682210
0.519184652278177449780116603506
0.520383693045563533452479987318
0.521582733812949617124843371130
0.522781774580335811819509217457
0.523980815347721895491872601269
0.525179856115107868141933522566
0.526378896882493951814296906377
0.527577937649880146508962752705
0.528776978417266230181326136517
0.529976019184652313853689520329
0.531175059952038397526052904141
0.532374100719424481198416287953
0.533573141486810564870779671764
0.534772182254196648543143055576
0.535971223021582732215506439388
0.537170263788968926910172285716
0.538369304556354899560233207012
0.539568345323740983232596590824
0.540767386091127066904959974636
0.541966426858513261599625820963
0.543165467625899345271989204775
0.544364508393285317922050126072
0.545563549160671401594413509883
0.546762589928057596289079356211
0.547961630695443679961442740023
0.549160671462829763633806123835
0.550359712230215847306169507647
0.551558752997601930978532891459
0.552757793764988014650896275270
0.553956834532374098323259659082
0.555155875299760181995623042894
0.556354916067146376690288889222
0.557553956834532349340349810518
0.558752997601918433012713194330
0.559952038369304516685076578142
0.561151079136690711379742424469
0.562350119904076795052105808281
0.563549160671462767702166729578
0.564748201438848962396832575905
0.565947242206235046069195959717
0.567146282973621129741559343529
0.568345323741007213413922727341
0.569544364508393297086286111153
0.570743405275779380758649494965
0.571942446043165464431012878777
0.573141486810551548103376262588
0.574340527577937742798042108916
0.575539568345323826470405492728
0.576738609112709799120466414024
0.577937649880095882792829797836
0.579136690647482077487495644164
0.580335731414868161159859027975
0.581534772182254244832222411787
0.582733812949640217482283333084
0.583932853717026412176949179411
0.585131894484412495849312563223
0.586330935251798579521675947035
0.587529976019184663194039330847
0.588729016786570746866402714659
0.589928057553956830538766098471
0.591127098321342914211129482283
0.592326139088728997883492866094
0.593525179856115192578158712422
0.594724220623501276250522096234
0.595923261390887248900583017530
0.597122302158273332572946401342
0.598321342925659527267612247670
0.599520383693045610939975631482
0.600719424460431694612339015293
0.601918465227817667262399936590
0.603117505995203861957065782917
0.604316546762589945629429166729
0.605515587529976029301792550541
0.606714628297362112974155934353
0.607913669064748196646519318165
0.609112709832134280318882701977
0.610311750599520363991246085789
0.611510791366906447663609469600
0.612709832134292642358275315928
0.613908872901678615008336237224
0.615107913669064698680699621036
0.616306954436450893375365467364
0.617505995203836977047728851176
0.618705035971223060720092234988
0.619904076738609144392455618799
0.621103117505995228064819002611
0.622302158273381311737182386423
0.623501199040767395409545770235
0.624700239808153479081909154047
0.625899280575539673776575000375
0.627098321342925646426635921671
0.628297362110311730098999305483
0.629496402877697813771362689295
0.630695443645084008466028535622
0.631894484412470092138391919434
0.633093525179856064788452840730
0.634292565947242148460816224542
0.635491606714628343155482070870
0.636690647482014426827845454682
0.637889688249400510500208838494
0.639088729016786594172572222305
0.640287769784172677844935606117
0.641486810551558761517298989929
0.642685851318944845189662373741
0.643884892086330928862025757553
0.645083932853717123556691603881
0.646282973621103096206752525177
0.647482014388489179879115908989
0.648681055155875263551479292801
0.649880095923261458246145139128
0.651079136690647541918508522940
0.652278177458033514568569444236
0.653477218225419598240932828048
0.654676258992805792935598674376
0.655875299760191876607962058188
0.657074340527577960280325442000
0.658273381294964043952688825811
0.659472422062350127625052209623
0.660671462829736211297415593435
0.661870503597122294969778977247
0.663069544364508378642142361059
0.664268585131894573336808207387
0.665467625899280545986869128683
0.666666666666666629659232512495
0.667865707434052824353898358822
0.669064748201438908026261742634
0.670263788968824991698625126446
0.671462829736210964348686047742
0.672661870503597159043351894070
0.673860911270983242715715277882
0.675059952038369326388078661694
0.676258992805755410060442045506
0.677458033573141493732805429318
0.678657074340527577405168813129
0.679856115107913661077532196941
0.681055155875299744749895580753
0.682254196642685939444561427081
0.683453237410072023116924810893
0.684652278177457995766985732189
0.685851318944844079439349116001
0.687050359712230274134014962328
0.688249400479616357806378346140
0.689448441247002441478741729952
0.690647482014388414128802651248
0.691846522781774608823468497576
0.693045563549160692495831881388
0.694244604316546776168195265200
0.695443645083932859840558649012
0.696642685851318943512922032824
0.697841726618705027185285416635
0.699040767386091110857648800447
0.700239808153477194530012184259
0.701438848920863389224678030587
0.702637889688249472897041414399
0.703836930455635445547102335695
0.705035971223021529219465719507
0.706235011990407723914131565834
0.707434052757793807586494949646
0.708633093525179891258858333458
0.709832134292565863908919254754
0.711031175059952058603585101082
0.712230215827338142275948484894
0.713429256594724225948311868706
0.714628297362110309620675252518
0.715827338129496393293038636330
0.717026378896882476965402020141
0.718225419664268560637765403953
0.719424460431654755332431250281
0.720623501199040839004794634093
0.721822541966426922677158017905
0.723021582733812895327218939201
0.724220623501199090021884785529
0.725419664268585173694248169340
0.726618705035971257366611553152
0.727817745803357341038974936964
0.729016786570743424711338320776
0.730215827338129508383701704588
0.731414868105515592056065088400
0.732613908872901675728428472212
0.733812949640287870423094318539
0.735011990407673843073155239836
0.736211031175059926745518623648
0.737410071942446010417882007459
0.738609112709832205112547853787
0.739808153477218288784911237599
0.741007194244604372457274621411
0.742206235011990345107335542707
0.743405275779376539802001389035
0.744604316546762623474364772846
0.745803357314148707146728156658
0.747002398081534790819091540470
0.748201438848920874491454924282
0.749400479616306958163818308094
0.750599520383693041836181691906
0.751798561151079125508545075718
0.752997601918465320203210922045
0.754196642685851292853271843342
0.755395683453237376525635227154
0.756594724220623460197998610965
0.757793764988009654892664457293
0.758992805755395738565027841105
0.760191846522781822237391224917
0.761390887290167794887452146213
0.762589928057553989582117992541
0.763788968824940073254481376352
0.764988009592326156926844760164
0.766187050359712240599208143976
0.767386091127098324271571527788
0.768585131894484407943934911600
0.769784172661870491616298295412
0.770983213429256686310964141740
0.772182254196642769983327525551
0.773381294964028742633388446848
0.774580335731414826305751830660
0.775779376498801021000417676987
0.776978417266187104672781060799
0.778177458033573188345144444611
0.779376498800959160995205365907
0.780575539568345355689871212235
0.781774580335731439362234596047
0.782973621103117523034597979859
0.784172661870503606706961363670
0.785371702637889801401627209998
0.786570743405275774051688131294
0.787769784172661857724051515106
0.788968824940047941396414898918
0.790167865707434136091080745246
0.791366906474820219763444129057
0.792565947242206192413505050354
0.793764988009592276085868434166
0.794964028776978470780534280493
0.796163069544364554452897664305
0.797362110311750638125261048117
0.798561151079136610775321969413
0.799760191846522805469987815741
0.800959232613908889142351199553
0.802158273381294972814714583365
0.803357314148681056487077967176
0.804556354916067251181743813504
0.805755395683453223831804734800
0.806954436450839307504168118612
0.808153477218225391176531502424
0.809352517985611585871197348752
0.810551558752997669543560732563
0.811750599520383642193621653860
0.812949640287769725865985037672
0.814148681055155920560650883999
0.815347721822542004233014267811
0.816546762589928087905377651623
0.817745803357314060555438572919
0.818944844124700255250104419247
0.820143884892086338922467803059
0.821342925659472422594831186871
0.822541966426858617289497033198
0.823741007194244700961860417010
0.824940047961630673611921338306
0.826139088729016757284284722118
0.827338129496402951978950568446
0.828537170263789035651313952258
0.829736211031175119323677336070
0.830935251798561091973738257366
0.832134292565947286668404103693
0.833333333333333370340767487505
0.834532374100719454013130871317
0.835731414868105537685494255129
0.836930455635491621357857638941
0.838129496402877705030221022753
0.839328537170263788702584406565
0.840527577937649872374947790377
0.841726618705036067069613636704
0.842925659472422039719674558000
0.844124700239808123392037941812
0.845323741007194207064401325624
0.846522781774580401759067171952
0.847721822541966485431430555764
0.848920863309352569103793939576
0.850119904076738541753854860872
0.851318944844124736448520707199
0.852517985611510820120884091011
0.853717026378896903793247474823
0.854916067146282987465610858635
0.856115107913669071137974242447
0.857314148681055154810337626259
0.858513189448441238482701010071
0.859712230215827322155064393883
0.860911270983213516849730240210
0.862110311750599489499791161506
0.863309352517985573172154545318
0.864508393285371656844517929130
0.865707434052757851539183775458
0.866906474820143935211547159270
0.868105515587530018883910543082
0.869304556354915991533971464378
0.870503597122302186228637310705
0.871702637889688269901000694517
0.872901678657074353573364078329
0.874100719424460548268029924657
0.875299760191846520918090845953
0.876498800959232604590454229765
0.877697841726618688262817613577
0.878896882494004882957483459904
0.880095923261390966629846843716
0.881294964028776939279907765012
0.882494004796163022952271148824
0.883693045563549217646936995152
0.884892086330935301319300378964
0.886091127098321384991663762776
0.887290167865707468664027146588
0.888489208633093552336390530400
0.889688249400479636008753914211
0.890887290167865719681117298023
0.892086330935251803353480681835
0.893285371702637998048146528163
0.894484412470023970698207449459
0.895683453237410054370570833271
0.896882494004796138042934217083
0.898081534772182332737600063410
0.899280575539568416409963447222
0.900479616306954389060024368518
0.901678657074340472732387752330
0.902877697841726667427053598658
0.904076738609112751099416982470
0.905275779376498834771780366282
0.906474820143884918444143750094
0.907673860911271002116507133906
0.908872901678657085788870517717
0.910071942446043169461233901529
0.911270983213429253133597285341
0.912470023980815447828263131669
0.913669064748201420478324052965
0.914868105515587504150687436777
0.916067146282973587823050820589
0.917266187050359782517716666916
0.918465227817745866190080050728
0.919664268585131838840140972025
0.920863309352517922512504355836
0.922062350119904117207170202164
0.923261390887290200879533585976
0.924460431654676284551896969788
0.925659472422062368224260353600
0.926858513189448451896623737412
0.928057553956834535568987121223
0.929256594724220619241350505035
0.930455635491606813936016351363
0.931654676258992897608379735175
0.932853717026378870258440656471
0.934052757793764953930804040283
0.935251798561151148625469886611
0.936450839328537232297833270422
0.937649880095923315970196654234
0.938848920863309288620257575531
0.940047961630695483314923421858
0.941247002398081566987286805670
0.942446043165467650659650189482
0.943645083932853734332013573294
0.944844124700239818004376957106
0.946043165467625901676740340918
0.947242206235011985349103724730
0.948441247002398069021467108541
0.949640287769784263716132954869
0.950839328537170347388496338681
0.952038369304556320038557259977
0.953237410071942403710920643789
0.954436450839328598405586490117
0.955635491606714682077949873928
0.956834532374100765750313257740
0.958033573141486738400374179037
0.959232613908872933095040025364
0.960431654676259016767403409176
0.961630695443645100439766792988
0.962829736211031184112130176800
0.964028776978417267784493560612
0.965227817745803351456856944424
0.966426858513189435129220328236
0.967625899280575518801583712047
0.968824940047961602473947095859
0.970023980815347686146310479671
0.971223021582733880840976325999
0.972422062350119964513339709811
0.973621103117506048185703093623
0.974820143884892131858066477434
0.976019184652278215530429861246
0.977218225419664188180490782543
0.978417266187050271852854166355
0.979616306954436577569822475198
0.980815347721822661242185859010
0.982014388489208744914549242822
0.983213429256594717564610164118
0.984412470023980801236973547930
0.985611510791366884909336931742
0.986810551558752968581700315553
0.988009592326139052254063699365
0.989208633093525246948729545693
0.990407673860911330621092929505
0.991606714628297414293456313317
0.992805755395683497965819697129
0.994004796163069581638183080941
0.995203836930455665310546464752
0.996402877697841637960607386049
0.997601918465227721632970769861
0.998800959232614027349939078704
0.000042572866945647579671983818
0.000099099191148126577512178503
0.000155703609013367713816144988
0.000212306481125200982411349582
0.000268898791747901669269005254
0.000325476314040355188452607882
0.000382035573393640481149047261
0.000438573275153351753441466343
0.000495086180965695170363982669
0.000551571074103349048671496302
0.000608024747873074753075350873
0.000664444001245320724040321902
0.000720825637083183541620190482
0.000777166461413374446906554560
0.000833463283152707443135476240
0.000889712914049293470894475000
0.000945912168730066735614081530
0.001002057864804820844911725786
0.001058146823000206872972261962
0.001114175867311578693730211853
0.001170141825165058220570291070
0.001226041527585109043585465116
0.001281871809366584135519984144
0.001337629509248481609814951376
0.001393311470089265849750526094
0.001448914539043143819702086361
0.001504435567736839675714866083
0.001559871412446415129410270950
0.001615218934274332456338396646
0.001670474999326539188373996758
0.001725636478889357866561837795
0.001780700249606162206134074566
0.001835663193653962405385571266
0.001890522198919810043307720981
0.001945274159176684728583817119
0.001999915974259182122746425492
0.002054444550239272002795098970
0.002108856799600893408563884179
0.002163149641415043535758178095
0.002217320001514262294700641220
0.002271364812666187490974856189
0.002325281014747699378369949486
0.002379065554917854808519850351
0.002432715387790726838113108954
0.002486227475608103389820291440
0.002539598788411037959961147337
0.002592826304211789771592133746
0.002645907009164666714995384211
0.002698837897736741219673062275
0.002751615972878151961111825585
0.002804238246191507414467602999
0.002856701738101393057978061307
0.002909003478022858992652066590
0.002961140504529793070209731098
0.003013109865522422756156650792
0.003064908618394483058589017332
0.003116533830200075676220006216
0.003167982577819435704297168499
0.003219251948124536143874818706
0.003270339038144142070063669081
0.003321240955228017821543318178
0.003371954817210829312423836512
0.003422477752575241866095367982
0.003472806900614733120746802086
0.003522939411595043309594066372
0.003572872446916414840289988319
0.003622603179273280529781864345
0.003672128792815239871349941581
0.003721446483305917204281731969
0.003770553458281946084679203679
0.003819446937211244154364297998
0.003868124151650165643695489237
0.003916582345400362007159511535
0.003964818774664972088339620626
0.004012830708203825660906893802
0.004060615427488044153203627928
0.004108170226854174732211699705
0.004155492413657311742691824463
0.004202579308423396754756939941
0.004249428245001158656324324880
0.004296036570712931379478760618
0.004342401646504946872984209705
0.004388520847096714742885392724
0.004434391561129652492567743138
0.004480011191314909983762770906
0.004525377154580657000637611276
0.004570486882218015994849835693
0.004615337820026824827701616982
0.004659927428459894639678484651
0.004704253182767216545645538872
0.004748312573138551567764054084
0.004792103104845888729423908359
0.004835622298384316744557231971
0.004878867689612811572863471099
0.004921836829893333487007112126
0.004964527286229897251601528296
0.005006936641406131358045250579
0.005049062494122068776858380801
0.005090902459130230810202544234
0.005132454167370770724276862751
0.005173715266105286848807853772
0.005214683419050414499296142168
0.005255356306509847974517413149
0.005295731625505910658557873205
0.005335807089909700914875934075
0.005375580430570753125152361207
0.005415049395445392481363011683
0.005454211749724270988370911084
0.005493065275958997073502132480
0.005531607774187524001474614010
0.005569837062058920727769528725
0.005607750974956740228072327170
0.005645347366121763327262428334
0.005682624106773473578180233545
0.005719579086230395029155637587
0.005756210212030033607222279102
0.005792515410047005715299395234
0.005828492624610636871351765365
0.005864139818621215069494034822
0.005899454973665535506555102074
0.005934436090131080081266912174
0.005969081187319155192005926125
0.006003388303557166509605291793
0.006037355496309754904205036041
0.006070980842288571481535353058
0.006104262437561291075593938871
0.006137198397659525059277818571
0.006169786857685263976869283198
0.006202025972416807565734675478
0.006233913916412947044121128926
0.006265448884116443101222060363
0.006296629089956281774553836783
0.006327452768448741174389660102
0.006357918174297424313001769747
0.006388023582491968339891474926
0.006417767288405775392978735994
0.006447147607892543888508107841
0.006476162877381651424013586649
0.006504811453972244444932115925
0.006533091715526384221646161166
0.006561002060760834538044594666
0.006588540909337722677185933406
0.006615706701954062428361336146
0.006642497900429972582103665957
0.006668912987795904898091770008
0.006694950468378338577501995843
0.006720608867884654211155570636
0.006745886733486554896754849864
0.006770782633902276519133334176
0.006795295159477659184543707482
0.006819422922265912408168464509
0.006843164556106393243972707552
0.006866518716701786734235568588
0.006889484081694213432611739734
0.006912059350740146906888483613
0.006934243245584079638754726460
0.006956034510130902626112714415
0.006977431910517017769890468770
0.006998434235180019981348298330
0.007019040294927645501354973590
0.007039248923004802482861208546
0.007059058975159774110275101577
0.007078469329709035674780270853
0.007097478887600738514662701562
0.007116086572476689083022183269
0.007134291330733825813037451979
0.007152092131583404413519566845
0.007169487967109501418139227980
0.007186477852326338990052168043
0.007203060825233526323629895671
0.007219235946871032164051662505
0.007235002301372108618471301611
0.007250358996015180204630645733
0.007265305161274509919422381898
0.007279839950869101093677837611
0.007293962541811116993828445487
0.007307672134451970689938971049
0.007320967952527998590106506072
0.007333849243204204962354175734
0.007346315277116913580734980371
0.007358365348415116594105178649
0.007369998774800476382118574747
0.007381214897565701975323815276
0.007392013081632269749787766955
0.007402392715586120566784167352
0.007412353211712110513664786282
0.007421894006027760816446292580
0.007431014558314715315323617517
0.007439714352149656706458813460
0.007447992894933375303267997225
0.007455849717918745789280166036
0.007463284376237219047700577335
0.007470296448924013815728883969
0.007476885538941995153205954949
0.007483051273204078396306115906
0.007488793302594449162457035385
0.007494111301988276747920725285
0.007499004970270117809150178800
0.007503474030350979102899078299
0.007507518229184059234404546856
0.007511137337778935225973686585
0.007514331151214657944503727549
0.007517099488651337452216338875
0.007519442193340327568185088580
0.007521359132633175306748007927
0.007522850197989021207856108475
0.007523915304980840004778208652
0.007524554393300315197068428574
0.007524767426760925123629952793
0.007524554393300324738047546447
0.007523915304980840004778208652
0.007522850197989021207856108475
0.007521359132633146683810654309
0.007519442193340327568185088580
0.007517099488651337452216338875
0.007514331151214657944503727549
0.007511137337778935225973686585
0.007507518229184059234404546856
0.007503474030350979102899078299
0.007499004970270117809150178800
0.007494111301988276747920725285
0.007488793302594449162457035385
0.007483051273204078396306115906
0.007476885538941995153205954949
0.007470296448924013815728883969
0.007463284376237219047700577335
0.007455849717918745789280166036
0.007447992894933375303267997225
0.007439714352149656706458813460
0.007431014558314715315323617517
0.007421894006027760816446292580
0.007412353211712110513664786282
0.007402392715586120566784167352
0.007392013081632269749787766955
0.007381214897565701975323815276
0.007369998774800476382118574747
0.007358365348415116594105178649
0.007346315277116913580734980371
0.007333849243204204962354175734
0.007320967952527998590106506072
0.007307672134451970689938971049
0.007293962541811116993828445487
0.007279839950869101093677837611
0.007265305161274509919422381898
0.007250358996015180204630645733
0.007235002301372108618471301611
0.007219235946871032164051662505
0.007203060825233526323629895671
0.007186477852326338990052168043
0.007169487967109501418139227980
0.007152092131583404413519566845
0.007134291330733825813037451979
0.007116086572476689083022183269
0.007097478887600738514662701562
0.007078469329709035674780270853
0.007059058975159774110275101577
0.007039248923004802482861208546
0.007019040294927645501354973590
0.006998434235180019981348298330
0.006977431910517017769890468770
0.006956034510130902626112714415
0.006934243245584079638754726460
0.006912059350740146906888483613
0.006889484081694213432611739734
0.006866518716701786734235568588
0.006843164556106393243972707552
0.006819422922265912408168464509
0.006795295159477659184543707482
0.006770782633902276519133334176
0.006745886733486554896754849864
0.006720608867884654211155570636
0.006694950468378338577501995843
0.006668912987795904898091770008
0.006642497900429972582103665957
0.006615706701954062428361336146
0.006588540909337722677185933406
0.006561002060760834538044594666
0.006533091715526384221646161166
0.006504811453972244444932115925
0.006476162877381651424013586649
0.006447147607892543888508107841
0.006417767288405775392978735994
0.006388023582491968339891474926
0.006357918174297424313001769747
0.006327452768448741174389660102
0.006296629089956281774553836783
0.006265448884116443101222060363
0.006233913916412947044121128926
0.006202025972416807565734675478
0.006169786857685263976869283198
0.006137198397659525059277818571
0.006104262437561291075593938871
0.006070980842288571481535353058
0.006037355496309754904205036041
0.006003388303557166509605291793
0.005969081187319155192005926125
0.005934436090131080081266912174
0.005899454973665535506555102074
0.005864139818621215069494034822
0.005828492624610636871351765365
0.005792515410047005715299395234
0.005756210212030033607222279102
0.005719579086230395029155637587
0.005682624106773473578180233545
0.005645347366121763327262428334
0.005607750974956740228072327170
0.005569837062058920727769528725
0.005531607774187524001474614010
0.005493065275958997073502132480
0.005454211749724270988370911084
0.005415049395445392481363011683
0.005375580430570753125152361207
0.005335807089909700914875934075
0.005295731625505910658557873205
0.005255356306509847974517413149
0.005214683419050414499296142168
0.005173715266105286848807853772
0.005132454167370770724276862751
0.005090902459130230810202544234
0.005049062494122068776858380801
0.005006936641406131358045250579
0.004964527286229897251601528296
0.004921836829893333487007112126
0.004878867689612811572863471099
0.004835622298384316744557231971
0.004792103104845888729423908359
0.004748312573138551567764054084
0.004704253182767216545645538872
0.004659927428459894639678484651
0.004615337820026824827701616982
0.004570486882218015994849835693
0.004525377154580657000637611276
0.004480011191314909983762770906
0.004434391561129652492567743138
0.004388520847096714742885392724
0.004342401646504946872984209705
0.004296036570712931379478760618
0.004249428245001158656324324880
0.004202579308423396754756939941
0.004155492413657311742691824463
0.004108170226854174732211699705
0.004060615427488044153203627928
0.004012830708203825660906893802
0.003964818774664972088339620626
0.003916582345400362007159511535
0.003868124151650165643695489237
0.003819446937211244154364297998
0.003770553458281946084679203679
0.003721446483305917204281731969
0.003672128792815239871349941581
0.003622603179273280529781864345
0.003572872446916414840289988319
0.003522939411595043309594066372
0.003472806900614733120746802086
0.003422477752575241866095367982
0.003371954817210829312423836512
0.003321240955228017821543318178
0.003270339038144142070063669081
0.003219251948124536143874818706
0.003167982577819435704297168499
0.003116533830200075676220006216
0.003064908618394483058589017332
0.003013109865522422756156650792
0.002961140504529793070209731098
0.002909003478022858992652066590
0.002856701738101393057978061307
0.002804238246191507414467602999
0.002751615972878151961111825585
0.002698837897736741219673062275
0.002645907009164666714995384211
0.002592826304211789771592133746
0.002539598788411037959961147337
0.002486227475608103389820291440
0.002432715387790726838113108954
0.002379065554917854808519850351
0.002325281014747699378369949486
0.002271364812666187490974856189
0.002217320001514262294700641220
0.002163149641415043535758178095
0.002108856799600893408563884179
0.002054444550239272002795098970
0.001999915974259182122746425492
0.001945274159176684728583817119
0.001890522198919810043307720981
0.001835663193653962405385571266
0.001780700249606162206134074566
0.001725636478889357866561837795
0.001670474999326539188373996758
0.001615218934274332456338396646
0.001559871412446415129410270950
0.001504435567736839675714866083
0.001448914539043143819702086361
0.001393311470089265849750526094
0.001337629509248481609814951376
0.001281871809366584135519984144
0.001226041527585109043585465116
0.001170141825165058220570291070
0.001114175867311578693730211853
0.001058146823000206872972261962
0.001002057864804820844911725786
0.000945912168730066735614081530
0.000889712914049293470894475000
0.000833463283152707443135476240
0.000777166461413374446906554560
0.000720825637083183541620190482
0.000664444001245320724040321902
0.000608024747873074753075350873
0.000551571074103349048671496302
0.000495086180965695170363982669
0.000438573275153351753441466343
0.000382035573393640481149047261
0.000325476314040355188452607882
0.000268898791747901669269005254
0.000212306481125200982411349582
0.000155703609013367713816144988
0.000099099191148126577512178503
0.000042572866945647579671983818
