0.000899505961685951021394869187
0.002064741516603903464383007460
0.003236858417244357129932685879
0.004410530107376467272295439415
0.005584791565862174365919567975
0.006759338414670480396639895559
0.007934044755940811155525693721
0.009108849185556027600041417713
0.010283718212351852100416849112
0.011458632025061556841682985919
0.012633578158222922085962558469
0.013808548377741302129462219739
0.014983537026570592845531315618
0.016158540090002785488687564452
0.017333554640162580212647824851
0.018508578491632961260382472801
0.019683609980194520516771916618
0.020858647816221504572853362447
0.022033690984919217237258948217
0.023208738676828558067377628049
0.024383790238397783090018577923
0.025558845136175671608480541863
0.026733902930438705608517935275
0.027908963255474050074722569548
0.029084025804638469897556163346
0.030259090318895946747357328377
0.031434156577925517761507023806
0.032609224393147902276712812863
0.033784293602209129747659943632
0.034959364064575192132533487666
0.036134435657985006229431235170
0.037309508275574436442223458243
0.038484581823526320398798361566
0.039659656219138771093835060810
0.040834731389225498165984618026
0.042009807268786461542653398737
0.043184883799893679368064880464
0.044359960930755004682168873842
0.045535038614922924982142404815
0.046710116810621940541814467451
0.047885195480175966886715599458
0.049060274589517005594530019152
0.050235354107763773023886955116
0.051410434006856978172983474451
0.052585514261244470368694692297
0.053760594847607430513125592597
0.054935675744621173532955538121
0.056110756932746419511914837130
0.057285838394046453836416787908
0.058460920112025943629063817752
0.059636002071488905529328405919
0.060811084258413299064027768281
0.061986166659839476988924644729
0.063161249263771937489941876720
0.064336332059090575730131433829
0.065511415035472878032329901998
0.066686498183322909238945896959
0.067861581493709202672626190633
0.069036664958307430994821629611
0.070211748569350349025164348404
0.071386832319581483563553092608
0.072561916202213652682395661486
0.073737000210892078566615737145
0.074912084339659984477677312498
0.076087168582928230153861193230
0.077262252935447028878712671940
0.078437337392280828685109383969
0.079612421948784886649441716600
0.080787506600584216287508354526
0.081962591343554214162736570870
0.083137676173803090606817534081
0.084312761087655313518851585286
0.085487846081637217099391534703
0.086662931152462915895817729961
0.087838016297021953571189101240
0.089013101512367534540182134606
0.090188186795706073994871587729
0.091363272144387164264145440029
0.092538357555894651396144467981
0.093713443027838058685397015779
0.094888528557944912256161273945
0.096063614144053358079311522033
0.097238699784105611656492840211
0.098413785476141851793485670896
0.099588871218294114373570380394
0.100763957008781213087189598809
0.101939042845903507505944673994
0.103114128728038628723950864696
0.104289214653636608254316797684
0.105464300621216228170951012544
0.106639386629361052061248926748
0.107814472676716066601443344553
0.108989558761983892920532923654
0.110164644883922538398657309244
0.111339731041341635786601216296
0.112514817233100125615230524545
0.113689903458103702682535640633
0.114864989715302442951916361835
0.116040076003688458206042355414
0.117215162322293786623106370826
0.118390248670188394375379914436
0.119565335046478329883434810199
0.120740421450304155626120916622
0.121915507880838921983546185857
0.123090594337286779458295882250
0.124265680818881646407803032162
0.125440767324885488198660254966
0.126615853854587401272624447301
0.127790940407301989445443268778
0.128966026982368447972859826223
0.130141113579149286794134354750
0.131316200197029359086897670750
0.132491286835414945333155856133
0.133666373493732643096265633176
0.134841460171428506598090280022
0.136016546867967269562882393075
0.137191633582831623572317880644
0.138366720315521080086895722161
0.139541807065551776156908658777
0.140716893832455364199418568205
0.141891980615778512397895383401
0.143067067415082266323977933098
0.144242154229941438314810397969
0.145417241059944218894983691825
0.146592327904691260842540145859
0.147767414763795540411095430500
0.148942501636881718951599395950
0.150117588523585532289672528350
0.151292675423553679703303487258
0.152467762336443074522307483676
0.153642849261920622083721355011
0.154817936199662858909320561906
0.155993023149355453105258106916
0.157168110110692899050732762589
0.158343197083378156575506068293
0.159518284067122539937599867699
0.160693371061645051689481533685
0.161868458066672354922488352713
0.163043545081938440199920137275
0.164218632107184209223404991462
0.165393719142157474832899310968
0.166568806186612461406326701763
0.167743893240309749348426748838
0.168918980303015969779423244290
0.170094067374503471468116799770
0.171269154454550404098611693371
0.172444241542940107647652325795
0.173619328639461500962681839155
0.174794415743908110316695569963
0.175969502856078652275328977339
0.177144589975776450829769714801
0.178319677102809243107728320865
0.179494764236989262640165065932
0.180669851378132906294382564738
0.181844938526060623251723313842
0.183020025680596748474115997851
0.184195112841569502704075489419
0.185370200008810742664522308587
0.186545287182155711258602082125
0.187720374361443176347563621675
0.188895461546515153195002767461
0.190070548737216821200135541403
0.191245635933396468386646915860
0.192420723134905269358085888598
0.193595810341597202031138635903
0.194770897553329075391204128209
0.195945984769960418470091667587
0.197121071991353091767962268932
0.198296159217371675831387278777
0.199471246447882888386260447078
0.200646333682755917404705314766
0.201821420921862143549319057456
0.202996508165074918128567560416
0.204171595412269840652541574855
0.205346682663324425766049330377
0.206521769918118047737465303726
0.207696857176531912703154603150
0.208871944438449058667472968409
0.210047031703754216724888692625
0.211222118972333672282104544138
0.212397206244075348324784613396
0.213572293518868694395251850437
0.214747380796604492303458755487
0.215922468077175078171592303988
0.217097555360473926100439712172
0.218272642646395897969568977715
0.219447729934837104659450801591
0.220622817225694822784731741194
0.221797904518867328160780516555
0.222972991814254034581566088491
0.224148079111755410552930811718
0.225323166411272840514712356708
0.226498253712708541574016862796
0.227673341015965785549823863221
0.228848428320948510394927666312
0.230023515627561458973815433637
0.231198602935710179062667180006
0.232373690245300801304750848431
0.233548777556240233499451619537
0.234723864868435799779788908381
0.235898952181795518168172520745
0.237074039496227850776222112472
0.238249126811641814827069651983
0.239424214127946760610754495247
0.240599301445052538017677079552
0.241774388762869246738418382847
0.242949476081307375041618001887
0.244124563400277577729369227200
0.245299650719690870426248352487
0.246474738039458435290285365227
0.247649825359491482235085868524
0.248824912679701526485587237403
0.250000000000000000000000000000
0.251175087320298473514412762597
0.252350174640508517764914131476
0.253525261960541592465290250402
0.254700349280309101818176031884
0.255875436599722450026206388429
0.257050523918692708225108844999
0.258225611237130781017157232782
0.259400698554947517493474151706
0.260575785872053211633669889125
0.261750873188358212928505963646
0.262925960503772204734929118786
0.264101047818204537342978710512
0.265276135131564227975786707248
0.266451222443759794256123996092
0.267626309754699198695249151569
0.268801397064289848692908435623
0.269976484372438541026184566363
0.271151571679051572871799180575
0.272326658984034242205751752408
0.273501746287291513937134368462
0.274676833588727242752014490179
0.275851920888244617202644803911
0.277027008185745993174009527138
0.278202095481132671839219483445
0.279377182774305232726419490064
0.280552270065162923096124814037
0.281727357353604102030431022285
0.282902444639526129410711519085
0.284077531922824977339558927270
0.285252619203395507696541244513
0.286427706481131361115899380820
0.287602793755924679430791002233
0.288777881027666383229046687120
0.289952968296245838786262538633
0.291128055561550969088102647220
0.292303142823468142807996628108
0.293478230081882007773685927532
0.294653317336675657500677516509
0.295828404587730187103034040774
0.297003491834925137382583670842
0.298178579078137939717407789431
0.299353666317244138106445916492
0.300528753552117167124890784180
0.301703840782628351924188336852
0.302878928008646908232037731068
0.304054015230039609285483948042
0.305229102446670952364371487420
0.306404189658402825724436979726
0.307579276865094786153065342660
0.308754364066603559368928699769
0.309929451262783206555440074226
0.311104538453484902316148463797
0.312279625638556879163587609582
0.313454712817844316496973533503
0.314629799991189285091053307042
0.315804887158430525051500126210
0.316979974319403279281459617778
0.318155061473939404503852301787
0.319330148621867149216768666520
0.320505235763010765115410549697
0.321680322897190784647847294764
0.322855410024223632436957132086
0.324030497143921347724671022661
0.325205584256091917438880045665
0.326380671360538499037318160845
0.327555758457059920107923289834
0.328730845545449623656963922258
0.329905932625496611798610047117
0.331081019696984057976152371339
0.332256106759690250651573251162
0.333431193813387594104824529495
0.334606280857842552922676304661
0.335781367892815818532170624167
0.336956454918061587555655478354
0.338131541933327672833087262916
0.339306628938355003821669697572
0.340481715932877460062400132301
0.341656802916621871180069547336
0.342831889889307128704842853040
0.344006976850644574650317508713
0.345182063800337224357406284980
0.346357150738079377916278644989
0.347532237663556953233268131953
0.348707324576446320296696512742
0.349882411476414467710327471650
0.351057498363118336559551835308
0.352232585236204487344480185129
0.353407672095308766913035469770
0.354582758940055808860591923803
0.355757845770058644951916448917
0.356932932584917816942748913789
0.358108019384221487602104616599
0.359283106167544663556157047424
0.360458192934448251598666956852
0.361633279684478947668679893468
0.362808366417168404183257734985
0.363983453132032785948268838183
0.365158539828571548913060951236
0.366333626506267384659309982453
0.367508713164585054666844143867
0.368683799802970668668677944879
0.369858886420850685450290029621
0.371033973017631579782715789406
0.372209059592698066065707962480
0.373384146145412654238526783956
0.374559232675114595068066591921
0.375734319181118325836621352209
0.376909405662713248297279733379
0.378084492119161064138666006329
0.379259578549695886007242506821
0.380434664953521683994352997615
0.381609751329811675013559124636
0.382784837677706268888044860432
0.383959923996311625060684491473
0.385135010284697543170295830350
0.386310096541896352828615590624
0.387485182766899860506981667641
0.388660268958658405846762207148
0.389835355116077475479130498570
0.391010441238016093201679268532
0.392185527323284044420859117963
0.393360613370638989572114496696
0.394535699378783799584624603085
0.395710785346363447256834433574
0.396885871271961399031624750933
0.398060957154096561882994365078
0.399236042991218842423961632448
0.400411128781705927259793043049
0.401586214523858120450938713475
0.402761300215894402221294967603
0.403936385855946711309627517039
0.405111471442055115499414341684
0.406286556972161982947966407664
0.407461642444105376359431147648
0.408636727855612835735854559971
0.409811813204293995394067451343
0.410986898487632534848756904466
0.412161983702978074184386514389
0.413337068847537125737545693482
0.414512153918362824533971888741
0.415687238912344714236724030343
0.416862323826196923270970273734
0.418037408656445841348414660388
0.419212493399415797590279453289
0.420387578051215127228346091215
0.421562662607719185192678423846
0.422737747064552971121287328060
0.423912831417071811479502230213
0.425087915660340043277898303131
0.426262999789107976944535494113
0.427438083797786361195392146328
0.428613167680418571947598138649
0.429788251430649692608199075039
0.430963335041692652271905217276
0.432138418506290811205161617181
0.433313501816677104638841910855
0.434488584964527191356609137074
0.435663667940909438147656373985
0.436838750736228076387845931094
0.438013833340160529949969259178
0.439188915741586749508229559069
0.440363997928511108348459401896
0.441539079887974084126511797876
0.442714161605953560041371019906
0.443889243067253635999236394127
0.445064324255378840344832269693
0.446239405152392576425768311310
0.447414485738755529631305307703
0.448589565993143091215955564621
0.449764645892236303303945987864
0.450939725410483049916621212105
0.452114804519824053929966112264
0.453289883189378073335973340363
0.454464961385077081956751499092
0.455640039069245050828982357416
0.456815116200106341448616831258
0.457990192731213552335134409077
0.459165268610774557345166613231
0.460340343780861249722846650911
0.461515418176473735112352869692
0.462690491724425612130033869107
0.463865564342015035403932188274
0.465040635935424828684148224056
0.466215706397790918824597383718
0.467390775606852104662181091044
0.468565843422074523871856399637
0.469740909681104046313748767716
0.470915974195361575205254212051
0.472091036744525960333618286313
0.473266097069561353372080247937
0.474441154863824376963776785487
0.475616209761602237726663133799
0.476791261323171455810410179765
0.477966309015080803579422763505
0.479141352183778568285532628579
0.480316390019805528055485410732
0.481491421508367045678511431106
0.482666445359837492645738166175
0.483841459909997273491910618759
0.485016462973429429705873872081
0.486191451622258741238624679681
0.487366421841777086587654821415
0.488541367974938467444445677756
0.489716281787648144430136198935
0.490891150814443955052723822519
0.492065955244059216600049921908
0.493240661585329531746424436278
0.494415208434137887216763829201
0.495589469892623590840941005808
0.496763141582755640701662969150
0.497935258483396148143640402850
0.499100494038314024258795598143
0.000000000000000000000000000000
0.001176470588235294231424510336
0.002352941176470588462849020672
0.003529411764705882477433096511
0.004705882352941176925698041345
0.005882352941176471373962986178
0.007058823529411764954866193023
0.008235294117647059403131137856
0.009411764705882353851396082689
0.010588235294117646564937551545
0.011764705882352942747925972355
0.012941176470588235461467441212
0.014117647058823529909732386045
0.015294117647058822623273854902
0.016470588235294118806262275712
0.017647058823529411519803744568
0.018823529411764707702792165378
0.020000000000000000416333634234
0.021176470588235293129875103091
0.022352941176470589312863523901
0.023529411764705885495851944711
0.024705882352941178209393413567
0.025882352941176470922934882424
0.027058823529411763636476351280
0.028235294117647059819464772090
0.029411764705882356002453192900
0.030588235294117645246547709803
0.031764705882352944898983082567
0.032941176470588237612524551423
0.034117647058823530326066020280
0.035294117647058823039607489136
0.036470588235294122692042861900
0.037647058823529415405584330756
0.038823529411764708119125799612
0.040000000000000000832667268469
0.041176470588235293546208737325
0.042352941176470586259750206182
0.043529411764705878973291675038
0.044705882352941178625727047802
0.045882352941176471339268516658
0.047058823529411770991703889422
0.048235294117647063705245358278
0.049411764705882356418786827135
0.050588235294117649132328295991
0.051764705882352941845869764848
0.052941176470588234559411233704
0.054117647058823527272952702560
0.055294117647058819986494171417
0.056470588235294119638929544180
0.057647058823529419291364916944
0.058823529411764712004906385800
0.059999999999999997779553950750
0.061176470588235290493095419606
0.062352941176470583206636888463
0.063529411764705889797966165133
0.064705882352941182511507633990
0.065882352941176475225049102846
0.067058823529411767938590571703
0.068235294117647060652132040559
0.069411764705882353365673509416
0.070588235294117646079214978272
0.071764705882352938792756447128
0.072941176470588245384085723799
0.074117647058823538097627192656
0.075294117647058830811168661512
0.076470588235294123524710130368
0.077647058823529416238251599225
0.078823529411764708951793068081
0.080000000000000001665334536938
0.081176470588235294378876005794
0.082352941176470587092417474651
0.083529411764705879805958943507
0.084705882352941172519500412363
0.085882352941176465233041881220
0.087058823529411757946583350076
0.088235294117647064537912626747
0.089411764705882357251454095604
0.090588235294117649964995564460
0.091764705882352942678537033316
0.092941176470588249269866309987
0.094117647058823541983407778844
0.095294117647058834696949247700
0.096470588235294127410490716557
0.097647058823529420124032185413
0.098823529411764712837573654269
0.100000000000000005551115123126
0.101176470588235298264656591982
0.102352941176470590978198060839
0.103529411764705883691739529695
0.104705882352941176405280998551
0.105882352941176469118822467408
0.107058823529411761832363936264
0.108235294117647054545905405121
0.109411764705882347259446873977
0.110588235294117639972988342834
0.111764705882352932686529811690
0.112941176470588239277859088361
0.114117647058823545869188365032
0.115294117647058838582729833888
0.116470588235294131296271302745
0.117647058823529424009812771601
0.118823529411764702845566432643
0.119999999999999995559107901499
0.121176470588235288272649370356
0.122352941176470580986190839212
0.123529411764705873699732308069
0.124705882352941166413273776925
0.125882352941176500760178669225
0.127058823529411779595932330267
0.128235294117647086187261606938
0.129411764705882365023015267980
0.130588235294117671614344544651
0.131764705882352950450098205692
0.132941176470588257041427482363
0.134117647058823535877181143405
0.135294117647058842468510420076
0.136470588235294121304264081118
0.137647058823529427895593357789
0.138823529411764706731347018831
0.140000000000000013322676295502
0.141176470588235292158429956544
0.142352941176470598749759233215
0.143529411764705877585512894257
0.144705882352941184176842170928
0.145882352941176490768171447598
0.147058823529411769603925108640
0.148235294117647076195254385311
0.149411764705882355031008046353
0.150588235294117661622337323024
0.151764705882352940458090984066
0.152941176470588247049420260737
0.154117647058823525885173921779
0.155294117647058832476503198450
0.156470588235294111312256859492
0.157647058823529417903586136163
0.158823529411764696739339797205
0.160000000000000003330669073875
0.161176470588235282166422734917
0.162352941176470588757752011588
0.163529411764705867593505672630
0.164705882352941174184834949301
0.165882352941176480776164225972
0.167058823529411759611917887014
0.168235294117647066203247163685
0.169411764705882345039000824727
0.170588235294117651630330101398
0.171764705882352930466083762440
0.172941176470588237057413039111
0.174117647058823515893166700153
0.175294117647058822484495976823
0.176470588235294129075825253494
0.177647058823529435667154530165
0.178823529411764714502908191207
0.180000000000000021094237467878
0.181176470588235299929991128920
0.182352941176470606521320405591
0.183529411764705885357074066633
0.184705882352941191948403343304
0.185882352941176498539732619975
0.187058823529411777375486281016
0.188235294117647083966815557687
0.189411764705882362802569218729
0.190588235294117669393898495400
0.191764705882352948229652156442
0.192941176470588254820981433113
0.194117647058823533656735094155
0.195294117647058840248064370826
0.196470588235294119083818031868
0.197647058823529425675147308539
0.198823529411764704510900969581
0.200000000000000011102230246252
0.201176470588235289937983907294
0.202352941176470596529313183964
0.203529411764705875365066845006
0.204705882352941181956396121677
0.205882352941176488547725398348
0.207058823529411767383479059390
0.208235294117647073974808336061
0.209411764705882352810561997103
0.210588235294117659401891273774
0.211764705882352938237644934816
0.212941176470588244828974211487
0.214117647058823523664727872529
0.215294117647058830256057149199
0.216470588235294109091810810241
0.217647058823529415683140086912
0.218823529411764694518893747954
0.220000000000000001110223024625
0.221176470588235279945976685667
0.222352941176470586537305962338
0.223529411764705865373059623380
0.224705882352941171964388900051
0.225882352941176478555718176722
0.227058823529411785147047453393
0.228235294117647091738376730063
0.229411764705882370574130391105
0.230588235294117677165459667776
0.231764705882352956001213328818
0.232941176470588262592542605489
0.234117647058823541428296266531
0.235294117647058848019625543202
0.236470588235294126855379204244
0.237647058823529405691132865286
0.238823529411764712282462141957
0.239999999999999991118215802999
0.241176470588235297709545079670
0.242352941176470576545298740712
0.243529411764705883136628017382
0.244705882352941161972381678424
0.245882352941176468563710955095
0.247058823529411747399464616137
0.248235294117647081746369508437
0.249411764705882332826547553850
0.250588235294117667173452446150
0.251764705882353001520357338450
0.252941176470588224844959768234
0.254117647058823559191864660534
0.255294117647058838027618321576
0.256470588235294172374523213875
0.257647058823529395699125643659
0.258823529411764730046030535959
0.260000000000000008881784197001
0.261176470588235343228689089301
0.262352941176470566553291519085
0.263529411764705900900196411385
0.264705882352941179735950072427
0.265882352941176514082854964727
0.267058823529411792918608625769
0.268235294117647071754362286811
0.269411764705882350590115947853
0.270588235294117684937020840152
0.271764705882352963772774501194
0.272941176470588242608528162236
0.274117647058823521444281823278
0.275294117647058855791186715578
0.276470588235294134626940376620
0.277647058823529413462694037662
0.278823529411764692298447698704
0.280000000000000026645352591004
0.281176470588235305481106252046
0.282352941176470584316859913088
0.283529411764705863152613574130
0.284705882352941197499518466429
0.285882352941176476335272127471
0.287058823529411755171025788513
0.288235294117647034006779449555
0.289411764705882368353684341855
0.290588235294117647189438002897
0.291764705882352981536342895197
0.292941176470588204860945324981
0.294117647058823539207850217281
0.295294117647058818043603878323
0.296470588235294152390508770623
0.297647058823529375715111200407
0.298823529411764710062016092706
0.299999999999999988897769753748
0.301176470588235323244674646048
0.302352941176470602080428307090
0.303529411764705880916181968132
0.304705882352941215263086860432
0.305882352941176494098840521474
0.307058823529411772934594182516
0.308235294117647051770347843558
0.309411764705882386117252735858
0.310588235294117664953006396900
0.311764705882352999299911289199
0.312941176470588222624513718984
0.314117647058823556971418611283
0.315294117647058835807172272325
0.316470588235294170154077164625
0.317647058823529393478679594409
0.318823529411764727825584486709
0.320000000000000006661338147751
0.321176470588235341008243040051
0.322352941176470564332845469835
0.323529411764705898679750362135
0.324705882352941177515504023177
0.325882352941176511862408915476
0.327058823529411735187011345261
0.328235294117647069533916237560
0.329411764705882348369669898602
0.330588235294117682716574790902
0.331764705882352961552328451944
0.332941176470588240388082112986
0.334117647058823519223835774028
0.335294117647058853570740666328
0.336470588235294132406494327370
0.337647058823529411242247988412
0.338823529411764690078001649454
0.340000000000000024424906541753
0.341176470588235303260660202795
0.342352941176470582096413863837
0.343529411764705860932167524879
0.344705882352941195279072417179
0.345882352941176474114826078221
0.347058823529411752950579739263
0.348235294117647031786333400305
0.349411764705882366133238292605
0.350588235294117644968991953647
0.351764705882352979315896845947
0.352941176470588258151650506989
0.354117647058823536987404168030
0.355294117647058871334309060330
0.356470588235294150170062721372
0.357647058823529429005816382414
0.358823529411764707841570043456
0.360000000000000042188474935756
0.361176470588235321024228596798
0.362352941176470599859982257840
0.363529411764705878695735918882
0.364705882352941213042640811182
0.365882352941176491878394472224
0.367058823529411770714148133266
0.368235294117647049549901794308
0.369411764705882383896806686607
0.370588235294117662732560347649
0.371764705882352997079465239949
0.372941176470588220404067669733
0.374117647058823554750972562033
0.375294117647058833586726223075
0.376470588235294167933631115375
0.377647058823529391258233545159
0.378823529411764725605138437459
0.380000000000000004440892098501
0.381176470588235338787796990800
0.382352941176470562112399420585
0.383529411764705896459304312884
0.384705882352941175295057973926
0.385882352941176509641962866226
0.387058823529411732966565296010
0.388235294117647067313470188310
0.389411764705882346149223849352
0.390588235294117680496128741652
0.391764705882352959331882402694
0.392941176470588238167636063736
0.394117647058823517003389724778
0.395294117647058851350294617077
0.396470588235294130186048278119
0.397647058823529409021801939161
0.398823529411764687857555600203
0.400000000000000022204460492503
0.401176470588235301040214153545
0.402352941176470579875967814587
0.403529411764705914222872706887
0.404705882352941193058626367929
0.405882352941176527405531260229
0.407058823529411750730133690013
0.408235294117647085077038582313
0.409411764705882363912792243354
0.410588235294117698259697135654
0.411764705882352977095450796696
0.412941176470588255931204457738
0.414117647058823534766958118780
0.415294117647058869113863011080
0.416470588235294147949616672122
0.417647058823529426785370333164
0.418823529411764705621123994206
0.420000000000000039968028886506
0.421176470588235318803782547548
0.422352941176470597639536208590
0.423529411764705876475289869632
0.424705882352941210822194761931
0.425882352941176489657948422973
0.427058823529411768493702084015
0.428235294117647047329455745057
0.429411764705882381676360637357
0.430588235294117660512114298399
0.431764705882352939347867959441
0.432941176470588218183621620483
0.434117647058823552530526512783
0.435294117647058831366280173825
0.436470588235294165713185066124
0.437647058823529389037787495909
0.438823529411764723384692388208
0.440000000000000002220446049250
0.441176470588235336567350941550
0.442352941176470559891953371334
0.443529411764705894238858263634
0.444705882352941173074611924676
0.445882352941176507421516816976
0.447058823529411730746119246760
0.448235294117647065093024139060
0.449411764705882343928777800102
0.450588235294117678275682692401
0.451764705882352957111436353443
0.452941176470588235947190014485
0.454117647058823570294094906785
0.455294117647058849129848567827
0.456470588235294183476753460127
0.457647058823529406801355889911
0.458823529411764741148260782211
0.460000000000000019984014443253
0.461176470588235354330919335553
0.462352941176470577655521765337
0.463529411764705912002426657637
0.464705882352941190838180318678
0.465882352941176525185085210978
0.467058823529411748509687640762
0.468235294117647082856592533062
0.469411764705882361692346194104
0.470588235294117696039251086404
0.471764705882352974875004747446
0.472941176470588253710758408488
0.474117647058823532546512069530
0.475294117647058811382265730572
0.476470588235294201240321854129
0.477647058823529424564924283914
0.478823529411764703400677944956
0.479999999999999982236431605997
0.481176470588235372094487729555
0.482352941176470595419090159339
0.483529411764705874254843820381
0.484705882352941153090597481423
0.485882352941176542948653604981
0.487058823529411766273256034765
0.488235294117647045109009695807
0.489411764705882323944763356849
0.490588235294117713802819480406
0.491764705882352937127421910191
0.492941176470588215963175571233
0.494117647058823494798929232275
0.495294117647058884656985355832
0.496470588235294163492739016874
0.497647058823529386817341446658
0.498823529411764665653095107700
0.500000000000000000000000000000
0.501176470588235334346904892300
0.502352941176470557671507322084
0.503529411764706003040714676899
0.504705882352941226365317106684
0.505882352941176449689919536468
0.507058823529411784036824428767
0.508235294117647118383729321067
0.509411764705882341708331750851
0.510588235294117676055236643151
0.511764705882352899379839072935
0.512941176470588344749046427751
0.514117647058823568073648857535
0.515294117647058791398251287319
0.516470588235294125745156179619
0.517647058823529460092061071919
0.518823529411764794438965964218
0.520000000000000017763568394003
0.521176470588235241088170823787
0.522352941176470686457378178602
0.523529411764705909781980608386
0.524705882352941133106583038170
0.525882352941176467453487930470
0.527058823529411801800392822770
0.528235294117647136147297715070
0.529411764705882359471900144854
0.530588235294117582796502574638
0.531764705882353028165709929453
0.532941176470588251490312359238
0.534117647058823585837217251537
0.535294117647058809161819681322
0.536470588235294143508724573621
0.537647058823529477855629465921
0.538823529411764701180231895705
0.539999999999999924504834325489
0.541176470588235369874041680305
0.542352941176470593198644110089
0.543529411764705927545549002389
0.544705882352941150870151432173
0.545882352941176485217056324473
0.547058823529411819563961216772
0.548235294117647042888563646557
0.549411764705882266213166076341
0.550588235294117711582373431156
0.551764705882352934906975860940
0.552941176470588269253880753240
0.554117647058823603600785645540
0.555294117647058826925388075324
0.556470588235294161272292967624
0.557647058823529384596895397408
0.558823529411764829966102752223
0.560000000000000053290705182008
0.561176470588235276615307611792
0.562352941176470610962212504091
0.563529411764705945309117396391
0.564705882352941168633719826175
0.565882352941176502980624718475
0.567058823529411726305227148259
0.568235294117647171674434503075
0.569411764705882394999036932859
0.570588235294117618323639362643
0.571764705882352952670544254943
0.572941176470588287017449147243
0.574117647058823510342051577027
0.575294117647058844688956469327
0.576470588235294068013558899111
0.577647058823529513382766253926
0.578823529411764736707368683710
0.579999999999999960031971113494
0.581176470588235294378876005794
0.582352941176470628725780898094
0.583529411764705963072685790394
0.584705882352941186397288220178
0.585882352941176409721890649962
0.587058823529411855091098004777
0.588235294117647078415700434562
0.589411764705882301740302864346
0.590588235294117636087207756646
0.591764705882352970434112648945
0.592941176470588304781017541245
0.594117647058823528105619971029
0.595294117647058751430222400813
0.596470588235294196799429755629
0.597647058823529420124032185413
0.598823529411764754470937077713
0.599999999999999977795539507497
0.601176470588235312142444399797
0.602352941176470646489349292096
0.603529411764705869813951721881
0.604705882352941204160856614180
0.605882352941176538507761506480
0.607058823529411761832363936264
0.608235294117647096179268828564
0.609411764705882430526173720864
0.610588235294117653850776150648
0.611764705882352988197681042948
0.612941176470588211522283472732
0.614117647058823545869188365032
0.615294117647058880216093257332
0.616470588235294103540695687116
0.617647058823529437887600579415
0.618823529411764772234505471715
0.619999999999999995559107901499
0.621176470588235329906012793799
0.622352941176470553230615223583
0.623529411764705998599822578399
0.624705882352941221924425008183
0.625882352941176445249027437967
0.627058823529411779595932330267
0.628235294117647113942837222567
0.629411764705882337267439652351
0.630588235294117671614344544651
0.631764705882352894938946974435
0.632941176470588340308154329250
0.634117647058823563632756759034
0.635294117647058786957359188818
0.636470588235294121304264081118
0.637647058823529455651168973418
0.638823529411764789998073865718
0.640000000000000013322676295502
0.641176470588235236647278725286
0.642352941176470682016486080101
0.643529411764705905341088509886
0.644705882352941128665690939670
0.645882352941176463012595831970
0.647058823529411797359500724269
0.648235294117647131706405616569
0.649411764705882355031008046353
0.650588235294117578355610476137
0.651764705882353023724817830953
0.652941176470588247049420260737
0.654117647058823470374022690521
0.655294117647058915743230045337
0.656470588235294139067832475121
0.657647058823529473414737367420
0.658823529411764696739339797205
0.660000000000000031086244689504
0.661176470588235365433149581804
0.662352941176470588757752011588
0.663529411764705923104656903888
0.664705882352941257451561796188
0.665882352941176480776164225972
0.667058823529411815123069118272
0.668235294117647038447671548056
0.669411764705882372794576440356
0.670588235294117707141481332656
0.671764705882352930466083762440
0.672941176470588264812988654739
0.674117647058823599159893547039
0.675294117647058822484495976823
0.676470588235294156831400869123
0.677647058823529380156003298907
0.678823529411764714502908191207
0.680000000000000048849813083507
0.681176470588235272174415513291
0.682352941176470606521320405591
0.683529411764705940868225297891
0.684705882352941164192827727675
0.685882352941176498539732619975
0.687058823529411721864335049759
0.688235294117647167233542404574
0.689411764705882390558144834358
0.690588235294117613882747264142
0.691764705882352948229652156442
0.692941176470588282576557048742
0.694117647058823505901159478526
0.695294117647058840248064370826
0.696470588235294063572666800610
0.697647058823529508941874155425
0.698823529411764732266476585210
0.699999999999999955591079014994
0.701176470588235289937983907294
0.702352941176470624284888799593
0.703529411764705958631793691893
0.704705882352941181956396121677
0.705882352941176516303301013977
0.707058823529411850650205906277
0.708235294117647073974808336061
0.709411764705882297299410765845
0.710588235294117742668618120661
0.711764705882352965993220550445
0.712941176470588300340125442744
0.714117647058823523664727872529
0.715294117647058858011632764828
0.716470588235294192358537657128
0.717647058823529415683140086912
0.718823529411764750030044979212
0.720000000000000084376949871512
0.721176470588235307701552301296
0.722352941176470642048457193596
0.723529411764705865373059623380
0.724705882352941199719964515680
0.725882352941176534066869407980
0.727058823529411757391471837764
0.728235294117647091738376730063
0.729411764705882426085281622363
0.730588235294117649409884052147
0.731764705882352983756788944447
0.732941176470588207081391374231
0.734117647058823541428296266531
0.735294117647058875775201158831
0.736470588235294099099803588615
0.737647058823529433446708480915
0.738823529411764767793613373215
0.739999999999999991118215802999
0.741176470588235325465120695299
0.742352941176470548789723125083
0.743529411764705994158930479898
0.744705882352941217483532909682
0.745882352941176440808135339466
0.747058823529411775155040231766
0.748235294117647109501945124066
0.749411764705882332826547553850
0.750588235294117667173452446150
0.751764705882352890498054875934
0.752941176470588335867262230749
0.754117647058823559191864660534
0.755294117647058782516467090318
0.756470588235294227885674445133
0.757647058823529451210276874917
0.758823529411764674534879304701
0.760000000000000008881784197001
0.761176470588235343228689089301
0.762352941176470677575593981601
0.763529411764705900900196411385
0.764705882352941124224798841169
0.765882352941176569594006195985
0.767058823529411792918608625769
0.768235294117647127265513518068
0.769411764705882350590115947853
0.770588235294117684937020840152
0.771764705882353019283925732452
0.772941176470588242608528162236
0.774117647058823465933130592020
0.775294117647058911302337946836
0.776470588235294134626940376620
0.777647058823529468973845268920
0.778823529411764692298447698704
0.780000000000000026645352591004
0.781176470588235360992257483304
0.782352941176470584316859913088
0.783529411764705918663764805387
0.784705882352941253010669697687
0.785882352941176476335272127471
0.787058823529411810682177019771
0.788235294117647034006779449555
0.789411764705882368353684341855
0.790588235294117702700589234155
0.791764705882352926025191663939
0.792941176470588260372096556239
0.794117647058823594719001448539
0.795294117647058818043603878323
0.796470588235294152390508770623
0.797647058823529375715111200407
0.798823529411764710062016092706
0.800000000000000044408920985006
0.801176470588235267733523414790
0.802352941176470602080428307090
0.803529411764705936427333199390
0.804705882352941159751935629174
0.805882352941176494098840521474
0.807058823529411828445745413774
0.808235294117647162792650306073
0.809411764705882386117252735858
0.810588235294117609441855165642
0.811764705882353054811062520457
0.812941176470588278135664950241
0.814117647058823501460267380025
0.815294117647058835807172272325
0.816470588235294170154077164625
0.817647058823529504500982056925
0.818823529411764727825584486709
0.819999999999999951150186916493
0.821176470588235396519394271309
0.822352941176470619843996701093
0.823529411764705954190901593392
0.824705882352941177515504023177
0.825882352941176511862408915476
0.827058823529411846209313807776
0.828235294117647069533916237560
0.829411764705882292858518667344
0.830588235294117738227726022160
0.831764705882352961552328451944
0.832941176470588295899233344244
0.834117647058823519223835774028
0.835294117647058853570740666328
0.836470588235294187917645558628
0.837647058823529411242247988412
0.838823529411764745589152880711
0.840000000000000079936057773011
0.841176470588235303260660202795
0.842352941176470637607565095095
0.843529411764705860932167524879
0.844705882352941195279072417179
0.845882352941176529625977309479
0.847058823529411752950579739263
0.848235294117647087297484631563
0.849411764705882421644389523863
0.850588235294117644968991953647
0.851764705882352979315896845947
0.852941176470588202640499275731
0.854117647058823536987404168030
0.855294117647058871334309060330
0.856470588235294094658911490114
0.857647058823529540028118844930
0.858823529411764763352721274714
0.859999999999999986677323704498
0.861176470588235321024228596798
0.862352941176470655371133489098
0.863529411764705878695735918882
0.864705882352941213042640811182
0.865882352941176436367243240966
0.867058823529411881736450595781
0.868235294117647105061053025565
0.869411764705882328385655455349
0.870588235294117662732560347649
0.871764705882352997079465239949
0.872941176470588331426370132249
0.874117647058823554750972562033
0.875294117647058778075574991817
0.876470588235294223444782346633
0.877647058823529446769384776417
0.878823529411764670093987206201
0.880000000000000004440892098501
0.881176470588235338787796990800
0.882352941176470673134701883100
0.883529411764705896459304312884
0.884705882352941119783906742668
0.885882352941176565153114097484
0.887058823529411788477716527268
0.888235294117647122824621419568
0.889411764705882346149223849352
0.890588235294117680496128741652
0.891764705882353014843033633952
0.892941176470588238167636063736
0.894117647058823461492238493520
0.895294117647058906861445848335
0.896470588235294130186048278119
0.897647058823529464532953170419
0.898823529411764687857555600203
0.900000000000000022204460492503
0.901176470588235356551365384803
0.902352941176470579875967814587
0.903529411764705914222872706887
0.904705882352941248569777599187
0.905882352941176471894380028971
0.907058823529411806241284921271
0.908235294117647140588189813570
0.909411764705882363912792243354
0.910588235294117698259697135654
0.911764705882352921584299565438
0.912941176470588366953506920254
0.914117647058823590278109350038
0.915294117647058813602711779822
0.916470588235294147949616672122
0.917647058823529482296521564422
0.918823529411764705621123994206
0.920000000000000039968028886506
0.921176470588235263292631316290
0.922352941176470708661838671105
0.923529411764705931986441100889
0.924705882352941155311043530673
0.925882352941176489657948422973
0.927058823529411824004853315273
0.928235294117647158351758207573
0.929411764705882381676360637357
0.930588235294117605000963067141
0.931764705882353050370170421957
0.932941176470588273694772851741
0.934117647058823497019375281525
0.935294117647058831366280173825
0.936470588235294165713185066124
0.937647058823529500060089958424
0.938823529411764723384692388208
0.939999999999999946709294817992
0.941176470588235392078502172808
0.942352941176470615403104602592
0.943529411764705949750009494892
0.944705882352941173074611924676
0.945882352941176507421516816976
0.947058823529411841768421709276
0.948235294117647065093024139060
0.949411764705882288417626568844
0.950588235294117622764531461144
0.951764705882352846089133890928
0.952941176470588402480643708259
0.954117647058823625805246138043
0.955294117647058849129848567827
0.956470588235294183476753460127
0.957647058823529406801355889911
0.958823529411764630125958319695
0.959999999999999964472863211995
0.961176470588235409842070566810
0.962352941176470744188975459110
0.963529411764705967513577888894
0.964705882352941190838180318678
0.965882352941176525185085210978
0.967058823529411748509687640762
0.968235294117647082856592533062
0.969411764705882306181194962846
0.970588235294117751550402317662
0.971764705882353085897307209962
0.972941176470588309221909639746
0.974117647058823532546512069530
0.975294117647058866893416961830
0.976470588235294090218019391614
0.977647058823529424564924283914
0.978823529411764647889526713698
0.980000000000000093258734068513
0.981176470588235427605638960813
0.982352941176470650930241390597
0.983529411764705874254843820381
0.984705882352941208601748712681
0.985882352941176431926351142465
0.987058823529411766273256034765
0.988235294117646989597858464549
0.989411764705882434967065819365
0.990588235294117769313970711664
0.991764705882352992638573141448
0.992941176470588326985478033748
0.994117647058823550310080463532
0.995294117647058773634682893316
0.996470588235294107981587785616
0.997647058823529331306190215400
0.998823529411764776675397570216
0.000040987065467701517260720040
0.000095407918197975487110962245
0.000149904156845883848852424292
0.000204399223453565159714859223
0.000258884553022128603098211963
0.000313356191016007955881667035
0.000367810907050990893666503334
0.000422245643920660140065853616
0.000476657398536004125143283883
0.000531043188529877613346386056
0.000585400041083652998910591414
0.000639724988707158939531260966
0.000694015067520777680781796093
0.000748267316540649754172398467
0.000802478777402925043914228009
0.000856646494294265427663082058
0.000910767513985207303670033063
0.000964838885917245142956333304
0.001018857662319578921347740241
0.001072820898342577346923354398
0.001126725652201001834362692477
0.001180568985323117263408487787
0.001234347962503445439788607452
0.001288059652057664409077752943
0.001341701125978950193129435320
0.001395269460095030847335273450
0.001448761734226029166544558180
0.001502175032342211932756548265
0.001555506442722044040463669212
0.001608753058110349524328919202
0.001661911975875993152662601915
0.001714980298170287352152452165
0.001767955132083943049076113496
0.001820833589805037708991841683
0.001873612788776191258321990318
0.001926289851851357981527002039
0.001978861907452719899602744391
0.002031326089727174440124901622
0.002083679538702380186487861380
0.002135919400442678594415069071
0.002188042827204583328642994999
0.002240046977591941303187272894
0.002291929016710905504111694952
0.002343686116324440304320431139
0.002395315455006350596756092841
0.002446814218295156103527565605
0.002498179598847502513869756058
0.002549408796591153252703021437
0.002600499018877747928885080242
0.002651447480634752836003986687
0.002702251404517523776516174649
0.002752908021060724436113176239
0.002803414568829036557229272830
0.002853768294567904373337796642
0.002903966453353540484727535187
0.002954006308742656346927324407
0.003003885132921361826585648913
0.003053600206854347950957695446
0.003103148820432471543390162694
0.003152528272621047625984269658
0.003201735871606826468183104595
0.003250768934944735146647110113
0.003299624789704153331876268496
0.003348300772614613146638262720
0.003396794230210979474715582427
0.003445102518978040029989928783
0.003493223005494810063514821152
0.003541153066577764144118312117
0.003588890089424142098434300507
0.003636431471754150799441385189
0.003683774621953012431974094909
0.003730916959212024833214549346
0.003777855913669497366774718827
0.003824588926550616472394006351
0.003871113450307041899817184216
0.003917426948755863697071433194
0.003963526897217625050151568189
0.004009410782654126981228159821
0.004055076103805453288653204424
0.004100520371326079986651347298
0.004145741107920930534902481668
0.004190735848480110076197391322
0.004235502140213478344810127396
0.004280037542784160924103087353
0.004324339628441849735229762786
0.004368405982154950802087700623
0.004412234201742261906209474631
0.004455821898003896504303344983
0.004499166694851703708624146572
0.004542266229438588452660408024
0.004585118152287359812036005025
0.004627720127418916661043990501
0.004670069832479410709691336478
0.004712164958867159740563135273
0.004754003211858002196643635529
0.004795582310730820037314448001
0.004836899988891790042044860343
0.004877953993997688822426006539
0.004918742088078959309727089533
0.004959262047661627120787031231
0.004999511663888440635150622882
0.005039488742639341468942948410
0.005079191104651016412663278032
0.005118616585635797980313732580
0.005157763036399643820362204139
0.005196628322959016312021507389
0.005235210326657691905227753892
0.005273506944281701296073361362
0.005311516088174631292084804102
0.005349235686350766079411034326
0.005386663682608507780491535755
0.005423798036642284332853325424
0.005460636724153645517321198355
0.005497177736962003367915396979
0.005533419083113689899977583053
0.005569358786990702588071133761
0.005604994889418472327202724870
0.005640325447772653010003462981
0.005675348536084754043351541242
0.005710062245147673118395026393
0.005744464682619078790826172565
0.005778553973125278783729008580
0.005812328258362821006843823568
0.005845785697200202996048901127
0.005878924465778182298358878199
0.005911742757608963623472408955
0.005944238783674983539473402061
0.005976410772526180754937730200
0.006008256970376877822981320776
0.006039775641200889090554060346
0.006070965066826696301949262136
0.006101823547030790599599026081
0.006132349399630301553520972391
0.006162540960575019904910121227
0.006192396584037867732219773131
0.006221914642504595797933841794
0.006251093526862595319004700656
0.006279931646488649821247207683
0.006308427429335554219302917289
0.006336579322017812758438548570
0.006364385789896453982095181345
0.006391845317162421491463675238
0.006418956406919551840872806281
0.006445717581265873220852657965
0.006472127381374293518534468461
0.006498184367572211982133634223
0.006523887119419795148356211456
0.006549234235787594442246284387
0.006574224334932790743402097888
0.006598856054574748532248751332
0.006623128051968866537857483223
0.006647039003980144758476633626
0.006670587607155250946255886646
0.006693772577793369316090377197
0.006716592652016378783841332734
0.006739046585837766591142727890
0.006761133155230246959133122431
0.006782851156192631209007615212
0.006804199404815463626816640641
0.006825176737345553176772305903
0.006845782010249376776933605271
0.006866014100275387097016555060
0.006885871904515290797821336355
0.006905354340464215680273074582
0.006924460346079646180794675558
0.006943188879839372676383568717
0.006961538920798214340190934735
0.006979509468643715040803154892
0.006997099543750546872533657705
0.007014308187234258827602584319
0.007031134461003055689809482232
0.007047577447809445956583562776
0.007063636251299789878266288667
0.007079309996063419888057133278
0.007094597827680286517004759617
0.007109498912767730008366307004
0.007124012439025455625807303761
0.007138137615280273906570585041
0.007151873671529003842484151221
0.007165219858980478341570208300
0.007178175450096401302713111647
0.007190739738631015537384527647
0.007202912039669459240420756885
0.007214691689665314079660252133
0.007226078046476660556030058302
0.007237070489401080386482334461
0.007247668419209508765266303243
0.007257871258178955585493863367
0.007267678450123858831244394452
0.007277089460426510759971652220
0.007286103776066262839583576039
0.007294720905647314283803961388
0.007302940379425680063329995306
0.007310761749334623686713552360
0.007318184589009278998017471451
0.007325208493809659549000912193
0.007331833080842991429149080318
0.007338057988984305300694810370
0.007343882878896285104630692331
0.007349307433047823530369857536
0.007354331355731118582963468100
0.007358954373078045035905248028
0.007363176233074824987567819079
0.007366996705576004528248645897
0.007370415582316870890811077999
0.007373432676924760245662504587
0.007376047824929391448500748396
0.007378260883771672364039861947
0.007380071732811519999439830997
0.007381480273334400411811007103
0.007382486428556844261505975879
0.007383090143630512136585508642
0.007383291385645159195239006777
0.007383090143630512136585508642
0.007382486428556844261505975879
0.007381480273334400411811007103
0.007380071732811519999439830997
0.007378260883771672364039861947
0.007376047824929391448500748396
0.007373432676924760245662504587
0.007370415582316870890811077999
0.007366996705576004528248645897
0.007363176233074824987567819079
0.007358954373078045035905248028
0.007354331355731118582963468100
0.007349307433047823530369857536
0.007343882878896285104630692331
0.007338057988984305300694810370
0.007331833080842991429149080318
0.007325208493809659549000912193
0.007318184589009278998017471451
0.007310761749334623686713552360
0.007302940379425680063329995306
0.007294720905647314283803961388
0.007286103776066262839583576039
0.007277089460426510759971652220
0.007267678450123858831244394452
0.007257871258178955585493863367
0.007247668419209508765266303243
0.007237070489401080386482334461
0.007226078046476660556030058302
0.007214691689665314079660252133
0.007202912039669459240420756885
0.007190739738631015537384527647
0.007178175450096401302713111647
0.007165219858980478341570208300
0.007151873671529003842484151221
0.007138137615280273906570585041
0.007124012439025455625807303761
0.007109498912767730008366307004
0.007094597827680286517004759617
0.007079309996063419888057133278
0.007063636251299789878266288667
0.007047577447809445956583562776
0.007031134461003055689809482232
0.007014308187234258827602584319
0.006997099543750546872533657705
0.006979509468643715040803154892
0.006961538920798214340190934735
0.006943188879839372676383568717
0.006924460346079646180794675558
0.006905354340464215680273074582
0.006885871904515290797821336355
0.006866014100275387097016555060
0.006845782010249376776933605271
0.006825176737345553176772305903
0.006804199404815463626816640641
0.006782851156192631209007615212
0.006761133155230246959133122431
0.006739046585837766591142727890
0.006716592652016378783841332734
0.006693772577793369316090377197
0.006670587607155250946255886646
0.006647039003980144758476633626
0.006623128051968866537857483223
0.006598856054574748532248751332
0.006574224334932790743402097888
0.006549234235787594442246284387
0.006523887119419795148356211456
0.006498184367572211982133634223
0.006472127381374293518534468461
0.006445717581265873220852657965
0.006418956406919551840872806281
0.006391845317162421491463675238
0.006364385789896453982095181345
0.006336579322017812758438548570
0.006308427429335554219302917289
0.006279931646488649821247207683
0.006251093526862595319004700656
0.006221914642504595797933841794
0.006192396584037867732219773131
0.006162540960575019904910121227
0.006132349399630301553520972391
0.006101823547030790599599026081
0.006070965066826696301949262136
0.006039775641200889090554060346
0.006008256970376877822981320776
0.005976410772526180754937730200
0.005944238783674983539473402061
0.005911742757608963623472408955
0.005878924465778182298358878199
0.005845785697200202996048901127
0.005812328258362821006843823568
0.005778553973125278783729008580
0.005744464682619078790826172565
0.005710062245147673118395026393
0.005675348536084754043351541242
0.005640325447772653010003462981
0.005604994889418472327202724870
0.005569358786990702588071133761
0.005533419083113689899977583053
0.005497177736962003367915396979
0.005460636724153645517321198355
0.005423798036642284332853325424
0.005386663682608507780491535755
0.005349235686350766079411034326
0.005311516088174631292084804102
0.005273506944281701296073361362
0.005235210326657691905227753892
0.005196628322959016312021507389
0.005157763036399643820362204139
0.005118616585635797980313732580
0.005079191104651016412663278032
0.005039488742639341468942948410
0.004999511663888440635150622882
0.004959262047661627120787031231
0.004918742088078959309727089533
0.004877953993997688822426006539
0.004836899988891790042044860343
0.004795582310730820037314448001
0.004754003211858002196643635529
0.004712164958867159740563135273
0.004670069832479410709691336478
0.004627720127418916661043990501
0.004585118152287359812036005025
0.004542266229438588452660408024
0.004499166694851703708624146572
0.004455821898003896504303344983
0.004412234201742261906209474631
0.004368405982154950802087700623
0.004324339628441849735229762786
0.004280037542784160924103087353
0.004235502140213478344810127396
0.004190735848480110076197391322
0.004145741107920930534902481668
0.004100520371326079986651347298
0.004055076103805453288653204424
0.004009410782654126981228159821
0.003963526897217625050151568189
0.003917426948755863697071433194
0.003871113450307041899817184216
0.003824588926550616472394006351
0.003777855913669497366774718827
0.003730916959212024833214549346
0.003683774621953012431974094909
0.003636431471754150799441385189
0.003588890089424142098434300507
0.003541153066577764144118312117
0.003493223005494810063514821152
0.003445102518978040029989928783
0.003396794230210979474715582427
0.003348300772614613146638262720
0.003299624789704153331876268496
0.003250768934944735146647110113
0.003201735871606826468183104595
0.003152528272621047625984269658
0.003103148820432471543390162694
0.003053600206854347950957695446
0.003003885132921361826585648913
0.002954006308742656346927324407
0.002903966453353540484727535187
0.002853768294567904373337796642
0.002803414568829036557229272830
0.002752908021060724436113176239
0.002702251404517523776516174649
0.002651447480634752836003986687
0.002600499018877747928885080242
0.002549408796591153252703021437
0.002498179598847502513869756058
0.002446814218295156103527565605
0.002395315455006350596756092841
0.002343686116324440304320431139
0.002291929016710905504111694952
0.002240046977591941303187272894
0.002188042827204583328642994999
0.002135919400442678594415069071
0.002083679538702380186487861380
0.002031326089727174440124901622
0.001978861907452719899602744391
0.001926289851851357981527002039
0.001873612788776191258321990318
0.001820833589805037708991841683
0.001767955132083943049076113496
0.001714980298170287352152452165
0.001661911975875993152662601915
0.001608753058110349524328919202
0.001555506442722044040463669212
0.001502175032342211932756548265
0.001448761734226029166544558180
0.001395269460095030847335273450
0.001341701125978950193129435320
0.001288059652057664409077752943
0.001234347962503445439788607452
0.001180568985323117263408487787
0.001126725652201001834362692477
0.001072820898342577346923354398
0.001018857662319578921347740241
0.000964838885917245142956333304
0.000910767513985207303670033063
0.000856646494294265427663082058
0.000802478777402925043914228009
0.000748267316540649754172398467
0.000694015067520777680781796093
0.000639724988707158939531260966
0.000585400041083652998910591414
0.000531043188529877613346386056
0.000476657398536004125143283883
0.000422245643920660140065853616
0.000367810907050990893666503334
0.000313356191016007955881667035
0.000258884553022128603098211963
0.000204399223453565159714859223
0.000149904156845883848852424292
0.000095407918197975487110962245
0.000040987065467701517260720040
