0.000882906089779987080824741330
0.002026637883989622357372439865
0.003177124032591903488725870730
0.004329136277933513798910070136
0.005481727407789012233851888567
0.006634598661251729818932876270
0.007787626463836436890852965576
0.008940750544605352914673268572
0.010093938030451636220230504648
0.011247169475718214390336235908
0.012400432644984620694783572503
0.013553719456112518076951189983
0.014707024356454033789387558784
0.015860343405390463222826014089
0.017013673729078374052825495255
0.018167013182433595225306888210
0.019320360131948155490988483507
0.020473713311795708330587117985
0.021627071725910634869549653558
0.022780434579771559333583041962
0.023933801231888204158471111782
0.025087171158654591324177474121
0.026240543928462312095462038997
0.027393919182347629265317223712
0.028547296619327002659138869944
0.029700675985145613688942489716
0.030854057063548150086074173259
0.032007439669436039964001139424
0.033160823643452269626763495580
0.034314208847656429979267045383
0.035467595162044278367385885531
0.036620982481724080603857629512
0.037774370714610559784940591044
0.038927759779528572914308881536
0.040081149604642790640340876962
0.041234540126153212957760274548
0.042387931287201245644791214318
0.043541323036951080915901712842
0.044694715329812929882624672473
0.045848108124782585570677895248
0.047001501384879657008397657592
0.048154895076665371611568389199
0.049308289169828808939932685007
0.050461683636829061938566809431
0.051615078452586053703310398078
0.052768473594211474930748551060
0.053921869040774936254756255494
0.055075264773098188408884112732
0.056228660773575904474608222472
0.057382057026017799228334581585
0.058535453515508671651357275323
0.059688850228285884880197187385
0.060842247151629461066058013330
0.061995644273765707077394893076
0.063149041583780277098192357244
0.064302439071541567239265191347
0.065455836727631389049264498681
0.066609234543283463159113466645
0.067762632510327922008563916734
0.068916030621141127765483247458
0.070069428868601027482476695241
0.071222827246046491178610438055
0.072376225747240341412691577716
0.073529624366336310270497733654
0.074683023097848993954173124621
0.075836421936626152717764171030
0.076989820877823605949075158605
0.078143219916883194242629429027
0.079296619049511074539537958117
0.080450018271659387569805232943
0.081603417579508702450752366531
0.082756816969452098864401534684
0.083910216438080373335672845769
0.085063615982169077378571842019
0.086217015598665625031316039895
0.087370415284678246137239909785
0.088523815037465564126151207347
0.089677214854426784418350848682
0.090830614733092701618133446573
0.091984014671117692030222201538
0.093137414666271803320718447594
0.094290814716433746234258705954
0.095444214819584358155957204417
0.096597614973800677296011940598
0.097751015177249878096432667007
0.098904415428184400127520348178
0.100057815724936632895136767729
0.101211216065914794137725607470
0.102364616449598225256245598302
0.103518016874533824722703911902
0.104671417339332023521691894530
0.105824817842663468359098999372
0.106978218383255566092948640744
0.108131618959889916342653748416
0.109285019571398869797640429624
0.110438420216663266137935295319
0.111591820894609811132269783229
0.112745221604208620269638174705
0.113898622344471317502367924135
0.115052023114448523366526444534
0.116205423913228203525171977617
0.117358824739933878533726385740
0.118512225593722569927379595356
0.119665626473783509586823470272
0.120819027379336613181592952060
0.121972428309630481768621734773
0.123125829263941902191881183626
0.124279230241573723780845739384
0.125432631241854330994556221412
0.126586032264135811553629196169
0.127739433307793526228834934955
0.128892834372224623917801977768
0.130046235456847208977748664438
0.131199636561099508558214665754
0.132353037684438734622460742685
0.133506438826340584347107665053
0.134659839986298157654687202012
0.135813241163821457613281040722
0.136966642358436391235798623711
0.138120043569684380901918530071
0.139273444797121559446395622217
0.140426846040318131780821886423
0.141580247298857847537689735873
0.142733648572337668003484623114
0.143887049860366683651236030528
0.145040451162566308429546779735
0.146193852478569030761690328291
0.147347253808018802123669388493
0.148500655150569871310040070966
0.149654056505886784433911884662
0.150807457873643774304284193022
0.151960859253524621648168135835
0.153114260645222099999074316656
0.154267662048437642630105415265
0.155421063462881009487048800111
0.156574464888270148410498450176
0.157727866324330640024342642391
0.158881267770795642224612720383
0.160034669227405362823546397522
0.161188070693907004038436525661
0.162341472170054373913572476340
0.163494873655607886320240140776
0.164648275150333811556180307889
0.165801676654004775945949745619
0.166955078166398873662501500803
0.168108479687299777749487361689
0.169261881216496629098955395420
0.170415282753783731140018176120
0.171568684298960161260794166083
0.172722085851829992853012640808
0.173875487412201878978379454566
0.175028888979888885835123346624
0.176182290554708437246844709989
0.177335692136482148129061897635
0.178489093725035657955757528725
0.179642495320198353203622332330
0.180795896921803533885508841195
0.181949298529688052727948388565
0.183102700143692176393273030044
0.184256101763659696501918006106
0.185409503389437541054363123294
0.186562905020875857697859601103
0.187716306657827791681825146952
0.188869708300149402591117109296
0.190023109947699608834881246366
0.191176511600340104379824879288
0.192329913257935108950036351416
0.193483314920351562316014337739
0.194636716587458707961033610445
0.195790118259128231859023117067
0.196943519935234179207839133596
0.198096921615652676873509108191
0.199250323300262099923685354952
0.200403724988942821827464513262
0.201557126681577214455387547787
0.202710528378049620323864132843
0.203863930078246213817294574255
0.205017331782054917921342962472
0.206170733489365348711785941305
0.207324135200068926376815170443
0.208477536914058542150129937909
0.209630938631228530555361544430
0.210784340351475030228556306611
0.211937742074695262273209550585
0.213091143800788002105051077706
0.214244545529653246385137776997
0.215397947261192379553307318929
0.216551348995307840761270767871
0.217704750731903373672793122751
0.218858152470883721152361545137
0.220011554212154708531912206126
0.221164955955623299121981517601
0.222318357701197288900374360310
0.223471759448785473045617777643
0.224625161198297534914658513117
0.225778562949643907264984932226
0.226931964702735994299231947480
0.228085366457485810842698015222
0.229238768213806093365647598148
0.230392169971610466516764859080
0.231545571730812832500490117127
0.232698973491328064966410238412
0.233852375253071342875443860976
0.235005777015958455811173166694
0.236159178779905776224268265651
0.237312580544829926365579808589
0.238465982310648111353046374461
0.239619384077277841615938314135
0.240772785844636988406008981656
0.241926187612643783797494734245
0.243079589381216598642510007267
0.244232991150274192371227854892
0.245386392919735407680548178178
0.246539794689519364823127034470
0.247693196459545239562771712372
0.248846598229732346441167578632
0.250000000000000000000000000000
0.251153401770267736825559268254
0.252306803540454760437228287628
0.253460205310480635176872965530
0.254613607080264592319451821822
0.255767008849725863139923376366
0.256920410618783401357489992733
0.258073812387356271713656497013
0.259227214155363039349566633973
0.260380615922722213895212917123
0.261534017689351916402529241168
0.262687419455170101389995807040
0.263840821220094279286882965607
0.264994222984041571944402448935
0.266147624746928657124556139024
0.267301026508671990544740992846
0.268454428269187195255085498502
0.269607830028389616749961987807
0.270761231786193934389928017481
0.271914633542514272424028831665
0.273068035297264033456343668149
0.274221437050356120490590683403
0.275374838801702492840917102512
0.276528240551214554709957837986
0.277681642298802711099625639690
0.278835044044376700878018482399
0.279988445787845319223663409502
0.281141847529116306603214070492
0.282295249268096681838358108507
0.283448651004692186994304847758
0.284602052738807675957843912329
0.285755454470346725859286607374
0.286908856199212025650524537923
0.288062257925304765482366065044
0.289215659648524969771443693389
0.290369061368771497200214071199
0.291522463085941541116596908978
0.292675864799931129134336060815
0.293829266510634679043789674324
0.294982668217945109834232653157
0.296136069921753841693856657002
0.297289471621950407431711482786
0.298442873318422841055763683471
0.299596275011057233683686717995
0.300749676699737955587465876306
0.301903078384347323126490891809
0.303056480064765876303312097662
0.304209881740871768140976882933
0.305363283412541319794542005184
0.306516685079648465439561277890
0.307670086742064918805539264213
0.308823488399659951131326351970
0.309976890052300391165118753634
0.311130291699850625164458506333
0.312283693342172263829326084306
0.313437094979124197813291630155
0.314590496610562486701212492335
0.315743898236340359009233225152
0.316897299856307879117878201214
0.318050701470312002783202842693
0.319204103078196466114491158805
0.320357504679801674551953283299
0.321510906274964369799818086904
0.322664307863517851870938102365
0.323817709445291590508730905640
0.324971111020111114164876653376
0.326124512587798176532771776692
0.327277914148170034902562974821
0.328431315701039838739205833917
0.329584717246216296615557439509
0.330738118783503398656620220208
0.331891520312700250006088253940
0.333044921833601237359800961713
0.334198323345995251809625870010
0.335351724849666243954970923369
0.336505126344392169190911090482
0.337658527829945653842003139289
0.338811929306092995961563474339
0.339965330772594664932029218107
0.341118732229204357775387279617
0.342272133675669387731232973238
0.343425535111729851589501549824
0.344578936537118962757375584260
0.345732337951562385125470200364
0.346885739354777900000925683344
0.348039140746475406107407479794
0.349192542126356308962442653865
0.350345943494113243321663730967
0.351499344849430128689959929034
0.352652746191981170120754995878
0.353806147521430969238309671709
0.354959548837433691570453220265
0.356112950139633344104339585101
0.357266351427662387507666608144
0.358419752701142180217885879756
0.359573153959681923730329344835
0.360726555202878496064755609041
0.361879956430315674609232701187
0.363033357641563692030928223176
0.364186758836178570142294574907
0.365340160013701897856464029246
0.366493561173659443408467950576
0.367646962315561320888690488573
0.368800363438900491441785334246
0.369953764543152818777826951191
0.371107165627775459348924869118
0.372260566692206473771165065045
0.373413967735864216201946419460
0.374567368758145724516595009845
0.375720769758426331730305491874
0.376874170736058111685906624189
0.378027571690369601498105112114
0.379180972620663414573982663569
0.380334373526216518168752145357
0.381487774406277457828196020273
0.382641175260066135344061422074
0.383794576086771865863767061455
0.384947976885551546022412594539
0.386101377655528710253207691494
0.387254778395791421363725248739
0.388408179105390216623305832400
0.389561579783336775495428128124
0.390714980428601199591298609448
0.391868381040110180801860906286
0.393021781616744503295990398328
0.394175182157336601029840039701
0.395328582660668059745034952357
0.396481983125466230788447319355
0.397635383550401788621542209512
0.398788783934085233617850008159
0.399942184275063394860438847900
0.401095584571815655383630883080
0.402248984822750121903567332993
0.403402385026199350459563675031
0.404555785180415627966254987768
0.405709185283566309276892525304
0.406862585333728266068220591478
0.408015985328882335725353414091
0.409169385266907326137442169056
0.410322785145573243337224766947
0.411476184962534463629424408282
0.412629584715321739984972282400
0.413782984401334430479835191363
0.414936384017830950377003773610
0.416089783561919668297690577674
0.417243183030547970524537504389
0.418396582420491325304823249098
0.419549981728340626307982574872
0.420703380950488980971613273141
0.421856780083116833512946186602
0.423010179122176421806500457024
0.424163578063373847282235828970
0.425316976902151089312553722266
0.426470375633663689729502266346
0.427623774252759658587308422284
0.428777172753953550454752985388
0.429930571131399041906462343832
0.431083969378858899990092368171
0.432237367489672064113648275452
0.433390765456716564596462148984
0.434544163272368666461886732577
0.435697560928458460516310424282
0.436850958416219792290746681829
0.438004355726234306800392914738
0.439157752848370552811729794485
0.440311149771714205325423563409
0.441464546484491404676475667657
0.442617942973982214649453226230
0.443771339226424144097649104879
0.444924735226901846285585406804
0.446078130959225105378607167950
0.447231526405788559763720968476
0.448384921547413939357795698015
0.449538316363170931122539286662
0.450691710830171232693430738436
0.451845104923334683899582842059
0.452998498615120370747177958037
0.454151891875217483818261143824
0.455305284670187049300693615805
0.456458676963048926022992191065
0.457612068712798747416314881775
0.458765459873846814797815341080
0.459918850395357237115234738667
0.461072240220471496474630157536
0.462225629285389461031741120678
0.463379017518275926335036274395
0.464532404837955714693720210562
0.465685791152343597776308570246
0.466839176356547813639963351307
0.467992560330563966974892764483
0.469145942936451898486183154091
0.470299324014854414066633125913
0.471452703380673021626989793731
0.472606080817652429715280959499
0.473759456071537743415689192261
0.474912828841345446839738997369
0.476066198768111847883233167522
0.477219565420228475360886477574
0.478372928274089337374874730813
0.479526286688204295138859833969
0.480679639868051900020162747751
0.481832986817566422121927871558
0.482986326270921695336113543817
0.484139656594609557593855697633
0.485292975643545954067548109379
0.486446280543887499270283569786
0.487599567355015417469132898987
0.488752830524281811630515903744
0.489906061969548389800621635004
0.491059249455394641881156303498
0.492212373536163594334169602007
0.493365401338748343906814852744
0.494518272592210983429339421491
0.495670863722066534773347257214
0.496822875967408095210231522287
0.497973362116010398459309271857
0.499117093910220022134893724797
0.000000000000000000000000000000
0.001154734411085450327891233080
0.002309468822170900655782466160
0.003464203233256350766833264743
0.004618937644341801311564932320
0.005773672055427251856296599897
0.006928406466512701533666529485
0.008083140877598152945759935051
0.009237875288683602623129864639
0.010392609699769052300499794228
0.011547344110854503712593199793
0.012702078521939953389963129382
0.013856812933025403067333058971
0.015011547344110852744702988559
0.016166281755196305891519870102
0.017321016166281757303613275667
0.018475750577367205246259729279
0.019630484988452656658353134844
0.020785219399538104600999588456
0.021939953810623556013092994021
0.023094688221709007425186399587
0.024249422632794458837279805152
0.025404157043879906779926258764
0.026558891454965358192019664330
0.027713625866050806134666117941
0.028868360277136261016206475460
0.030023094688221705489405977119
0.031177829099307160370946334638
0.032332563510392611783039740203
0.033487297921478059725686193815
0.034642032332563514607226551334
0.035796766743648962549873004946
0.036951501154734410492519458558
0.038106235565819858435165912169
0.039260969976905313316706269688
0.040415704387990761259352723300
0.041570438799076209201999176912
0.042725173210161657144645630524
0.043879907621247112026185988043
0.045034642032332566907726345562
0.046189376443418014850372799174
0.047344110854503462793019252786
0.048498845265588917674559610305
0.049653579676674365617206063916
0.050808314087759813559852517528
0.051963048498845261502498971140
0.053117782909930716384039328659
0.054272517321016164326685782271
0.055427251732101612269332235883
0.056581986143187067150872593402
0.057736720554272522032412950921
0.058891454965357963036165500625
0.060046189376443410978811954237
0.061200923787528858921458407849
0.062355658198614320741892669275
0.063510392609699775623433026794
0.064665127020785223566079480406
0.065819861431870671508725934018
0.066974595842956119451372387630
0.068129330254041567394018841242
0.069284064665127029214453102668
0.070438799076212477157099556280
0.071593533487297925099746009892
0.072748267898383373042392463503
0.073903002309468820985038917115
0.075057736720554268927685370727
0.076212471131639716870331824339
0.077367205542725164812978277951
0.078521939953810626633412539377
0.079676674364896074576058992989
0.080831408775981522518705446601
0.081986143187066970461351900212
0.083140877598152418403998353824
0.084295612009237866346644807436
0.085450346420323314289291261048
0.086605080831408776109725522474
0.087759815242494224052371976086
0.088914549653579685872806237512
0.090069284064665133815452691124
0.091224018475750581758099144736
0.092378752886836029700745598348
0.093533487297921477643392051959
0.094688221709006925586038505571
0.095842956120092373528684959183
0.096997690531177835349119220609
0.098152424942263283291765674221
0.099307159353348731234412127833
0.100461893764434179177058581445
0.101616628175519627119705035057
0.102771362586605075062351488668
0.103926096997690523004997942280
0.105080831408775970947644395892
0.106235565819861432768078657318
0.107390300230946880710725110930
0.108545034642032328653371564542
0.109699769053117776596018018154
0.110854503464203224538664471766
0.112009237875288686359098733192
0.113163972286374134301745186804
0.114318706697459582244391640415
0.115473441108545044064825901842
0.116628175519630478129684547639
0.117782909930715926072331001251
0.118937644341801374014977454863
0.120092378752886821957623908474
0.121247113163972269900270362086
0.122401847575057717842916815698
0.123556581986143193541138884939
0.124711316397228641483785338551
0.125866050808314089426431792162
0.127020785219399551246866053589
0.128175519630484985311724699386
0.129330254041570447132158960812
0.130484988452655908952593222239
0.131639722863741343017451868036
0.132794457274826804837886129462
0.133949191685912238902744775260
0.135103926096997700723179036686
0.136258660508083134788037682483
0.137413394919168596608471943910
0.138568129330254058428906205336
0.139722863741339492493764851133
0.140877598152424954314199112559
0.142032332563510388379057758357
0.143187066974595850199492019783
0.144341801385681284264350665580
0.145496535796766746084784927007
0.146651270207852180149643572804
0.147806004618937641970077834230
0.148960739030023103790512095657
0.150115473441108537855370741454
0.151270207852193999675805002880
0.152424942263279433740663648678
0.153579676674364895561097910104
0.154734411085450329625956555901
0.155889145496535791446390817327
0.157043879907621253266825078754
0.158198614318706687331683724551
0.159353348729792149152117985977
0.160508083140877583216976631775
0.161662817551963045037410893201
0.162817551963048479102269538998
0.163972286374133940922703800425
0.165127020785219374987562446222
0.166281755196304836807996707648
0.167436489607390298628430969075
0.168591224018475732693289614872
0.169745958429561194513723876298
0.170900692840646628578582522096
0.172055427251732090399016783522
0.173210161662817552219451044948
0.174364896073903014039885306374
0.175519630484988448104743952172
0.176674364896073909925178213598
0.177829099307159371745612475024
0.178983833718244805810471120822
0.180138568129330267630905382248
0.181293302540415701695764028045
0.182448036951501163516198289472
0.183602771362586597581056935269
0.184757505773672059401491196695
0.185912240184757521221925458121
0.187066974595842955286784103919
0.188221709006928417107218365345
0.189376443418013851172077011142
0.190531177829099312992511272569
0.191685912240184747057369918366
0.192840646651270208877804179792
0.193995381062355670698238441219
0.195150115473441104763097087016
0.196304849884526566583531348442
0.197459584295612000648389994240
0.198614318706697462468824255666
0.199769053117782896533682901463
0.200923787528868358354117162889
0.202078521939953792418975808687
0.203233256351039254239410070113
0.204387990762124716059844331539
0.205542725173210150124702977337
0.206697459584295611945137238763
0.207852193995381046009995884560
0.209006928406466507830430145987
0.210161662817551941895288791784
0.211316397228637403715723053210
0.212471131639722865536157314637
0.213625866050808299601015960434
0.214780600461893761421450221860
0.215935334872979195486308867657
0.217090069284064657306743129084
0.218244803695150091371601774881
0.219399538106235553192036036307
0.220554272517321015012470297734
0.221709006928406449077328943531
0.222863741339491938653338820586
0.224018475750577372718197466384
0.225173210161662834538631727810
0.226327944572748268603490373607
0.227482678983833730423924635033
0.228637413394919164488783280831
0.229792147806004626309217542257
0.230946882217090088129651803683
0.232101616628175522194510449481
0.233256351039260956259369095278
0.234411085450346418079803356704
0.235565819861431852144662002502
0.236720554272517313965096263928
0.237875288683602748029954909725
0.239030023094688209850389171152
0.240184757505773643915247816949
0.241339491916859133491257694004
0.242494226327944539800540724173
0.243648960739030029376550601228
0.244803695150115435685833631396
0.245958429561200925261843508451
0.247113163972286387082277769878
0.248267898383371821147136415675
0.249422632794457282967570677101
0.250577367205542744788004938528
0.251732101616628178852863584325
0.252886836027713612917722230122
0.254041570438799102493732107177
0.255196304849884536558590752975
0.256351039260969970623449398772
0.257505773672055404688308044570
0.258660508083140894264317921625
0.259815242494226328329176567422
0.260969976905311817905186444477
0.262124711316397196458893859017
0.263279445727482686034903736072
0.264434180138568120099762381869
0.265588914549653609675772258925
0.266743648960739043740630904722
0.267898383371824477805489550519
0.269053117782909911870348196317
0.270207852193995401446358073372
0.271362586605080835511216719169
0.272517321016166269576075364967
0.273672055427251703640934010764
0.274826789838337193216943887819
0.275981524249422627281802533616
0.277136258660508116857812410672
0.278290993071593495411519825211
0.279445727482678984987529702266
0.280600461893764419052388348064
0.281755196304849908628398225119
0.282909930715935287182105639658
0.284064665127020776758115516714
0.285219399538106210822974162511
0.286374133949191700398984039566
0.287528868360277134463842685363
0.288683602771362568528701331161
0.289838337182448002593559976958
0.290993071593533492169569854013
0.292147806004618926234428499811
0.293302540415704360299287145608
0.294457274826789794364145791405
0.295612009237875283940155668461
0.296766743648960773516165545516
0.297921478060046207581024191313
0.299076212471131641645882837111
0.300230946882217075710741482908
0.301385681293302565286751359963
0.302540415704387999351610005760
0.303695150115473433416468651558
0.304849884526558867481327297355
0.306004618937644357057337174410
0.307159353348729791122195820208
0.308314087759815280698205697263
0.309468822170900659251913111802
0.310623556581986148827922988858
0.311778290993071582892781634655
0.312933025404157072468791511710
0.314087759815242506533650157508
0.315242494226327940598508803305
0.316397228637413374663367449102
0.317551963048498864239377326157
0.318706697459584298304235971955
0.319861431870669732369094617752
0.321016166281755166433953263549
0.322170900692840656009963140605
0.323325635103926090074821786402
0.324480369515011579650831663457
0.325635103926096958204539077997
0.326789838337182447780548955052
0.327944572748267881845407600849
0.329099307159353371421417477904
0.330254041570438749975124892444
0.331408775981524239551134769499
0.332563510392609673615993415297
0.333718244803695163192003292352
0.334872979214780597256861938149
0.336027713625866031321720583946
0.337182448036951465386579229744
0.338337182448036954962589106799
0.339491916859122389027447752596
0.340646651270207823092306398394
0.341801385681293257157165044191
0.342956120092378746733174921246
0.344110854503464180798033567044
0.345265588914549670374043444099
0.346420323325635104438902089896
0.347575057736720538503760735694
0.348729792147806028079770612749
0.349884526558891462144629258546
0.351039260969976896209487904343
0.352193995381062330274346550141
0.353348729792147819850356427196
0.354503464203233253915215072993
0.355658198614318743491224950048
0.356812933025404122044932364588
0.357967667436489611620942241643
0.359122401847575045685800887441
0.360277136258660535261810764496
0.361431870669745969326669410293
0.362586605080831403391528056090
0.363741339491916837456386701888
0.364896073903002327032396578943
0.366050808314087761097255224740
0.367205542725173195162113870538
0.368360277136258629226972516335
0.369515011547344118802982393390
0.370669745958429552867841039188
0.371824480369515042443850916243
0.372979214780600420997558330782
0.374133949191685910573568207838
0.375288683602771344638426853635
0.376443418013856834214436730690
0.377598152424942268279295376487
0.378752886836027702344154022285
0.379907621247113136409012668082
0.381062355658198625985022545137
0.382217090069284060049881190935
0.383371824480369494114739836732
0.384526558891454928179598482529
0.385681293302540417755608359585
0.386836027713625851820467005382
0.387990762124711341396476882437
0.389145496535796719950184296977
0.390300230946882209526194174032
0.391454965357967643591052819829
0.392609699769053133167062696884
0.393764434180138511720770111424
0.394919168591224001296779988479
0.396073903002309490872789865534
0.397228637413394924937648511332
0.398383371824480414513658388387
0.399538106235565793067365802926
0.400692840646651282643375679982
0.401847575057736716708234325779
0.403002309468822206284244202834
0.404157043879907584837951617374
0.405311778290993074413961494429
0.406466512702078508478820140226
0.407621247113163998054830017281
0.408775981524249432119688663079
0.409930715935334866184547308876
0.411085450346420300249405954673
0.412240184757505789825415831729
0.413394919168591223890274477526
0.414549653579676657955133123323
0.415704387990762092019991769121
0.416859122401847581596001646176
0.418013856812933015660860291973
0.419168591224018505236870169028
0.420323325635103883790577583568
0.421478060046189373366587460623
0.422632794457274807431446106420
0.423787528868360297007455983476
0.424942263279445731072314629273
0.426096997690531165137173275070
0.427251732101616599202031920868
0.428406466512702088778041797923
0.429561200923787522842900443720
0.430715935334872956907759089518
0.431870669745958390972617735315
0.433025404157043880548627612370
0.434180138568129314613486258168
0.435334872979214804189496135223
0.436489607390300182743203549762
0.437644341801385672319213426817
0.438799076212471106384072072615
0.439953810623556595960081949670
0.441108545034642030024940595467
0.442263279445727464089799241265
0.443418013856812898154657887062
0.444572748267898387730667764117
0.445727482678983877306677641172
0.446882217090069255860385055712
0.448036951501154745436394932767
0.449191685912240179501253578565
0.450346420323325669077263455620
0.451501154734411103142122101417
0.452655889145496537206980747214
0.453810623556581971271839393012
0.454965357967667460847849270067
0.456120092378752894912707915864
0.457274826789838328977566561662
0.458429561200923763042425207459
0.459584295612009252618435084514
0.460739030023094686683293730312
0.461893764434180176259303607367
0.463048498845265554813011021906
0.464203233256351044389020898961
0.465357967667436478453879544759
0.466512702078521912518738190556
0.467667436489607402094748067611
0.468822170900692836159606713409
0.469976905311778270224465359206
0.471131639722863704289324005003
0.472286374133949249376485113316
0.473441108545034627930192527856
0.474595842956120061995051173653
0.475750577367205496059909819451
0.476905311778291041147070927764
0.478060046189376419700778342303
0.479214780600461853765636988101
0.480369515011547287830495633898
0.481524249422632832917656742211
0.482678983833718266982515388008
0.483833718244803645536222802548
0.484988452655889079601081448345
0.486143187066974624688242556658
0.487297921478060058753101202456
0.488452655889145492817959848253
0.489607390300230871371667262792
0.490762124711316416458828371105
0.491916859122401850523687016903
0.493071593533487284588545662700
0.494226327944572774164555539755
0.495381062355658208229414185553
0.496535796766743642294272831350
0.497690531177829076359131477147
0.498845265588914565935141354203
0.500000000000000000000000000000
0.501154734411085489576009877055
0.502309468822170868129717291595
0.503464203233256357705727168650
0.504618937644341847281737045705
0.505773672055427225835444460245
0.506928406466512715411454337300
0.508083140877598204987464214355
0.509237875288683583541171628895
0.510392609699769073117181505950
0.511547344110854451670888920489
0.512702078521939941246898797544
0.513856812933025430822908674600
0.515011547344110809376616089139
0.516166281755196298952625966194
0.517321016166281788528635843250
0.518475750577367167082343257789
0.519630484988452656658353134844
0.520785219399538035212060549384
0.521939953810623635810372888955
0.523094688221709014364080303494
0.524249422632794392917787718034
0.525404157043879882493797595089
0.526558891454965372069807472144
0.527713625866050861645817349199
0.528868360277136240199524763739
0.530023094688221618753232178278
0.531177829099307219351544517849
0.532332563510392597905251932389
0.533487297921478087481261809444
0.534642032332563466034969223983
0.535796766743648955610979101039
0.536951501154734445186988978094
0.538106235565819823740696392633
0.539260969976905202294403807173
0.540415704387990802892716146744
0.541570438799076181446423561283
0.542725173210161671022433438338
0.543879907621247160598443315394
0.545034642032332539152150729933
0.546189376443418028728160606988
0.547344110854503407281868021528
0.548498845265589007880180361099
0.549653579676674386433887775638
0.550808314087759764987595190178
0.551963048498845254563605067233
0.553117782909930744139614944288
0.554272517321016233715624821343
0.555427251732101612269332235883
0.556581986143186990823039650422
0.557736720554272591421351989993
0.558891454965357969975059404533
0.560046189376443348528766819072
0.561200923787528838104776696127
0.562355658198614327680786573183
0.563510392609699817256796450238
0.564665127020785195810503864777
0.565819861431870574364211279317
0.566974595842956174962523618888
0.568129330254041553516231033427
0.569284064665127043092240910482
0.570438799076212421645948325022
0.571593533487297911221958202077
0.572748267898383400797968079132
0.573903002309468779351675493672
0.575057736720554268927685370727
0.576212471131639758503695247782
0.577367205542725137057402662322
0.578521939953810626633412539377
0.579676674364896005187119953916
0.580831408775981494763129830972
0.581986143187066984339139708027
0.583140877598152362892847122566
0.584295612009237852468856999621
0.585450346420323342044866876677
0.586605080831408720598574291216
0.587759815242494210174584168271
0.588914549653579588728291582811
0.590069284064665189326603922382
0.591224018475750567880311336921
0.592378752886835946434018751461
0.593533487297921547032331091032
0.594688221709006925586038505571
0.595842956120092415162048382626
0.596997690531177793715755797166
0.598152424942263283291765674221
0.599307159353348772867775551276
0.600461893764434151421482965816
0.601616628175519640997492842871
0.602771362586605130573502719926
0.603926096997690509127210134466
0.605080831408775998703220011521
0.606235565819861377256927426060
0.607390300230946866832937303116
0.608545034642032356408947180171
0.609699769053117734962654594710
0.610854503464203224538664471766
0.612009237875288714114674348821
0.613163972286374092668381763360
0.614318706697459582244391640415
0.615473441108544960798099054955
0.616628175519630561396411394526
0.617782909930715939950118809065
0.618937644341801318503826223605
0.620092378752886808079836100660
0.621247113163972297655845977715
0.622401847575057787231855854770
0.623556581986143165785563269310
0.624711316397228544339270683849
0.625866050808314144937583023420
0.627020785219399523491290437960
0.628175519630485013067300315015
0.629330254041570391621007729555
0.630484988452655881197017606610
0.631639722863741370773027483665
0.632794457274826749326734898204
0.633949191685912238902744775260
0.635103926096997728478754652315
0.636258660508083107032462066854
0.637413394919168596608471943910
0.638568129330253975162179358449
0.639722863741339464738189235504
0.640877598152424954314199112559
0.642032332563510332867906527099
0.643187066974595933466218866670
0.644341801385681312019926281209
0.645496535796766690573633695749
0.646651270207852180149643572804
0.647806004618937669725653449859
0.648960739030023159301663326914
0.650115473441108537855370741454
0.651270207852193916409078155993
0.652424942263279517007390495564
0.653579676674364895561097910104
0.654734411085450385137107787159
0.655889145496535763690815201699
0.657043879907621253266825078754
0.658198614318706742842834955809
0.659353348729792121396542370348
0.660508083140877499950249784888
0.661662817551963100548562124459
0.662817551963048479102269538998
0.663972286374133968678279416054
0.665127020785219347231986830593
0.666281755196304836807996707648
0.667436489607390326384006584703
0.668591224018475704937713999243
0.669745958429561194513723876298
0.670900692840646684089733753353
0.672055427251732062643441167893
0.673210161662817552219451044948
0.674364896073902930773158459488
0.675519630484988531371470799058
0.676674364896073909925178213598
0.677829099307159288478885628138
0.678983833718244778054895505193
0.680138568129330267630905382248
0.681293302540415646184612796787
0.682448036951501135760622673843
0.683602771362586514314330088382
0.684757505773672114912642427953
0.685912240184757493466349842492
0.687066974595842872020057257032
0.688221709006928361596067134087
0.689376443418013851172077011142
0.690531177829099340748086888198
0.691685912240184719301794302737
0.692840646651270208877804179792
0.693995381062355698453814056847
0.695150115473441077007521471387
0.696304849884526566583531348442
0.697459584295612056159541225497
0.698614318706697434713248640037
0.699769053117782924289258517092
0.700923787528868302842965931632
0.702078521939953792418975808687
0.703233256351039281994985685742
0.704387990762124660548693100282
0.705542725173210150124702977337
0.706697459584295639700712854392
0.707852193995381018254420268931
0.709006928406466507830430145987
0.710161662817551886384137560526
0.711316397228637486982449900097
0.712471131639722865536157314637
0.713625866050808244089864729176
0.714780600461893733665874606231
0.715935334872979223241884483286
0.717090069284064712817894360342
0.718244803695150091371601774881
0.719399538106235469925309189421
0.720554272517321070523621528991
0.721709006928406449077328943531
0.722863741339491938653338820586
0.724018475750577317207046235126
0.725173210161662806783056112181
0.726327944572748296359065989236
0.727482678983833674912773403776
0.728637413394919164488783280831
0.729792147806004654064793157886
0.730946882217090032618500572426
0.732101616628175522194510449481
0.733256351039260900748217864020
0.734411085450346390324227741075
0.735565819861431879900237618131
0.736720554272517258453945032670
0.737875288683602748029954909725
0.739030023094688237605964786781
0.740184757505773616159672201320
0.741339491916859105735682078375
0.742494226327944595311691955430
0.743648960739030084887701832486
0.744803695150115463441409247025
0.745958429561200841995116661565
0.747113163972286442593429001136
0.748267898383371821147136415675
0.749422632794457310723146292730
0.750577367205542689276853707270
0.751732101616628178852863584325
0.752886836027713668428873461380
0.754041570438799046982580875920
0.755196304849884536558590752975
0.756351039260970026134600630030
0.757505773672055404688308044570
0.758660508083140894264317921625
0.759815242494226272818025336164
0.760969976905311762394035213219
0.762124711316397251970045090275
0.763279445727482630523752504814
0.764434180138568120099762381869
0.765588914549653609675772258925
0.766743648960738988229479673464
0.767898383371824477805489550519
0.769053117782909856359196965059
0.770207852193995456957509304630
0.771362586605080835511216719169
0.772517321016166214064924133709
0.773672055427251703640934010764
0.774826789838337193216943887819
0.775981524249422682792953764874
0.777136258660508061346661179414
0.778290993071593439900368593953
0.779445727482679040498680933524
0.780600461893764419052388348064
0.781755196304849908628398225119
0.782909930715935287182105639658
0.784064665127020776758115516714
0.785219399538106266334125393769
0.786374133949191644887832808308
0.787528868360277023441540222848
0.788683602771362624039852562419
0.789838337182448002593559976958
0.790993071593533492169569854013
0.792147806004618981745579731069
0.793302540415704360299287145608
0.794457274826789849875297022663
0.795612009237875228429004437203
0.796766743648960829027316776774
0.797921478060046207581024191313
0.799076212471131586134731605853
0.800230946882217075710741482908
0.801385681293302565286751359963
0.802540415704388054862761237018
0.803695150115473433416468651558
0.804849884526558811970176066097
0.806004618937644412568488405668
0.807159353348729791122195820208
0.808314087759815169675903234747
0.809468822170900659251913111802
0.810623556581986148827922988858
0.811778290993071638403932865913
0.812933025404157016957640280452
0.814087759815242395511347694992
0.815242494226327996109660034563
0.816397228637413374663367449102
0.817551963048498864239377326157
0.818706697459584242793084740697
0.819861431870669732369094617752
0.821016166281755221945104494807
0.822170900692840600498811909347
0.823325635103926090074821786402
0.824480369515011579650831663457
0.825635103926096958204539077997
0.826789838337182447780548955052
0.827944572748267826334256369591
0.829099307159353315910266246647
0.830254041570438805486276123702
0.831408775981524184039983538241
0.832563510392609673615993415297
0.833718244803695163192003292352
0.834872979214780541745710706891
0.836027713625866031321720583946
0.837182448036951409875427998486
0.838337182448037010473740338057
0.839491916859122389027447752596
0.840646651270207767581155167136
0.841801385681293368179467506707
0.842956120092378746733174921246
0.844110854503464236309184798301
0.845265588914549614862892212841
0.846420323325635104438902089896
0.847575057736720594014911966951
0.848729792147805972568619381491
0.849884526558891462144629258546
0.851039260969976951720639135601
0.852193995381062330274346550141
0.853348729792147819850356427196
0.854503464203233198404063841735
0.855658198614318687980073718791
0.856812933025404177556083595846
0.857967667436489556109791010385
0.859122401847575045685800887441
0.860277136258660535261810764496
0.861431870669745913815518179035
0.862586605080831403391528056090
0.863741339491916781945235470630
0.864896073903002382543547810201
0.866050808314087761097255224740
0.867205542725173139650962639280
0.868360277136258629226972516335
0.869515011547344118802982393390
0.870669745958429608378992270445
0.871824480369514986932699684985
0.872979214780600365486407099525
0.874133949191685966084719439095
0.875288683602771344638426853635
0.876443418013856834214436730690
0.877598152424942212768144145230
0.878752886836027702344154022285
0.879907621247113191920163899340
0.881062355658198570473871313879
0.882217090069284060049881190935
0.883371824480369549625891067990
0.884526558891454928179598482529
0.885681293302540417755608359585
0.886836027713625796309315774124
0.887990762124711285885325651179
0.889145496535796775461335528234
0.890300230946882154015042942774
0.891454965357967754613355282345
0.892609699769053133167062696884
0.893764434180138511720770111424
0.894919168591224001296779988479
0.896073903002309490872789865534
0.897228637413394980448799742589
0.898383371824480359002507157129
0.899538106235565737556214571669
0.900692840646651338154526911239
0.901847575057736716708234325779
0.903002309468822206284244202834
0.904157043879907584837951617374
0.905311778290993074413961494429
0.906466512702078563989971371484
0.907621247113163942543678786024
0.908775981524249321097386200563
0.909930715935334921695698540134
0.911085450346420300249405954673
0.912240184757505789825415831729
0.913394919168591168379123246268
0.914549653579676657955133123323
0.915704387990762147531143000379
0.916859122401847526084850414918
0.918013856812933015660860291973
0.919168591224018505236870169028
0.920323325635103883790577583568
0.921478060046189373366587460623
0.922632794457274751920294875163
0.923787528868360352518607214733
0.924942263279445731072314629273
0.926096997690531109626022043813
0.927251732101616599202031920868
0.928406466512702088778041797923
0.929561200923787467331749212462
0.930715935334872956907759089518
0.931870669745958335461466504057
0.933025404157043825037476381112
0.934180138568129203591183795652
0.935334872979214804189496135223
0.936489607390300293765506012278
0.937644341801385672319213426817
0.938799076212471161895223303873
0.939953810623556540448930718412
0.941108545034641919002638132952
0.942263279445727408578648010007
0.943418013856813009176960349578
0.944572748267898498752970226633
0.945727482678983877306677641172
0.946882217090069255860385055712
0.948036951501154745436394932767
0.949191685912240123990102347307
0.950346420323325613566112224362
0.951501154734410992119819638901
0.952655889145496592718131978472
0.953810623556582082294141855527
0.954965357967667460847849270067
0.956120092378752839401556684606
0.957274826789838328977566561662
0.958429561200923707531273976201
0.959584295612009197107283853256
0.960739030023094575660991267796
0.961893764434180176259303607367
0.963048498845265665835313484422
0.964203233256351044389020898961
0.965357967667436533965030776017
0.966512702078521912518738190556
0.967667436489607291072445605096
0.968822170900692780648455482151
0.969976905311778159202162896690
0.971131639722863870822777698777
0.972286374133949249376485113316
0.973441108545034627930192527856
0.974595842956120117506202404911
0.975750577367205496059909819451
0.976905311778290985635919696506
0.978060046189376364189627111045
0.979214780600461742743334525585
0.980369515011547454363949327671
0.981524249422632832917656742211
0.982678983833718211471364156750
0.983833718244803701047374033806
0.984988452655889079601081448345
0.986143187066974569177091325400
0.987297921478059947730798739940
0.988452655889145548329111079511
0.989607390300231037905120956566
0.990762124711316416458828371105
0.991916859122401906034838248161
0.993071593533487284588545662700
0.994226327944572663142253077240
0.995381062355658152718262954295
0.996535796766743531271970368834
0.997690531177829131870282708405
0.998845265588914621446292585460
0.000039488245906204191110980967
0.000091919107243702429009893362
0.000144422780965389478593369210
0.000196925613376154043029919727
0.000249419457319649128142213801
0.000301900607463627759525365279
0.000354366056092801683455317807
0.000406812962272790740701766676
0.000459238537131605249318883066
0.000511640011674889842382962790
0.000564014626009687282046090040
0.000616359625267376420865161890
0.000668672257937667248450797075
0.000720949775168699220559420660
0.000773189430490251491771835912
0.000825388479735606416486104475
0.000877544181062738979336168565
0.000929653795026930693592981392
0.000981714584682181643990328546
0.001033723815698913426133764837
0.001085678756490698285835927450
0.001137576678346834168145673694
0.001189414855568834495161412157
0.001241190565608250428314418556
0.001292901089206462475478254248
0.001344543710535199164055053522
0.001396115717337340642392740087
0.001447614401068267851735438256
0.001499037057037134069298334182
0.001550380984548275662901484218
0.001601643487042579911197592857
0.001652821872238670244253944119
0.001703913452274092785176939913
0.001754915543846202134053990918
0.001805825468352898616197776960
0.001856640552033372902965280282
0.001907358126108099930992589854
0.001957975526919119267643676352
0.002008490096069827802321983157
0.002058899180564613927424399975
0.002109200132947932054133799440
0.002159390311443540842739619023
0.002209467080093190875095254810
0.002259427808894781068010937375
0.002309269873940856827171375087
0.002358990657556109000331234782
0.002408587548434949158343565401
0.002458057941778610862998410980
0.002507399239432043201725175408
0.002556608850020110866585465459
0.002605684189084056610191675318
0.002654622679216799268492321673
0.002703421750198681944299394786
0.002752078839132155937963197800
0.002800591390576678049034731188
0.002848956856682549262926862355
0.002897172697325045738481197333
0.002945236380237677663307405140
0.002993145381145182696430717684
0.003040897183896071418601758651
0.003088489280594969386278814127
0.003135919171733988174144425187
0.003183184366324245170160045504
0.003230282382026790095191914887
0.003277210745282586532023394454
0.003323966991442671697204458425
0.003370548664897801000028820795
0.003416953319206891305503948075
0.003463178517226026681408157515
0.003509221831236046008906104277
0.003555080843070396005856093069
0.003600753144241838898942376090
0.003646236336069139712806608244
0.003691528029802959923189042968
0.003736625846751264953815585557
0.003781527418404506159232969509
0.003826230386559494392462177359
0.003870732403443870751208466530
0.003915031131839006098283029189
0.003959124245202796932296962495
0.004003009427792012832336698835
0.004046684374783818607945740098
0.004090146792396757817467101148
0.004133394398011333396858457689
0.004176424920289829346986554270
0.004219236099295618075410985170
0.004261825686611853646057479494
0.004304191445459538793716358640
0.004346331150814989989494829814
0.004388242589526763874629988749
0.004429923560431863784059292044
0.004471371874471239370174568961
0.004512585354804852545707039013
0.004553561836926053874030628776
0.004594299168775070781045588575
0.004634795210852315355820607579
0.004675047836330488253142600996
0.004715054931166398968778175060
0.004754814394211965590530954984
0.004794324137324607396082321031
0.004833582085476905397525282382
0.004872586176865444096417689934
0.004911334363019317569842847604
0.004949824608907617273789725232
0.004988054893046185191141095316
0.005026023207603991412029120767
0.005063727558508424909933243185
0.005101165965550226964742019931
0.005138336462487112267505384722
0.005175237097147462883572899273
0.005211865931532564180650446417
0.005248221041918595293485072517
0.005284300518957378393902768465
0.005320102467776938875987369215
0.005355625008080929297382688503
0.005390866274247427085419825943
0.005425824415426573447962521612
0.005460497595638384889238370334
0.005494883993868703367380312841
0.005528981804164973846982267247
0.005562789235731172704513269878
0.005596304513021671880879104322
0.005629525875834747415671355242
0.005662451579404834643705068942
0.005695079894494110318847734931
0.005727409107483536973570714679
0.005759437520462725064451792178
0.005791163451319042247689150571
0.005822585233826084276376189308
0.005853701217731153635948082581
0.005884509768841821378271284004
0.005915009269111918231709434934
0.005945198116726464060421974978
0.005975074726185659705623987037
0.006004637528388312439631135931
0.006033884970714212779563379030
0.006062815517105648276119378437
0.006091427648148100247593728085
0.006119719861149953456236350036
0.006147690670221625519609176536
0.006175338606353315482055954533
0.006202662217492439268584636380
0.006229660068619716391247198573
0.006256330741824529806383026198
0.006282672836379553718555435182
0.006308684968814110699542041516
0.006334365772986992777771053653
0.006359713900158106385240852632
0.006384728019059456374795225031
0.006409406815964750932235194369
0.006433748994758831281359778842
0.006457753277005349318296012484
0.006481418402014163353264120104
0.006504743126907425870841805704
0.006527726226684860307003521740
0.006550366494288265874212928708
0.006572662740664617260499813511
0.006594613794828771413669699086
0.006616218503924836853713475904
0.006637475733286730267268538341
0.006658384366497862270894980696
0.006678943305449621010982941272
0.006699151470399146261758271947
0.006719007800026008045413128400
0.006738511251487998808540336171
0.006757660800475809304010965661
0.006776455441266874407668652225
0.006794894186778236214174775398
0.006812976068618262215359493439
0.006830700137137618414839845826
0.006848065461479098392505449056
0.006865071129626540771817566622
0.006881716248452706720384330907
0.006897999943766164321345968347
0.006913921360357229255189093209
0.006929479662042838626623275644
0.006944674031710573909592643105
0.006959503671361496474068175644
0.006973967802152033351736903910
0.006988065664434837780116804851
0.007001796517798934173237856982
0.007015159641108295769662550612
0.007028154332539832474524565953
0.007040779909620428940464353929
0.007053035709262450887735429461
0.007064921087798829019144264407
0.007076435421016859239617957655
0.007087578104190744333890084050
0.007098348552113612625058536310
0.007108746199128180946746891067
0.007118770499156408006202756411
0.007128420925728189312675642242
0.007137696972009063313413523844
0.007146598150826748326036597092
0.007155123994696845936280826805
0.007163274055847215597558896860
0.007171047906241675290450743319
0.007178445137602385527075821159
0.007185465361431273186021417843
0.007192108209030535076466961186
0.007198373331521842194424820605
0.007204260399864824068738577978
0.007209769104874252931836053904
0.007214899157236357059297393590
0.007219650287523928476607348870
0.007224022246210464424931441130
0.007228014803683487435326249226
0.007231627750256201803136235640
0.007234860896178964446978643110
0.007237714071648901348332572070
0.007240187126819043472725212496
0.007242279931805940471067906117
0.007243992376696819883441502697
0.007245324371555161672986411503
0.007246275846425386316096428629
0.007246846751336580121083397188
0.007247037056305231754460560722
0.007246846751336580121083397188
0.007246275846425369836223406850
0.007245324371555161672986411503
0.007243992376696819883441502697
0.007242279931805940471067906117
0.007240187126819043472725212496
0.007237714071648901348332572070
0.007234860896178964446978643110
0.007231627750256201803136235640
0.007228014803683487435326249226
0.007224022246210464424931441130
0.007219650287523928476607348870
0.007214899157236357059297393590
0.007209769104874252931836053904
0.007204260399864824068738577978
0.007198373331521842194424820605
0.007192108209030535076466961186
0.007185465361431273186021417843
0.007178445137602385527075821159
0.007171047906241675290450743319
0.007163274055847215597558896860
0.007155123994696845936280826805
0.007146598150826748326036597092
0.007137696972009063313413523844
0.007128420925728189312675642242
0.007118770499156408006202756411
0.007108746199128180946746891067
0.007098348552113612625058536310
0.007087578104190744333890084050
0.007076435421016859239617957655
0.007064921087798829019144264407
0.007053035709262450887735429461
0.007040779909620428940464353929
0.007028154332539832474524565953
0.007015159641108295769662550612
0.007001796517798934173237856982
0.006988065664434837780116804851
0.006973967802152033351736903910
0.006959503671361496474068175644
0.006944674031710573909592643105
0.006929479662042838626623275644
0.006913921360357229255189093209
0.006897999943766164321345968347
0.006881716248452706720384330907
0.006865071129626540771817566622
0.006848065461479098392505449056
0.006830700137137618414839845826
0.006812976068618262215359493439
0.006794894186778236214174775398
0.006776455441266874407668652225
0.006757660800475809304010965661
0.006738511251487998808540336171
0.006719007800026008045413128400
0.006699151470399146261758271947
0.006678943305449621010982941272
0.006658384366497862270894980696
0.006637475733286730267268538341
0.006616218503924836853713475904
0.006594613794828771413669699086
0.006572662740664617260499813511
0.006550366494288265874212928708
0.006527726226684860307003521740
0.006504743126907425870841805704
0.006481418402014163353264120104
0.006457753277005349318296012484
0.006433748994758831281359778842
0.006409406815964750932235194369
0.006384728019059456374795225031
0.006359713900158106385240852632
0.006334365772986992777771053653
0.006308684968814110699542041516
0.006282672836379553718555435182
0.006256330741824529806383026198
0.006229660068619716391247198573
0.006202662217492439268584636380
0.006175338606353315482055954533
0.006147690670221625519609176536
0.006119719861149953456236350036
0.006091427648148100247593728085
0.006062815517105648276119378437
0.006033884970714212779563379030
0.006004637528388312439631135931
0.005975074726185659705623987037
0.005945198116726464060421974978
0.005915009269111918231709434934
0.005884509768841821378271284004
0.005853701217731153635948082581
0.005822585233826084276376189308
0.005791163451319042247689150571
0.005759437520462725064451792178
0.005727409107483536973570714679
0.005695079894494110318847734931
0.005662451579404834643705068942
0.005629525875834747415671355242
0.005596304513021671880879104322
0.005562789235731172704513269878
0.005528981804164973846982267247
0.005494883993868703367380312841
0.005460497595638384889238370334
0.005425824415426573447962521612
0.005390866274247427085419825943
0.005355625008080929297382688503
0.005320102467776938875987369215
0.005284300518957378393902768465
0.005248221041918595293485072517
0.005211865931532564180650446417
0.005175237097147462883572899273
0.005138336462487112267505384722
0.005101165965550226964742019931
0.005063727558508424909933243185
0.005026023207603991412029120767
0.004988054893046185191141095316
0.004949824608907617273789725232
0.004911334363019317569842847604
0.004872586176865444096417689934
0.004833582085476905397525282382
0.004794324137324607396082321031
0.004754814394211965590530954984
0.004715054931166398968778175060
0.004675047836330488253142600996
0.004634795210852315355820607579
0.004594299168775070781045588575
0.004553561836926053874030628776
0.004512585354804852545707039013
0.004471371874471239370174568961
0.004429923560431863784059292044
0.004388242589526763874629988749
0.004346331150814989989494829814
0.004304191445459538793716358640
0.004261825686611853646057479494
0.004219236099295618075410985170
0.004176424920289829346986554270
0.004133394398011333396858457689
0.004090146792396757817467101148
0.004046684374783818607945740098
0.004003009427792012832336698835
0.003959124245202796932296962495
0.003915031131839006098283029189
0.003870732403443870751208466530
0.003826230386559494392462177359
0.003781527418404506159232969509
0.003736625846751264953815585557
0.003691528029802959923189042968
0.003646236336069139712806608244
0.003600753144241838898942376090
0.003555080843070396005856093069
0.003509221831236046008906104277
0.003463178517226026681408157515
0.003416953319206891305503948075
0.003370548664897801000028820795
0.003323966991442671697204458425
0.003277210745282586532023394454
0.003230282382026790095191914887
0.003183184366324245170160045504
0.003135919171733988174144425187
0.003088489280594969386278814127
0.003040897183896071418601758651
0.002993145381145182696430717684
0.002945236380237677663307405140
0.002897172697325045738481197333
0.002848956856682549262926862355
0.002800591390576678049034731188
0.002752078839132155937963197800
0.002703421750198681944299394786
0.002654622679216799268492321673
0.002605684189084056610191675318
0.002556608850020110866585465459
0.002507399239432043201725175408
0.002458057941778610862998410980
0.002408587548434949158343565401
0.002358990657556109000331234782
0.002309269873940856827171375087
0.002259427808894781068010937375
0.002209467080093190875095254810
0.002159390311443540842739619023
0.002109200132947932054133799440
0.002058899180564613927424399975
0.002008490096069827802321983157
0.001957975526919119267643676352
0.001907358126108099930992589854
0.001856640552033372902965280282
0.001805825468352898616197776960
0.001754915543846202134053990918
0.001703913452274092785176939913
0.001652821872238670244253944119
0.001601643487042579911197592857
0.001550380984548275662901484218
0.001499037057037134069298334182
0.001447614401068267851735438256
0.001396115717337340642392740087
0.001344543710535199164055053522
0.001292901089206462475478254248
0.001241190565608250428314418556
0.001189414855568834495161412157
0.001137576678346834168145673694
0.001085678756490698285835927450
0.001033723815698913426133764837
0.000981714584682181643990328546
0.000929653795026930693592981392
0.000877544181062738979336168565
0.000825388479735606416486104475
0.000773189430490251491771835912
0.000720949775168699220559420660
0.000668672257937667248450797075
0.000616359625267376420865161890
0.000564014626009687282046090040
0.000511640011674889842382962790
0.000459238537131605249318883066
0.000406812962272790740701766676
0.000354366056092801683455317807
0.000301900607463627759525365279
0.000249419457319649128142213801
0.000196925613376154043029919727
0.000144422780965389478593369210
0.000091919107243702429009893362
0.000039488245906204191110980967
