0.000851478967415433590955331500
0.001954499524649469435061410749
0.003064034014422497252672084045
0.004175040279382235750005314401
0.005286604823412266625226596517
0.006398439520027187667194912279
0.007510425193388702014285485120
0.008622503717907650105933825557
0.009734643390601316337296111669
0.010846825457980829518489507279
0.011959038120148571607281873241
0.013071273582651147388000723026
0.014183526490487997559486466059
0.015295793043308369280053327088
0.016408070469564640936344090960
0.017520356700526547311103087168
0.018632650160832611718753071273
0.019744949629714351330145305496
0.020857254146561622631939059147
0.021969562945135103632088302561
0.023081875406778706166788239784
0.024194191026525476567732297895
0.025306509388130477011813468380
0.026418830145408491588687738272
0.027531153008089743333686172377
0.028643477730970787892283979659
0.029755804105494262912223746298
0.030868131953151221186226749182
0.031980461120257673568456624480
0.033092791473783793321228330342
0.034205122897997951303405983481
0.035317455291742586021008776243
0.036429788566210923039800917422
0.037542122643117889491115590772
0.038654457453186241711051707171
0.039766792934887419674883091147
0.040879129033387702485402570574
0.041991465699661584265456326648
0.043103802889742394433003624954
0.044216140564086570119428643011
0.045328478687030958338421982035
0.046440817226327583966405398996
0.047553156152745267026826780921
0.048665495439724419657334664180
0.049777835063078069988140583746
0.050890175000733867127777898531
0.052002515232506943410051292176
0.053114855739902690212606017894
0.054227196505943327242693641210
0.055339537515015288504649504375
0.056451878752735669408924223944
0.057564220205832107579713152745
0.058676561862038484340686750329
0.059788903710000847191441408768
0.060901245739194413697514818296
0.062013587939848825725253078645
0.063125930302882354849813850706
0.064238272819841304994703534703
0.065350615482847665416166194063
0.066462958284549858434253621908
0.067575301218080530141207873385
0.068687644277016235427879564668
0.069799987455342868414298607149
0.070912330747423243937355152866
0.072024674147968120729856877915
0.073137017652009458923423323995
0.074249361254876536375668649725
0.075361704952174299321221440096
0.076474048739762851001344756696
0.077586392613739313395271324225
0.078698736570421173874834153139
0.079811080606330755959909595276
0.080923424718181410919548568472
0.082035768902864264484620093754
0.083148113157436531750477115565
0.084260457479110428824498058020
0.085372801865243125307713967231
0.086485146313327404543613852184
0.087597490820982976122976992883
0.088709835385948856978366450221
0.089822180006075461045078611733
0.090934524679318118334236942246
0.092046869403730774417127236120
0.093159214177459787054047524180
0.094271558998738791412819182369
0.095383903865883523653934616959
0.096496248777286935949248913857
0.097608593731414908245547223942
0.098720938726802293095019535940
0.099833283762048766196706139908
0.100945628835815454094060328316
0.102057973946821395339057403362
0.103170319093840681667906267194
0.104282664275699404887731702729
0.105395009491272687029983501361
0.106507354739482654193416522048
0.107619700019295300164046125246
0.108732045329718751691672196102
0.109844390669801117432768933213
0.110956736038628114848769712353
0.112069081435321529771620419069
0.113181426859037398413576624989
0.114293772308964189377000764125
0.115406117784321346486642312357
0.116518463284357831621917966913
0.117630808808350639793616210227
0.118743154355603494631843375373
0.119855499925445738162999020915
0.120967845517230915275419533828
0.122080191130335871663170621559
0.123192536764159601969659263432
0.124304882418122264464699355813
0.125417228091664223477152972919
0.126529573784245258361025321392
0.127641919495343564294742577658
0.128754265224455016758398073762
0.129866610971092449888786291012
0.130978956734784990345588084892
0.132091302515077058110648522415
0.133203648311528061176645110208
0.134315994123711701657697403789
0.135428339951215281899976616842
0.136540685793639149370193308641
0.137653031650596197055236302731
0.138765377521711558150840915005
0.139877723406621690127593637953
0.140990069304974346975356525036
0.142102415216427746535998721811
0.143214761140650542747820850309
0.144327107077321187267315849567
0.145439453026127457624383509938
0.146551798986766429466754857458
0.147664144958943782670601763130
0.148776490942373690318234480401
0.149888836936778485631194257621
0.151001182941888134614316641091
0.152113528957440208300155859433
0.153225874983179494170926204788
0.154338221018857774113897107782
0.155450567064233463598910134351
0.156562913119071611678378985744
0.157675259183143207097899107794
0.158787605256225483607579462841
0.159899951338101420361681448412
0.161012297428559464362862740927
0.162124643527393641484479758219
0.163236989634402945847924115697
0.164349335749391561867227551375
0.165461681872168558937730153957
0.166574028002547364080143665888
0.167686374140346317052063795927
0.168798720285387837680701750287
0.169911066437498592396337926402
0.171023412596509466476746297303
0.172135758762255064446833330294
0.173248104934573848856516065098
0.174360451113308057013995266971
0.175472797298303229140969961009
0.176585143489408569195120435324
0.177697489686476473025322775356
0.178809835889362500616073248239
0.179922182097925376087488302801
0.181034528312026737895124028910
0.182146874531531166585551773096
0.183259220756305962751753213524
0.184371566986221230299847206879
0.185483913221149487871031169561
0.186596259460966057419639696491
0.187708605705548481346056632901
0.188820951954776716785744383742
0.189933298208533024586941451162
0.191045644466701886043935587622
0.192157990729169836363610102126
0.193270336995825547932170707099
0.194382683266559636026116208996
0.195495029541264575545511661403
0.196607375819834978569744521337
0.197719722102166872712558642888
0.198832068388158339500293436686
0.199944414677708959260371557320
0.201056760970720033165903828376
0.202169107267094305679933086139
0.203281453566736186600039104633
0.204393799869551445747006823694
0.205506146175447323987128811495
0.206618492484332338943175955137
0.207730838796116451527851154424
0.208843185110710705121306318688
0.209955531428027530882474138707
0.211067877747980525704463161674
0.212180224070484257925528481792
0.213292570395454572640403512196
0.214404916722808230877816981774
0.215517263052463131645097860201
0.216629609384338006616843586016
0.217741955718352586668373760403
0.218854302054427518609003300298
0.219966648392484254159739975876
0.221078994732445077708860026178
0.222191341074233078556332543485
0.223303687417772095402668242059
0.224416033762986660837768226884
0.225528380109802029096499609295
0.226640726458144037280817428837
0.227753072807939216382067115774
0.228865419159114624747530797322
0.229977765511597931347154144532
0.231090111865317276995668294148
0.232202458220201329863741079862
0.233314804576179174455674569799
0.234427150933180422631707529035
0.235539497291135019318986110193
0.236651843649973298022715084699
0.237764190009626008581733458414
0.238876536370024039612758315343
0.239988882731098834844019052071
0.241101229092781893514896296438
0.242213575455005075687253679462
0.243325921817700324689681679047
0.244438268180799972428829391902
0.245550614544236295300194683477
0.246662960907941791743880344256
0.247775307271849126733442858495
0.248887653635890937486863094819
0.250000000000000000000000000000
0.251112346364109062513136905181
0.252224692728150901022132757134
0.253337039092058236011695271372
0.254449385455763787966532163409
0.255561731819200055326746223727
0.256674078182299703065893936582
0.257786424544994952068321936167
0.258898770907218134240679319191
0.260011117268901192911556563558
0.261123463629975960387241684657
0.262235809990374046929417772844
0.263348156350026729732860530930
0.264460502708865008436589505436
0.265572849066819605123868086594
0.266685195423820853299901045830
0.267797541779798697891834535767
0.268909888134682750759907321481
0.270022234488402124163997086725
0.271134580840885375252469202678
0.272246927192060783617932884226
0.273359273541855962719182571163
0.274471619890198026414651621963
0.275583966237013366917807388745
0.276696312582227932352907373570
0.277808658925766949199243072144
0.278921005267554922291139973822
0.280033351607515801351411255382
0.281145697945572536902147930959
0.282258044281647468842777470854
0.283370390615662048894307645241
0.284482736947536896110477755428
0.285595083277191796877758633855
0.286707429604545427359596487804
0.287819775929515797585622749466
0.288932122252019529806688069584
0.290044468571972469117525861293
0.291156814889289350389844912570
0.292269161203883631738875692463
0.293381507515667716567975276121
0.294493853824552731524022419762
0.295606200130448582008568791935
0.296718546433263841155536510996
0.297830892732905749831218145118
0.298943239029280050100823018511
0.300055585322291040739628442680
0.301167931611841688255282178943
0.302280277897833127287441357112
0.303392624180165049185831094292
0.304504970458735424454488338597
0.305617316733440447240610637891
0.306729663004174479823404908529
0.307842009270830219147541129132
0.308954355533298141711640028007
0.310066701791467003168634164467
0.311179048045223338725406847516
0.312291394294451518653943367099
0.313403740539033970335935919138
0.314516086778850512128968830439
0.315628433013778852966879640007
0.316740779243694092759398017733
0.317853125468468888925599458162
0.318965471687973289860451586719
0.320077817902074679423662928457
0.321190164110637499383926751761
0.322302510313523582485828455901
0.323414856510591486316030795933
0.324527202701696826370181270249
0.325639548886691942986004733029
0.326751895065426178899059550531
0.327864241237745046575469132222
0.328976587403490561278829318326
0.330088933562501407603662073598
0.331201279714612217830449480971
0.332313625859653682947936204073
0.333425971997452663675431949741
0.334538318127831524328996692930
0.335650664250608465888348064254
0.336763010365597081907651499932
0.337875356472606414026671473039
0.338987702571440563392712874702
0.340100048661898690660621014104
0.341212394743774516392420537159
0.342324740816856820657676507835
0.343437086880928388321621014256
0.344549432935766564156665481278
0.345661778981142253641678507847
0.346774125016820589095800642099
0.347886471042559819455419756196
0.348998817058111920896834590167
0.350111163063221542124381358008
0.351223509057626337437341135228
0.352335855041056245084973852499
0.353448201013233653799971989429
0.354560546973872514620040874433
0.355672892922678840488259766062
0.356785238859349485007754765320
0.357897584783572308975152509447
0.359009930695025680780219090593
0.360122276593378365383557593304
0.361234622478288469604734700624
0.362346968349403886211490544156
0.363459314206360906140957922617
0.364571660048784718100023383158
0.365684005876288298342302596211
0.366796351688471966578930505420
0.367908697484922997400502708842
0.369021043265215065165563146365
0.370133389028907577866789324617
0.371245734775545010997177541867
0.372358080504656518971984269228
0.373470426215754769394550294237
0.374582771908335832033998258339
0.375695117581877791046451875445
0.376807463235840467419279775640
0.377919808869664142214617186255
0.379032154482769112480156081801
0.380144500074554303470364402529
0.381256845644396491490368816812
0.382369191191649415717535021031
0.383481536715642168378082033087
0.384593882215678695146721111087
0.385706227691035852256362659318
0.386818573140962629341998990640
0.387930918564678484106167388745
0.389043263961371899029018095462
0.390155609330198882567231066787
0.391267954670281248308327803898
0.392380299980704727591529490383
0.393492645260517415195522517024
0.394604990508727326847804306453
0.395717335724300622867843912900
0.396829680906159387721032771879
0.397942026053178687927669443525
0.399054371164184629172666518571
0.400166716237951247681081667906
0.401279061273197734660556079689
0.402391406268585105632240583873
0.403503751222713147317477933029
0.404616096134116531857216614299
0.405728441001261264098332048889
0.406840785822540240701528091449
0.407953130596269253338448379509
0.409065475320681881665763057754
0.410177819993924552832709196082
0.411290164614051212410572588851
0.412402509179017051632598622746
0.413514853686672623211961763445
0.414627198134756957959012879655
0.415739542520889571175501941980
0.416851886842563523760674115692
0.417964231097135763270955521875
0.419076575281818630713814854971
0.420188919393669257917878212538
0.421301263429578853880741462490
0.422413607386260714360304291404
0.423525951260237176754230858933
0.424638295047825742312141983348
0.425750638745123533013270389347
0.426862982347990582709940099448
0.427975325852031851514567506456
0.429087669252576797696008270577
0.430200012544657173219064816294
0.431312355722983764572120435332
0.432424698781919525369943357873
0.433537041715450155443534185906
0.434649384517152403972772845009
0.435761727180158764394235504369
0.436874069697117672905761764923
0.437986412060151208969216440892
0.439098754260805634874742509055
0.440211096289999215258603726397
0.441323438137961598926040096558
0.442435779794167927114756366791
0.443548121247264337529969679963
0.444660462484984753128713919068
0.445772803494056679696200262697
0.446885144260097344481863501642
0.447997484767493070467736515639
0.449109824999266160627797717098
0.450222164936921909195177704532
0.451334504560275628914922663171
0.452446843847254753789854930801
0.453559182773672464605851928354
0.454671521312969062478259729687
0.455783859435913485391722588247
0.456896197110257640261465894582
0.458008534300338443490119288981
0.459120870966612304453491333334
0.460233207065112559508435197131
0.461345542546813813800099524087
0.462457877356882152142247832671
0.463570211433789125532456409928
0.464682544708257427856779031572
0.465794877102002069513275728241
0.466907208526216255251028997009
0.468019538879742347248225087242
0.469131868046848810038795818400
0.470244195894505778721139677145
0.471356522269029243332738587924
0.472468846991910329524699818649
0.473581169854591532697440925403
0.474693490611869550743762147249
0.475805808973474575473971981410
0.476918124593221359752703847334
0.478030437054864865142889129856
0.479142745853438356551379229131
0.480255050370285707650452877715
0.481367349839167457670185967800
0.482479643299473515138942047997
0.483591929530435393758125428576
0.484704206956691641128287528772
0.485816473509512014583577865778
0.486928726417348911592597460185
0.488040961879851464821911122272
0.489153174542019231196832151909
0.490265356609398683662703888331
0.491377496282092429691346069376
0.492489574806611374313547457859
0.493601560479972834016848537431
0.494713395176587800161627228590
0.495824959720617797209740729159
0.496935965985577543513329601410
0.498045500475350511049299484512
0.499148521032584557843847505865
0.000000000000000000000000000000
0.001113585746102449839864401149
0.002227171492204899679728802298
0.003340757238307349302752768949
0.004454342984409799359457604595
0.005567928730512249416162440241
0.006681514476614698605505537898
0.007795100222717149529572111533
0.008908685968819598718915209190
0.010022271714922047908258306848
0.011135857461024498832324880482
0.012249443207126948021667978139
0.013363028953229397211011075797
0.014476614699331846400354173454
0.015590200445434299059144223065
0.016703786191536749983210796699
0.017817371937639197437830418380
0.018930957683741648361896992014
0.020044543429844095816516613695
0.021158129175946550210030139283
0.022271714922048997664649760964
0.023385300668151448588716334598
0.024498886414253896043335956278
0.025612472160356346967402529913
0.026726057906458794422022151593
0.027839643652561248815535677181
0.028953229398663692800708346908
0.030066815144766150663668824450
0.031180400890868598118288446130
0.032293986636971049042355019765
0.033407572383073499966421593399
0.034521158129175943951594263126
0.035634743875278394875660836760
0.036748329621380845799727410395
0.037861915367483296723793984029
0.038975501113585740708966653756
0.040089086859688191633033227390
0.041202672605790642557099801024
0.042316258351893100420060278566
0.043429844097995544405232948293
0.044543429844097995329299521927
0.045657015590200446253366095561
0.046770601336302897177432669196
0.047884187082405348101499242830
0.048997772828507792086671912557
0.050111358574610243010738486191
0.051224944320712693934805059826
0.052338530066815144858871633460
0.053452115812917588844044303187
0.054565701559020046707004780728
0.055679287305122497631071354363
0.056792873051224941616244024090
0.057906458797327385601416693817
0.059020044543429836525483267451
0.060133630289532301327337648900
0.061247216035634745312510318627
0.062360801781737196236576892261
0.063474387527839654099537369802
0.064587973273942098084710039529
0.065701559020044542069882709256
0.066815144766146999932843186798
0.067928730512249443918015856525
0.069042316258351887903188526252
0.070155902004454345766149003794
0.071269487750556789751321673521
0.072383073496659247614282151062
0.073496659242761691599454820789
0.074610244988864135584627490516
0.075723830734966593447587968058
0.076837416481069037432760637785
0.077951002227171481417933307512
0.079064587973273939280893785053
0.080178173719376383266066454780
0.081291759465478841129026932322
0.082405345211581285114199602049
0.083518930957683742977160079590
0.084632516703786200840120557132
0.085746102449888644825293226859
0.086859688195991088810465896586
0.087973273942093546673426374127
0.089086859688195990658599043854
0.090200445434298448521559521396
0.091314031180400892506732191123
0.092427616926503336491904860850
0.093541202672605794354865338391
0.094654788418708238340038008118
0.095768374164810696202998485660
0.096881959910913140188171155387
0.097995545657015584173343825114
0.099109131403118042036304302655
0.100222717149220486021476972383
0.101336302895322930006649642110
0.102449888641425387869610119651
0.103563474387527831854782789378
0.104677060133630289717743266920
0.105790645879732733702915936647
0.106904231625835177688088606374
0.108017817371937649428836891730
0.109131403118040093414009561457
0.110244988864142537399182231184
0.111358574610244995262142708725
0.112472160356347425369527570638
0.113585746102449883232488048179
0.114699331848552327217660717906
0.115812917594654771202833387633
0.116926503340757229065793865175
0.118040089086859673050966534902
0.119153674832962144791714820258
0.120267260579064602654675297799
0.121380846325167046639847967526
0.122494432071269490625020637253
0.123608017817371948487981114795
0.124721603563474392473153784522
0.125835189309576850336114262063
0.126948775055679308199074739605
0.128062360801781738306459601517
0.129175946547884196169420079059
0.130289532293986654032380556600
0.131403118040089084139765418513
0.132516703786191542002725896054
0.133630289532293999865686373596
0.134743875278396429973071235509
0.135857461024498887836031713050
0.136971046770601345698992190592
0.138084632516703775806377052504
0.139198218262806233669337530046
0.140311804008908691532298007587
0.141425389755011121639682869500
0.142538975501113579502643347041
0.143652561247216037365603824583
0.144766146993318495228564302124
0.145879732739420925335949164037
0.146993318485523383198909641578
0.148106904231625841061870119120
0.149220489977728271169254981032
0.150334075723830729032215458574
0.151447661469933186895175936115
0.152561247216035617002560798028
0.153674832962138074865521275569
0.154788418708240532728481753111
0.155902004454342962835866615023
0.157015590200445420698827092565
0.158129175946547878561787570106
0.159242761692650336424748047648
0.160356347438752766532132909560
0.161469933184855224395093387102
0.162583518930957682258053864643
0.163697104677060112365438726556
0.164810690423162570228399204098
0.165924276169265028091359681639
0.167037861915367485954320159180
0.168151447661469943817280636722
0.169265033407572401680241114263
0.170378619153674831787625976176
0.171492204899777289650586453718
0.172605790645879747513546931259
0.173719376391982177620931793172
0.174832962138084635483892270713
0.175946547884187093346852748255
0.177060133630289551209813225796
0.178173719376391981317198087709
0.179287305122494439180158565250
0.180400890868596897043119042792
0.181514476614699327150503904704
0.182628062360801785013464382246
0.183741648106904242876424859787
0.184855233853006672983809721700
0.185968819599109130846770199241
0.187082405345211588709730676783
0.188195991091314018817115538695
0.189309576837416476680076016237
0.190423162583518934543036493778
0.191536748329621392405996971320
0.192650334075723822513381833232
0.193763919821826280376342310774
0.194877505567928738239302788315
0.195991091314031168346687650228
0.197104677060133626209648127769
0.198218262806236084072608605311
0.199331848552338514179993467224
0.200445434298440972042953944765
0.201559020044543429905914422307
0.202672605790645860013299284219
0.203786191536748317876259761761
0.204899777282850775739220239302
0.206013363028953205846605101215
0.207126948775055663709565578756
0.208240534521158121572526056298
0.209354120267260579435486533839
0.210467706013363009542871395752
0.211581291759465467405831873293
0.212694877505567925268792350835
0.213808463251670355376177212747
0.214922048997772840994713305918
0.216035634743875298857673783459
0.217149220489977728965058645372
0.218262806236080186828019122913
0.219376391982182644690979600455
0.220489977728285074798364462367
0.221603563474387532661324939909
0.222717149220489990524285417450
0.223830734966592420631670279363
0.224944320712694850739055141275
0.226057906458797336357591234446
0.227171492204899766464976096358
0.228285077951002224327936573900
0.229398663697104654435321435813
0.230512249443207140053857528983
0.231625835189309542405666775267
0.232739420935412028024202868437
0.233853006681514458131587730350
0.234966592427616915994548207891
0.236080178173719346101933069804
0.237193763919821831720469162974
0.238307349665924289583429640516
0.239420935412026719690814502428
0.240534521158129205309350595599
0.241648106904231635416735457511
0.242761692650334093279695935053
0.243875278396436523387080796965
0.244988864142538981250041274507
0.246102449888641411357426136419
0.247216035634743896975962229590
0.248329621380846327083347091502
0.249443207126948784946307569044
0.250556792873051215053692430956
0.251670378619153700672228524127
0.252783964365256130779613386039
0.253897550111358616398149479210
0.255011135857460990994383109864
0.256124721603563476612919203035
0.257238307349665906720304064947
0.258351893095768392338840158118
0.259465478841870822446225020030
0.260579064587973308064761113201
0.261692650334075682660994743856
0.262806236080178168279530837026
0.263919821826280598386915698939
0.265033407572383084005451792109
0.266146993318485514112836654022
0.267260579064587999731372747192
0.268374164810690429838757609105
0.269487750556792859946142471017
0.270601336302895290053527332930
0.271714922048997775672063426100
0.272828507795100205779448288013
0.273942093541202691397984381183
0.275055679287305121505369243096
0.276169265033407551612754105008
0.277282850779509981720138966921
0.278396436525612467338675060091
0.279510022271714897446059922004
0.280623608017817383064596015174
0.281737193763919813171980877087
0.282850779510022243279365738999
0.283964365256124673386750600912
0.285077951002227159005286694082
0.286191536748329644623822787253
0.287305122494432074731207649165
0.288418708240534560349743742336
0.289532293986636990457128604248
0.290645879732739420564513466161
0.291759465478841850671898328073
0.292873051224944336290434421244
0.293986636971046766397819283156
0.295100222717149252016355376327
0.296213808463251682123740238239
0.297327394209354112231125100152
0.298440979955456542338509962065
0.299554565701559027957046055235
0.300668151447661458064430917148
0.301781737193763943682967010318
0.302895322939866373790351872231
0.304008908685968859408887965401
0.305122494432071234005121596056
0.306236080178173719623657689226
0.307349665924276149731042551139
0.308463251670378635349578644309
0.309576837416481065456963506222
0.310690423162583551075499599392
0.311804008908685925671733230047
0.312917594654788411290269323217
0.314031180400890841397654185130
0.315144766146993327016190278300
0.316258351893095757123575140213
0.317371937639198242742111233383
0.318485523385300672849496095296
0.319599109131403102956880957208
0.320712694877505533064265819121
0.321826280623608018682801912291
0.322939866369710448790186774204
0.324053452115812934408722867374
0.325167037861915364516107729287
0.326280623608017794623492591199
0.327394209354120224730877453112
0.328507795100222710349413546282
0.329621380846325140456798408195
0.330734966592427626075334501365
0.331848552338530056182719363278
0.332962138084632541801255456448
0.334075723830734971908640318361
0.335189309576837402016025180274
0.336302895322939887634561273444
0.337416481069042317741946135357
0.338530066815144803360482228527
0.339643652561247233467867090440
0.340757238307349663575251952352
0.341870824053452093682636814265
0.342984409799554579301172907435
0.344097995545657009408557769348
0.345211581291759495027093862518
0.346325167037861925134478724431
0.347438752783964355241863586343
0.348552338530066785349248448256
0.349665924276169270967784541426
0.350779510022271701075169403339
0.351893095768374186693705496509
0.353006681514476616801090358422
0.354120267260579102419626451592
0.355233853006681477015860082247
0.356347438752783962634396175417
0.357461024498886392741781037330
0.358574610244988878360317130500
0.359688195991091308467701992413
0.360801781737193794086238085583
0.361915367483296168682471716238
0.363028953229398654301007809408
0.364142538975501084408392671321
0.365256124721603570026928764491
0.366369710467706000134313626404
0.367483296213808485752849719574
0.368596881959910915860234581487
0.369710467706013345967619443400
0.370824053452115776075004305312
0.371937639198218261693540398483
0.373051224944320691800925260395
0.374164810690423177419461353566
0.375278396436525607526846215478
0.376391982182628037634231077391
0.377505567928730467741615939303
0.378619153674832953360152032474
0.379732739420935383467536894386
0.380846325167037869086072987557
0.381959910913140354704609080727
0.383073496659242784811993942640
0.384187082405345214919378804552
0.385300668151447645026763666465
0.386414253897550130645299759635
0.387527839643652560752684621548
0.388641425389755046371220714718
0.389755011135857476478605576631
0.390868596881959906585990438543
0.391982182628062336693375300456
0.393095768374164822311911393626
0.394209354120267252419296255539
0.395322939866369738037832348709
0.396436525612472168145217210622
0.397550111358574598252602072535
0.398663697104677028359986934447
0.399777282850779513978523027617
0.400890868596881944085907889530
0.402004454342984429704443982700
0.403118040089086859811828844613
0.404231625835189345430364937783
0.405345211581291720026598568438
0.406458797327394205645134661609
0.407572383073496635752519523521
0.408685968819599121371055616692
0.409799554565701551478440478604
0.410913140311804037096976571775
0.412026726057906411693210202429
0.413140311804008897311746295600
0.414253897550111327419131157512
0.415367483296213813037667250683
0.416481069042316243145052112595
0.417594654788418728763588205766
0.418708240534521158870973067678
0.419821826280623588978357929591
0.420935412026726019085742791503
0.422048997772828504704278884674
0.423162583518930934811663746586
0.424276169265033420430199839757
0.425389755011135850537584701669
0.426503340757238280644969563582
0.427616926503340710752354425495
0.428730512249443196370890518665
0.429844097995545681989426611835
0.430957683741648112096811473748
0.432071269487750597715347566918
0.433184855233853027822732428831
0.434298440979955457930117290744
0.435412026726057888037502152656
0.436525612472160373656038245826
0.437639198218262803763423107739
0.438752783964365289381959200909
0.439866369710467719489344062822
0.440979955456570149596728924735
0.442093541202672579704113786647
0.443207126948775065322649879818
0.444320712694877495430034741730
0.445434298440979981048570834901
0.446547884187082411155955696813
0.447661469933184841263340558726
0.448775055679287271370725420638
0.449888641425389701478110282551
0.451002227171492242607797606979
0.452115812917594672715182468892
0.453229398663697102822567330804
0.454342984409799532929952192717
0.455456570155902018548488285887
0.456570155902004448655873147800
0.457683741648106878763258009712
0.458797327394209308870642871625
0.459910913140311850000330196053
0.461024498886414280107715057966
0.462138084632516710215099919878
0.463251670378619084811333550533
0.464365256124721625941020874961
0.465478841870824056048405736874
0.466592427616926486155790598787
0.467706013363028916263175460699
0.468819599109131401881711553870
0.469933184855233831989096415782
0.471046770601336262096481277695
0.472160356347438692203866139607
0.473273942093541233333553464036
0.474387527839643663440938325948
0.475501113585746093548323187861
0.476614699331848579166859281031
0.477728285077951009274244142944
0.478841870824053439381629004856
0.479955456570155869489013866769
0.481069042316258410618701191197
0.482182628062360840726086053110
0.483296213808463270833470915022
0.484409799554565645429704545677
0.485523385300668186559391870105
0.486636971046770616666776732018
0.487750556792873046774161593930
0.488864142538975476881546455843
0.489977728285077962500082549013
0.491091314031180392607467410926
0.492204899777282822714852272838
0.493318485523385252822237134751
0.494432071269487793951924459179
0.495545657015590224059309321092
0.496659242761692654166694183004
0.497772828507795084274079044917
0.498886414253897569892615138087
0.500000000000000000000000000000
0.501113585746102430107384861913
0.502227171492204860214769723825
0.503340757238307401344457048253
0.504454342984409831451841910166
0.505567928730512261559226772079
0.506681514476614691666611633991
0.507795100222717232796298958419
0.508908685968819551881381357816
0.510022271714921981988766219729
0.511135857461024412096151081641
0.512249443207126953225838406070
0.513363028953229383333223267982
0.514476614699331813440608129895
0.515590200445434243547992991807
0.516703786191536784677680316236
0.517817371937639214785065178148
0.518930957683741644892450040061
0.520044543429844074999834901973
0.521158129175946616129522226402
0.522271714922049046236907088314
0.523385300668151365321989487711
0.524498886414253906451676812139
0.525612472160356336559061674052
0.526726057906458766666446535964
0.527839643652561196773831397877
0.528953229398663737903518722305
0.530066815144766168010903584218
0.531180400890868598118288446130
0.532293986636971028225673308043
0.533407572383073569355360632471
0.534521158129175999462745494384
0.535634743875278429570130356296
0.536748329621380859677515218209
0.537861915367483289784900080122
0.538975501113585719892284942034
0.540089086859688149999669803947
0.541202672605790580107054665859
0.542316258351893121236741990288
0.543429844097995551344126852200
0.544543429844097981451511714113
0.545657015590200411558896576025
0.546770601336302952688583900454
0.547884187082405382795968762366
0.548997772828507812903353624279
0.550111358574610243010738486191
0.551224944320712673118123348104
0.552338530066815103225508210016
0.553452115812917533332893071929
0.554565701559019963440277933842
0.555679287305122504569965258270
0.556792873051224934677350120182
0.557906458797327364784734982095
0.559020044543429794892119844008
0.560133630289532336021807168436
0.561247216035634766129192030348
0.562360801781737196236576892261
0.563474387527839626343961754174
0.564587973273942167473649078602
0.565701559020044486558731477999
0.566815144766146916666116339911
0.567928730512249346773501201824
0.569042316258351887903188526252
0.570155902004454318010573388165
0.571269487750556748117958250077
0.572383073496659289247645574505
0.573496659242761719355030436418
0.574610244988864149462415298331
0.575723830734966579569800160243
0.576837416481069120699487484671
0.577951002227171550806872346584
0.579064587973273980914257208497
0.580178173719376411021642070409
0.581291759465478841129026932322
0.582405345211581271236411794234
0.583518930957683701343796656147
0.584632516703786131451181518059
0.585746102449888672580868842488
0.586859688195991102688253704400
0.587973273942093532795638566313
0.589086859688195962903023428225
0.590200445434298504032710752654
0.591314031180400934140095614566
0.592427616926503364247480476479
0.593541202672605794354865338391
0.594654788418708224462250200304
0.595768374164810654569635062217
0.596881959910913084677019924129
0.597995545657015514784404786042
0.599109131403118055914092110470
0.600222717149220486021476972383
0.601336302895322916128861834295
0.602449888641425346236246696208
0.603563474387527887365934020636
0.604677060133630317473318882548
0.605790645879732747580703744461
0.606904231625835177688088606374
0.608017817371937718817775930802
0.609131403118040037902858330199
0.610244988864142468010243192111
0.611358574610244898117628054024
0.612472160356347439247315378452
0.613585746102449869354700240365
0.614699331848552299462085102277
0.615812917594654729569469964190
0.616926503340757270699157288618
0.618040089086859700806542150531
0.619153674832962130913927012443
0.620267260579064672043614336872
0.621380846325167102150999198784
0.622494432071269532258384060697
0.623608017817371851343466460094
0.624721603563474392473153784522
0.625835189309576822580538646434
0.626948775055679252687923508347
0.628062360801781682795308370260
0.629175946547884223924995694688
0.630289532293986654032380556600
0.631403118040089084139765418513
0.632516703786191514247150280426
0.633630289532294055376837604854
0.634743875278396485484222466766
0.635857461024498915591607328679
0.636971046770601345698992190592
0.638084632516703775806377052504
0.639198218262806205913761914417
0.640311804008908636021146776329
0.641425389755011066128531638242
0.642538975501113607258218962670
0.643652561247216037365603824583
0.644766146993318467472988686495
0.645879732739420897580373548408
0.646993318485523438710060872836
0.648106904231625868817445734749
0.649220489977728298924830596661
0.650334075723830729032215458574
0.651447661469933159139600320486
0.652561247216035589246985182399
0.653674832962138019354370044312
0.654788418708240449461754906224
0.655902004454342990591442230652
0.657015590200445420698827092565
0.658129175946547850806211954477
0.659242761692650280913596816390
0.660356347438752822043284140818
0.661469933184855252150669002731
0.662583518930957682258053864643
0.663697104677060112365438726556
0.664810690423162653495126050984
0.665924276169265083602510912897
0.667037861915367402687593312294
0.668151447661469943817280636722
0.669265033407572373924665498635
0.670378619153674804032050360547
0.671492204899777234139435222460
0.672605790645879775269122546888
0.673719376391982205376507408801
0.674832962138084635483892270713
0.675946547884187065591277132626
0.677060133630289606720964457054
0.678173719376392036828349318967
0.679287305122494466935734180879
0.680400890868596897043119042792
0.681514476614699327150503904704
0.682628062360801757257888766617
0.683741648106904187365273628529
0.684855233853006617472658490442
0.685968819599109158602345814870
0.687082405345211588709730676783
0.688195991091314018817115538695
0.689309576837416448924500400608
0.690423162583518990054187725036
0.691536748329621420161572586949
0.692650334075723850268957448861
0.693763919821826280376342310774
0.694877505567928710483727172686
0.695991091314031140591112034599
0.697104677060133570698496896512
0.698218262806236000805881758424
0.699331848552338541935569082852
0.700445434298440972042953944765
0.701559020044543402150338806678
0.702672605790645832257723668590
0.703786191536748373387410993018
0.704899777282850803494795854931
0.706013363028953233602180716844
0.707126948775055663709565578756
0.708240534521158204839252903184
0.709354120267260523924335302581
0.710467706013362954031720164494
0.711581291759465384139105026406
0.712694877505567925268792350835
0.713808463251670355376177212747
0.714922048997772785483562074660
0.716035634743875326613249399088
0.717149220489977756720634261001
0.718262806236080186828019122913
0.719376391982182616935403984826
0.720489977728285158065091309254
0.721603563474387588172476171167
0.722717149220490018279861033079
0.723830734966592337364943432476
0.724944320712694878494630756904
0.726057906458797308602015618817
0.727171492204899738709400480730
0.728285077951002168816785342642
0.729398663697104709946472667070
0.730512249443207140053857528983
0.731625835189309570161242390895
0.732739420935412000268627252808
0.733853006681514541398314577236
0.734966592427616971505699439149
0.736080178173719401613084301061
0.737193763919821831720469162974
0.738307349665924261827854024887
0.739420935412026691935238886799
0.740534521158129122042623748712
0.741648106904231552150008610624
0.742761692650334093279695935053
0.743875278396436523387080796965
0.744988864142538953494465658878
0.746102449888641383601850520790
0.747216035634743924731537845219
0.748329621380846354838922707131
0.749443207126948784946307569044
0.750556792873051215053692430956
0.751670378619153645161077292869
0.752783964365256075268462154781
0.753897550111358505375847016694
0.755011135857460935483231878607
0.756124721603563476612919203035
0.757238307349665906720304064947
0.758351893095768336827688926860
0.759465478841870766935073788773
0.760579064587973308064761113201
0.761692650334075738172145975113
0.762806236080178168279530837026
0.763919821826280709409218161454
0.765033407572383139516603023367
0.766146993318485569623987885279
0.767260579064587888709070284676
0.768374164810690429838757609105
0.769487750556792859946142471017
0.770601336302895290053527332930
0.771714922048997720160912194842
0.772828507795100261290599519270
0.773942093541202691397984381183
0.775055679287305121505369243096
0.776169265033407551612754105008
0.777282850779510092742441429436
0.778396436525612522849826291349
0.779510022271714952957211153262
0.780623608017817383064596015174
0.781737193763919813171980877087
0.782850779510022243279365738999
0.783964365256124673386750600912
0.785077951002227103494135462824
0.786191536748329644623822787253
0.787305122494432074731207649165
0.788418708240534504838592511078
0.789532293986636934945977372990
0.790645879732739476075664697419
0.791759465478841906183049559331
0.792873051224944336290434421244
0.793986636971046766397819283156
0.795100222717149196505204145069
0.796213808463251626612589006982
0.797327394209354056719973868894
0.798440979955456486827358730807
0.799554565701559027957046055235
0.800668151447661458064430917148
0.801781737193763888171815779060
0.802895322939866318279200640973
0.804008908685968859408887965401
0.805122494432071289516272827314
0.806236080178173719623657689226
0.807349665924276149731042551139
0.808463251670378690860729875567
0.809576837416481009945812274964
0.810690423162583440053197136876
0.811804008908685981182884461305
0.812917594654788411290269323217
0.814031180400890841397654185130
0.815144766146993271505039047042
0.816258351893095812634726371471
0.817371937639198242742111233383
0.818485523385300672849496095296
0.819599109131403102956880957208
0.820712694877505644086568281637
0.821826280623608074193953143549
0.822939866369710504301338005462
0.824053452115812823386420404859
0.825167037861915364516107729287
0.826280623608017794623492591199
0.827394209354120224730877453112
0.828507795100222654838262315025
0.829621380846325195967949639453
0.830734966592427626075334501365
0.831848552338530056182719363278
0.832962138084632486290104225191
0.834075723830735027419791549619
0.835189309576837457527176411531
0.836302895322939887634561273444
0.837416481069042317741946135357
0.838530066815144747849330997269
0.839643652561247177956715859182
0.840757238307349608064100721094
0.841870824053452038171485583007
0.842984409799554579301172907435
0.844097995545657009408557769348
0.845211581291759439515942631260
0.846325167037861869623327493173
0.847438752783964410753014817601
0.848552338530066840860399679514
0.849665924276169270967784541426
0.850779510022271701075169403339
0.851893095768374131182554265251
0.853006681514476561289939127164
0.854120267260578991397323989077
0.855233853006681421504708850989
0.856347438752783962634396175417
0.857461024498886392741781037330
0.858574610244988822849165899243
0.859688195991091363978853223671
0.860801781737193794086238085583
0.861915367483296224193622947496
0.863028953229398654301007809408
0.864142538975501195430695133837
0.865256124721603625538079995749
0.866369710467706055645464857662
0.867483296213808374730547257059
0.868596881959910915860234581487
0.869710467706013345967619443400
0.870824053452115776075004305312
0.871937639198218206182389167225
0.873051224944320747312076491653
0.874164810690423177419461353566
0.875278396436525607526846215478
0.876391982182628037634231077391
0.877505567928730578763918401819
0.878619153674833008871303263732
0.879732739420935438978688125644
0.880846325167037869086072987557
0.881959910913140299193457849469
0.883073496659242729300842711382
0.884187082405345159408227573294
0.885300668151447589515612435207
0.886414253897550130645299759635
0.887527839643652560752684621548
0.888641425389754990860069483460
0.889755011135857420967454345373
0.890868596881959962097141669801
0.891982182628062392204526531714
0.893095768374164822311911393626
0.894209354120267252419296255539
0.895322939866369682526681117452
0.896436525612472112634065979364
0.897550111358574542741450841277
0.898663697104676972848835703189
0.899777282850779402956220565102
0.900890868596881833063605427014
0.902004454342984485215595213958
0.903118040089086915322980075871
0.904231625835189345430364937783
0.905345211581291775537749799696
0.906458797327394205645134661609
0.907572383073496635752519523521
0.908685968819599065859904385434
0.909799554565701606989591709862
0.910913140311804037096976571775
0.912026726057906467204361433687
0.913140311804008897311746295600
0.914253897550111327419131157512
0.915367483296213757526516019425
0.916481069042316187633900881337
0.917594654788418617741285743250
0.918708240534521269893275530194
0.919821826280623700000660392107
0.920935412026726130108045254019
0.922048997772828560215430115932
0.923162583518930990322814977844
0.924276169265033420430199839757
0.925389755011135739515282239154
0.926503340757238169622667101066
0.927616926503340821774656888010
0.928730512249443251882041749923
0.929844097995545681989426611835
0.930957683741648112096811473748
0.932071269487750542204196335661
0.933184855233852972311581197573
0.934298440979955402418966059486
0.935412026726057832526350921398
0.936525612472160484678340708342
0.937639198218262803763423107739
0.938752783964365233870807969652
0.939866369710467663978192831564
0.940979955456570094085577693477
0.942093541202672524192962555389
0.943207126948774954300347417302
0.944320712694877384407732279215
0.945434298440980036559722066158
0.946547884187082466667106928071
0.947661469933184896774491789984
0.948775055679287326881876651896
0.949888641425389756989261513809
0.951002227171492187096646375721
0.952115812917594617204031237634
0.953229398663697158333718562062
0.954342984409799588441103423975
0.955456570155902018548488285887
0.956570155902004448655873147800
0.957683741648106878763258009712
0.958797327394209308870642871625
0.959910913140311738978027733538
0.961024498886414169085412595450
0.962138084632516821237402382394
0.963251670378619251344787244307
0.964365256124721681452172106219
0.965478841870824111559556968132
0.966592427616926541666941830044
0.967706013363028860752024229441
0.968819599109131290859409091354
0.969933184855233720966793953266
0.971046770601336373118783740210
0.972160356347438803226168602123
0.973273942093541233333553464036
0.974387527839643663440938325948
0.975501113585746093548323187861
0.976614699331848523655708049773
0.977728285077950953763092911686
0.978841870824053383870477773598
0.979955456570155925000165098027
0.981069042316258355107549959939
0.982182628062360785214934821852
0.983296213808463215322319683764
0.984409799554565645429704545677
0.985523385300668075537089407590
0.986636971046770505644474269502
0.987750556792872935751859131415
0.988864142538975587903848918359
0.989977728285078018011233780271
0.991091314031180448118618642184
0.992204899777282878226003504096
0.993318485523385308333388366009
0.994432071269487738440773227921
0.995545657015590168548158089834
0.996659242761692598655542951747
0.997772828507795139785230276175
0.998886414253897569892615138087
0.000036727115708902721203689412
0.000085491993345297807231457365
0.000134324905989600381977719379
0.000183157529387152206035854762
0.000231982465342435472451659839
0.000280796446829167348387124026
0.000329596855571960534701803081
0.000378381228309801573728848867
0.000427147150081188099832868454
0.000475892224271433621641397282
0.000524614062571863775871761071
0.000573310281169865328977641727
0.000621978499181160735496953773
0.000670616337980567867212144950
0.000719221420926753987092061582
0.000767791373271471764422324568
0.000816323822161054823282055892
0.000864816396685960794496472737
0.000913266727957368464399512398
0.000961672449198246528934141963
0.001010031195843578977200394320
0.001058340605645845386093006901
0.001106598318783383891675264898
0.001154801977971688011631590243
0.001202949228574769387212217708
0.001251037718718497242578746587
0.001299065099403619088710981622
0.001347029024619451681096804485
0.001394927151457609924498082243
0.001442757140226012249270559629
0.001490516654562310059489727010
0.001538203361548111901269120239
0.001585814931822386673193614470
0.001633349039695133767327583918
0.001680803363260890796737623276
0.001728175584511896113043549761
0.001775463389451241782990287277
0.001822664468205933106792482334
0.001869776515139547849037038318
0.001916797228964845162604846429
0.001963724312856285608014372812
0.002010555474561818902617948979
0.002057288426515150887158300819
0.002103920885947434780971487811
0.002150450574998631105005930664
0.002196875220828766774039397802
0.002243192555729131305169987698
0.002289400317232790412619314324
0.002335496248225235778328556790
0.002381478097054596804876824834
0.002427343617641599966133769684
0.002473090569589401956779317615
0.002518716718292802244499872799
0.002564219835047578353870445511
0.002609597697159256064064480896
0.002654848088051690088023937264
0.002699968797375417069173142437
0.002744957621115473415940311241
0.002789812361699246963386844556
0.002834530828103527192590727068
0.002879110835961890685341657559
0.002923550207671124240987881038
0.002967846772497680085667326466
0.003011998366683785871567025083
0.003056002833553026886564962794
0.003099858023615740046374789074
0.003143561794673915658904217452
0.003187112011926067529909989418
0.003230506548071397903559853759
0.003273743283413471476250844461
0.003316820105964124031777684465
0.003359734911546406136567677336
0.003402485603897463951189594766
0.003445070094770913068926709855
0.003487486304038750484224351567
0.003529732159793145130494140815
0.003571805598447479451057473554
0.003613704564837083924033755977
0.003655427012319988500782530494
0.003696970902876537800468836892
0.003738334207209104750185835186
0.003779514904841051788769723530
0.003820510984215699876870298013
0.003861320442794302643108039774
0.003901941287154179691110122974
0.003942371533085670294582758544
0.003982609205689413220397021576
0.004022652339472787379193174928
0.004062498978445576620910362209
0.004102147176216012700034063698
0.004141594996085479901681836168
0.004180840511143221402412528676
0.004219881804360490519523185782
0.004258716968684328127436877764
0.004297344107130290566387564866
0.004335761332875649395890427229
0.004373966769351171277047107822
0.004411958550332904793744859262
0.004449734820033377467873858535
0.004487293733192231591500043208
0.004524633455166316223228228921
0.004561752162019353309951874564
0.004598648040610935940064596394
0.004635319288685251643000739818
0.004671764114958999909721359955
0.004707980739208906389992037589
0.004743967392358699325383142309
0.004779722316565596790249870196
0.004815243765305979480040310392
0.004850530003460975028706236856
0.004885579307400835825936358248
0.004920389965069577042910964337
0.004954960276068303207108733943
0.004989288551738382988809394902
0.005023373115243781779348797301
0.005057212301653191306727297416
0.005090804458021343931184432563
0.005124147943469476926270367301
0.005157241129265794157832125677
0.005190082398904913817128115028
0.005222670148186737623663411512
0.005255002785294999971543727924
0.005287078730874844763321096508
0.005318896418110073513740854168
0.005350454292799647522393957644
0.005381750813433576821620540898
0.005412784451268404933843569893
0.005443553690401458505787601894
0.005474057027845443887392740123
0.005504292973601429550534192003
0.005534260050731867539020036872
0.005563956795432553267821695897
0.005593381757104299092930865811
0.005622533498423782152841887694
0.005651410595413612451831664174
0.005680011637511967262370582432
0.005708335227641519495078714641
0.005736379982277633148013418207
0.005764144531516159769557461345
0.005791627519139833264738559393
0.005818827602685127005355258945
0.005845743453507426523607648505
0.005872373756846013988230925662
0.005898717211888516651074887420
0.005924772531834078537205101611
0.005950538443956457541894611296
0.005976013689666170164427327904
0.006001197024571879902465898482
0.006026087218541319873166273169
0.006050683055761178937015376533
0.006074983334796816951406395191
0.006098986868650492498833415311
0.006122692484819816129137937111
0.006146099025354615462413132576
0.006169205346913904375316661799
0.006192010320821342110597651498
0.006214512833120605650449874702
0.006236711784629734266205414173
0.006258606090994832220342214413
0.006280194682742971760969208361
0.006301476505334626873611192366
0.006322450519214884920304875493
0.006343115699864478734815165240
0.006363471037849751862913727507
0.006383515538871894351435898329
0.006403248223815626895272234975
0.006422668128796995938578628937
0.006441774305210319628844928275
0.006460565819774814581843980221
0.006479041754579818387926870571
0.006497201207129964413422573699
0.006515043290389033875387170269
0.006532567132823436685529205903
0.006549771878444667072560747556
0.006566656686851164194396179852
0.006583220733269406002574619663
0.006599463208594118397709582524
0.006615383319427885037977699056
0.006630980288119785702460884380
0.006646253352803457858932745239
0.006661201767434376738719059574
0.006675824801826153558070853222
0.006690121741686286434280805935
0.006704091888651062154658166747
0.006717734560319613135170868645
0.006731049090287266611909444691
0.006744034828178189534819697570
0.006756691139677061148927084133
0.006769017406560055155617661171
0.006781013026724931093414117100
0.006792677414220829948399149600
0.006804009999276486829467014417
0.006815010228328192108671057525
0.006825677564047000558944411353
0.006836011485364601285297236899
0.006846011487499276994272978669
0.006855677081980038334307892001
0.006865007796670904820224290432
0.006874003175793733794174400487
0.006882662779950522898009257489
0.006890986186144898092975630277
0.006898972987802822788572232326
0.006906622794792352873494145626
0.006913935233442796736424984516
0.006920909946562902974320774518
0.006927546593458281352917449425
0.006933844849948161102870525241
0.006939804408381091034574428278
0.006945424977650107092874698367
0.006950706283206749790115619447
0.006955648067074765052153484390
0.006960250087862382591119558839
0.006964512120774380907195499901
0.006968433957622887676974787752
0.006972015406837608550438822874
0.006975256293475259709857549950
0.006978156459227987350180111292
0.006980715762431175669400218453
0.006982934078070299026286260613
0.006984811297787213782428672459
0.006986347329885084916911708319
0.006987542099333381162562517375
0.006988395547771048682550443232
0.006988907633509572857322122985
0.006989078331535114596562152656
0.006988907633509572857322122985
0.006988395547771048682550443232
0.006987542099333381162562517375
0.006986347329885084916911708319
0.006984811297787213782428672459
0.006982934078070299026286260613
0.006980715762431175669400218453
0.006978156459227987350180111292
0.006975256293475259709857549950
0.006972015406837608550438822874
0.006968433957622887676974787752
0.006964512120774380907195499901
0.006960250087862382591119558839
0.006955648067074765052153484390
0.006950706283206749790115619447
0.006945424977650107092874698367
0.006939804408381091034574428278
0.006933844849948161102870525241
0.006927546593458281352917449425
0.006920909946562902974320774518
0.006913935233442796736424984516
0.006906622794792352873494145626
0.006898972987802822788572232326
0.006890986186144898092975630277
0.006882662779950522898009257489
0.006874003175793733794174400487
0.006865007796670904820224290432
0.006855677081980038334307892001
0.006846011487499276994272978669
0.006836011485364601285297236899
0.006825677564047000558944411353
0.006815010228328192108671057525
0.006804009999276486829467014417
0.006792677414220829948399149600
0.006781013026724931093414117100
0.006769017406560055155617661171
0.006756691139677061148927084133
0.006744034828178189534819697570
0.006731049090287266611909444691
0.006717734560319613135170868645
0.006704091888651062154658166747
0.006690121741686286434280805935
0.006675824801826153558070853222
0.006661201767434376738719059574
0.006646253352803457858932745239
0.006630980288119785702460884380
0.006615383319427885037977699056
0.006599463208594118397709582524
0.006583220733269406002574619663
0.006566656686851164194396179852
0.006549771878444667072560747556
0.006532567132823436685529205903
0.006515043290389033875387170269
0.006497201207129964413422573699
0.006479041754579818387926870571
0.006460565819774814581843980221
0.006441774305210319628844928275
0.006422668128796995938578628937
0.006403248223815626895272234975
0.006383515538871894351435898329
0.006363471037849751862913727507
0.006343115699864478734815165240
0.006322450519214884920304875493
0.006301476505334626873611192366
0.006280194682742971760969208361
0.006258606090994832220342214413
0.006236711784629734266205414173
0.006214512833120605650449874702
0.006192010320821342110597651498
0.006169205346913904375316661799
0.006146099025354615462413132576
0.006122692484819816129137937111
0.006098986868650492498833415311
0.006074983334796816951406395191
0.006050683055761178937015376533
0.006026087218541319873166273169
0.006001197024571879902465898482
0.005976013689666170164427327904
0.005950538443956457541894611296
0.005924772531834078537205101611
0.005898717211888516651074887420
0.005872373756846013988230925662
0.005845743453507426523607648505
0.005818827602685127005355258945
0.005791627519139833264738559393
0.005764144531516159769557461345
0.005736379982277633148013418207
0.005708335227641519495078714641
0.005680011637511967262370582432
0.005651410595413612451831664174
0.005622533498423782152841887694
0.005593381757104299092930865811
0.005563956795432553267821695897
0.005534260050731867539020036872
0.005504292973601429550534192003
0.005474057027845443887392740123
0.005443553690401458505787601894
0.005412784451268404933843569893
0.005381750813433576821620540898
0.005350454292799647522393957644
0.005318896418110073513740854168
0.005287078730874844763321096508
0.005255002785294999971543727924
0.005222670148186737623663411512
0.005190082398904913817128115028
0.005157241129265794157832125677
0.005124147943469476926270367301
0.005090804458021343931184432563
0.005057212301653191306727297416
0.005023373115243781779348797301
0.004989288551738382988809394902
0.004954960276068303207108733943
0.004920389965069577042910964337
0.004885579307400835825936358248
0.004850530003460975028706236856
0.004815243765305979480040310392
0.004779722316565596790249870196
0.004743967392358699325383142309
0.004707980739208906389992037589
0.004671764114958999909721359955
0.004635319288685251643000739818
0.004598648040610935940064596394
0.004561752162019353309951874564
0.004524633455166316223228228921
0.004487293733192231591500043208
0.004449734820033377467873858535
0.004411958550332904793744859262
0.004373966769351171277047107822
0.004335761332875649395890427229
0.004297344107130290566387564866
0.004258716968684328127436877764
0.004219881804360490519523185782
0.004180840511143221402412528676
0.004141594996085479901681836168
0.004102147176216012700034063698
0.004062498978445576620910362209
0.004022652339472787379193174928
0.003982609205689413220397021576
0.003942371533085670294582758544
0.003901941287154179691110122974
0.003861320442794302643108039774
0.003820510984215699876870298013
0.003779514904841051788769723530
0.003738334207209104750185835186
0.003696970902876537800468836892
0.003655427012319988500782530494
0.003613704564837083924033755977
0.003571805598447479451057473554
0.003529732159793145130494140815
0.003487486304038750484224351567
0.003445070094770913068926709855
0.003402485603897463951189594766
0.003359734911546406136567677336
0.003316820105964124031777684465
0.003273743283413471476250844461
0.003230506548071397903559853759
0.003187112011926067529909989418
0.003143561794673915658904217452
0.003099858023615740046374789074
0.003056002833553026886564962794
0.003011998366683785871567025083
0.002967846772497680085667326466
0.002923550207671124240987881038
0.002879110835961890685341657559
0.002834530828103527192590727068
0.002789812361699246963386844556
0.002744957621115473415940311241
0.002699968797375417069173142437
0.002654848088051690088023937264
0.002609597697159256064064480896
0.002564219835047578353870445511
0.002518716718292802244499872799
0.002473090569589401956779317615
0.002427343617641599966133769684
0.002381478097054596804876824834
0.002335496248225235778328556790
0.002289400317232790412619314324
0.002243192555729131305169987698
0.002196875220828766774039397802
0.002150450574998631105005930664
0.002103920885947434780971487811
0.002057288426515150887158300819
0.002010555474561818902617948979
0.001963724312856285608014372812
0.001916797228964845162604846429
0.001869776515139547849037038318
0.001822664468205933106792482334
0.001775463389451241782990287277
0.001728175584511896113043549761
0.001680803363260890796737623276
0.001633349039695133767327583918
0.001585814931822386673193614470
0.001538203361548111901269120239
0.001490516654562310059489727010
0.001442757140226012249270559629
0.001394927151457609924498082243
0.001347029024619451681096804485
0.001299065099403619088710981622
0.001251037718718497242578746587
0.001202949228574769387212217708
0.001154801977971688011631590243
0.001106598318783383891675264898
0.001058340605645845386093006901
0.001010031195843578977200394320
0.000961672449198246528934141963
0.000913266727957368464399512398
0.000864816396685960794496472737
0.000816323822161054823282055892
0.000767791373271471764422324568
0.000719221420926753987092061582
0.000670616337980567867212144950
0.000621978499181160735496953773
0.000573310281169865328977641727
0.000524614062571863775871761071
0.000475892224271433621641397282
0.000427147150081188099832868454
0.000378381228309801573728848867
0.000329596855571960534701803081
0.000280796446829167348387124026
0.000231982465342435472451659839
0.000183157529387152206035854762
0.000134324905989600381977719379
0.000085491993345297807231457365
0.000036727115708902721203689412
