0.000866907798339209287666329296
0.001989915129567478360717025510
0.003119554426038750362393248139
0.004250692166315907585816269432
0.005382398301700091168553452547
0.006514379484844127349285614059
0.007646514380435659626045197257
0.008778743809649120627414120577
0.009911035495040833309676742147
0.011043370343310000489256417211
0.012175736340742315810814488941
0.013308125551649181705915481189
0.014440532523995923755433246072
0.015572953388569487839787619521
0.016705385323601457808750936351
0.017837826222875458742622711839
0.018970274482484675987459254998
0.020102728859539030492609157363
0.021235188376022246653507252745
0.022367652251810286184730003356
0.023500119857036736586985981035
0.024632590677583946631168387853
0.025765064289664723479189589739
0.026897540340820282750433634078
0.028030018535520992428722308887
0.029162498624119556622780180533
0.030294980394279726054751478159
0.031427463664257464237561379150
0.032559948277583433684512215223
0.033692434098817135301739966735
0.034824921010129156195844757349
0.035957408908528977475871357683
0.037089897703600473166662965241
0.038222387315639344551598810540
0.039354877674112692664820656319
0.040487368716376773147835876898
0.041619860386603792223869646705
0.042752352634879448034510573962
0.043884845416440262932944449403
0.045017338691025879371387929950
0.046149832422326036995841036514
0.047282326577508582143849480417
0.048414821126811842522119633259
0.049547316043194629398005446319
0.050679811302031939346246502964
0.051812306880850360346624228214
0.052944802759099060529557334576
0.054077298917948067591421335010
0.055209795340111451900089178935
0.056342292009692623855343640571
0.057474788912047117261927553500
0.058607286033662012170175614756
0.059739783362048479165018477488
0.060872280885646390391485738292
0.062004778593739894032577097960
0.063137276476381093415213285880
0.064269774524323280973092664681
0.065402272728959334746612341860
0.066534771082267754604977483268
0.067667269576763638960770208541
0.068799768205454525649145125499
0.069932266961800285121064746363
0.071064765839677371261906557720
0.072197264833346083690024386215
0.073329763937420647246234750583
0.074462263146842719296891743852
0.075594762456856604004862276724
0.076727261862986922968943304113
0.077859761361018506309328301995
0.078992260946977102542554405318
0.080124760617113002791889186938
0.081257260367885345009320019471
0.082389760195947112086933827868
0.083522260098132822259131557985
0.084654760071445719904481563844
0.085787260113047034137956359245
0.086919760220245598225652372548
0.088052260390488315544565978144
0.089184760621351319431759918643
0.090317260910531868556283541238
0.091449761255841102713937118551
0.092582261655196909644338632006
0.093714762106617111037110134930
0.094847262608214230605874206503
0.095979763158189249083740435253
0.097112263754826858019875146510
0.098244764396490338875800318874
0.099377265081617260911173161730
0.100509765808715206825141308400
0.101642266576358164531512784379
0.102774767383182086266657506712
0.103907268227882557121155571167
0.105039769109210742725757370408
0.106172270025970807982851340512
0.107304770977017072119963359000
0.108437271961251302521134221024
0.109569772977620258358477656202
0.110702274025113497901706693938
0.111834775102761158072084413106
0.112967276209631845018677154258
0.114099777344830843883727311550
0.115232278507498023256694352767
0.116364779696806724951230194165
0.117497280911961501925766526711
0.118629782152196966427126767485
0.119762283416776429967320893866
0.120894784704990265744584121421
0.122027286016154978831593780342
0.123159787349611679618810455850
0.124292288704725223391633903702
0.125424790080882975207288154706
0.126557291477493810694099352077
0.127689792893987352773166321640
0.128822294329812681024094445092
0.129954795784437832084634578678
0.131087297257348828205536506175
0.132219798748048844583280470033
0.133352300256057598737413627532
0.134484801780910573354432813176
0.135617303322158350153969763596
0.136749804879366054777278804977
0.137882306452112607386695231071
0.139014808039990445109879146912
0.140147309642604522839093306175
0.141279811259572202208900648657
0.142412312890522585462349525187
0.143544814535096043606188231934
0.144677316192943827832806391598
0.145809817863727514408722640837
0.146942319547118838141130936492
0.148074821242799081755237011748
0.149207322950458742827350988591
0.150339824669797256229131221517
0.151472326400522661060676909983
0.152604828142351073294591401464
0.153737329895006713531557807073
0.154869831658221379644402304621
0.156002333431734085955611135432
0.157134835215291090992906219981
0.158267337008645425644459692194
0.159399838811556560091986511907
0.160532340623790459321895696121
0.161664842445119139036080468941
0.162797344275320388096162105285
0.163929846114177685256763083999
0.165062347961480226921082703484
0.166194849817022094473628612832
0.167327351680602726125002277513
0.168459853552026417311537898058
0.169592355431102126406273100656
0.170724857317643419207797705894
0.171857359211468330162375650616
0.172989861112399001541461984743
0.174122363020261905486307796309
0.175254864934887316652023514507
0.176387366856109423229881372208
0.177519868783766021635983634042
0.178652370717698655289140674540
0.179784872657752170521661128078
0.180917374603774883112805582641
0.182049876555618217466303576657
0.183182378513136734365929214619
0.184314880476188075464349935828
0.185447382444632741238521589366
0.186579884418334118745264049721
0.187712386397158204065505060498
0.188844888380973657815431465679
0.189977390369651694124186747104
0.191109892363066052878295408846
0.192242394361092694410331205290
0.193374896363609966032370834910
0.194507398370498435502540246489
0.195639900381640752247136560982
0.196772402396921647360628071510
0.197904904416227878094503012107
0.199037406439448144590542710830
0.200169908466472895591792280356
0.201302410497194467220438696131
0.202434912531506971955508333849
0.203567414569306048832686428796
0.204699916610489113244497616506
0.205832418654954996117822929591
0.206964920702604110447353491509
0.208097422753338312517712438421
0.209229924807060874147879303564
0.210362426863676260646585092218
0.211494928923090436123644053623
0.212627430985210502667470677807
0.213759933049944755856230926838
0.214892435117202657002266619202
0.216024937186894749885368582909
0.217157439258932688508352271128
0.218289941333229126074755299669
0.219422443409697687233261831352
0.220554945488252857055400113495
0.221687447568810092057844940427
0.222819949651285764691266422233
0.223952451735596941295725059717
0.225084953821661493122974206926
0.226217455909398096336460071143
0.227349957998726065477868019116
0.228482460089565353467122577058
0.229614962181836634869114277535
0.230747464275461139360245965690
0.231879966370360623972857183617
0.233012468466457456361951017243
0.234144970563674392760589171303
0.235277472661934744513345663108
0.236409974761162183787277513147
0.237542476861280854594227207599
0.238674978962215150746217773303
0.239807481063889910144482087162
0.240939983166230248246009182367
0.242072485269161474796817401511
0.243204987372609232609832474736
0.244337489476499386542585057214
0.245469991580757884719332651002
0.246602493685310869553362067563
0.247734995790084649991413812131
0.248867497895005534980228389941
0.250000000000000000000000000000
0.251132502104994492775347225688
0.252265004209915377764161803498
0.253397506314689158202213548066
0.254530008419242170791818580255
0.255662510523500641212990558415
0.256795012627390795145743140893
0.257927514730838580714333829746
0.259060016833769779509566433262
0.260192518936110117611093528467
0.261325021037784877009357842326
0.262457523138719173161348408030
0.263590025238837843968298102482
0.264722527338065283242229952521
0.265855029436325662750562059955
0.266987531533542599149200214015
0.268120033629639431538294047641
0.269252535724538888395329649939
0.270385037818163420642036953723
0.271517539910434702044028654200
0.272650042001274017788858827771
0.273782544090601931419115544486
0.274915046178338506877025793074
0.276047548264403086459850555912
0.277180050348714290819884809025
0.278312552431189907942155059573
0.279445054511747170700175502134
0.280577556590302368277889399906
0.281710058666770901680820315960
0.282842560741067339247223344501
0.283975062813105250114631417091
0.285107564882797370753308996427
0.286240066950055271899344688791
0.287372569014789525088104937822
0.288505071076909591631931562006
0.289637573136323767108990523411
0.290770075192939181363271927694
0.291902577246661687482287561579
0.293035079297395917308222124120
0.294167581345045003882177070409
0.295300083389510970022229230381
0.296432585430693951167313571204
0.297565087468493083555642897409
0.298697589502805560535136919498
0.299830091533527132163783335272
0.300962593560551883165032904799
0.302095095583772177416648219150
0.303227597603078380394947544119
0.304360099618359303264014670276
0.305492601629501647764186600398
0.306625103636390061723204780719
0.307757605638907361100820025968
0.308890107636933974877280206783
0.310022609630348333631388868525
0.311155111619026369940144149950
0.312287613602841851445646170760
0.313420115581665881254735950279
0.314552617555367286517054026262
0.315685119523811952291225679801
0.316817621486863321145222016639
0.317950123444381838044847654601
0.319082625396225116887194417359
0.320215127342247829478338871922
0.321347629282301372466434941089
0.322480131216233978364016365958
0.323612633143890604525694243421
0.324745135065112711103552101122
0.325877636979738094513692203691
0.327010138887600998458538015257
0.328142640788531725348775580642
0.329275142682356580792202294106
0.330407644568897873593726899344
0.331540146447973582688462101942
0.332672648319397301630573338116
0.333805150182978016548673849684
0.334937652038519773078917296516
0.336070153885822398009963762888
0.337202655724679667414989125973
0.338335157554880971986221993575
0.339467659376209596189255535137
0.340600161188443439908013488093
0.341732662991354629866691539064
0.342865164784708964518245011277
0.343997666568265969555540095826
0.345130168341778620355597695379
0.346262670104993286468442192927
0.347395171857648954460984214165
0.348527673599477338939323090017
0.349660175330202827037595625370
0.350792677049541312683800242667
0.351925178757200918244762988252
0.353057680452881217370020294766
0.354190182136272513346852974792
0.355322683807056227678344839660
0.356455185464904011904962999324
0.357587687109477470048801706071
0.358720188740427881057826198230
0.359852690357395532672057925083
0.360985191960009554890120853088
0.362117693547887420368880384558
0.363250195120634000733872426281
0.364382696677841733112757083290
0.365515198219089454401142802453
0.366647699743942401262586372468
0.367780201251951155416719529967
0.368912702742651199550039109454
0.370045204215562251182092268209
0.371177705670187318975905554908
0.372310207106012702737984909618
0.373442708522506161550325032294
0.374575209919117024792711845294
0.375707711295274804363941711927
0.376840212650388362014552967594
0.377972713983845076679557450916
0.379105215295009734255415878579
0.380237716583223639421618145207
0.381370217847803116839600079402
0.382502719088038511952021281104
0.383635220303193302804345421464
0.384767721492501990621093455047
0.385900222655169211627423919708
0.387032723790368127225747230113
0.388165224897238869683491202522
0.389297725974886543731656729506
0.390430227022379727763734535984
0.391562728038748697478865778976
0.392695229022982927880036641000
0.393827729974029261406087698560
0.394960230890789298907606053035
0.396092731772117456756632236647
0.397225232616817913733342493288
0.398357733423641890979638446879
0.399490234191284876441585538487
0.400622734918382739088826838270
0.401755235603509675001987488940
0.402887736245173211369063892562
0.404020236841810820305198603819
0.405152737391785866538640448198
0.406285237893382888962889865070
0.407417738344803104233449175808
0.408550238744158911163850689263
0.409682739089468173077079882205
0.410815239378648666690452273542
0.411947739609511698333221829671
0.413080239779754443407711050895
0.414212739886952951984255832940
0.415345239928554321728881859599
0.416477739901867205496444057644
0.417610239804052929546429595575
0.418742739632114668868467788343
0.419875239382887066597049852135
0.421007739053022966846384633754
0.422140238638981535324035121448
0.423272738137013104786632311516
0.424405237543143409872925531090
0.425537736853157322336471679591
0.426670236062579422142704288490
0.427802735166653957943339037229
0.428935234160322642615881250094
0.430067733038199784267874292709
0.431200231794545529862006105759
0.432332730423236333283654175830
0.433465228917732259272810324546
0.434597727271040734642326697212
0.435730225475676802293634182206
0.436862723523618934340362329749
0.437995221406260126784104613762
0.439127719114353665119665492966
0.440260216637951562468344945955
0.441392713966338001707612193059
0.442525211087952952127011485572
0.443657707990307348389080743800
0.444790204659888610549955956230
0.445922701082051953225260376712
0.447055197240900981103806088868
0.448187693119149632714481867879
0.449320188697968081470435208757
0.450452683956805433052039688846
0.451585178873188164416774270649
0.452717673422491417856150519583
0.453850167577673990759734579115
0.454982661308974190017551109122
0.456115154583559723189267742782
0.457247647365120579721065041667
0.458380139613396242470599872831
0.459512631283623296241103162174
0.460645122325887335090754959310
0.461777612684360738715128036347
0.462910102296399617038957785553
0.464042591091471001707446930595
0.465175078989870871559730858280
0.466307565901182885514941744987
0.467440051722416594071063400406
0.468572536335742584334695948201
0.469705019605720308639718041377
0.470837501375880429499432011653
0.471969981464479049204641114557
0.473102459659179741535695029597
0.474234935710335314684726881751
0.475367409322416112349429795358
0.476499880142963294638036586548
0.477632347748189745040292564227
0.478764811623977770693727507023
0.479897271140460990324072554358
0.481029725517515382993138928214
0.482162173777124558604612047930
0.483294614676398615049635054675
0.484427046611430545119958424038
0.485559467476004091857078037719
0.486691874448350825232978422719
0.487824263659257684189185511059
0.488956629656690067164959145884
0.490088964504959201384792777390
0.491221256190350952230971870449
0.492353485619564379405233012221
0.493485620515155876120161337894
0.494617601698299935719660425093
0.495749307833684094148907206545
0.496880445573961271321650201571
0.498010084870432578885157681725
0.499133092201660799602791485086
0.000000000000000000000000000000
0.001133786848072562388270445588
0.002267573696145124776540891176
0.003401360544217686947970902267
0.004535147392290249553081782352
0.005668934240362811724511793443
0.006802721088435373895941804534
0.007936507936507937802095291602
0.009070294784580499106163564704
0.010204081632653060410231837807
0.011337868480725623449023586886
0.012471655328798186487815335965
0.013605442176870747791883609068
0.014739229024943309095951882171
0.015873015873015875604190583203
0.017006802721088436908258856306
0.018140589569160998212327129409
0.019274376417233559516395402511
0.020408163265306120820463675614
0.021541950113378685593978900670
0.022675736961451246898047173772
0.023809523809523811671562398828
0.024943310657596372975630671931
0.026077097505668934279698945033
0.027210884353741495583767218136
0.028344671201814060357282443192
0.029478458049886618191903764341
0.030612244897959186434865941351
0.031746031746031751208381166407
0.032879818594104312512449439510
0.034013605442176873816517712612
0.035147392290249435120585985715
0.036281179138321996424654258817
0.037414965986394557728722531920
0.038548752834467119032790805022
0.039682539682539680336859078125
0.040816326530612241640927351227
0.041950113378684802944995624330
0.043083900226757371187957801340
0.044217687074829932492026074442
0.045351473922902493796094347545
0.046485260770975055100162620647
0.047619047619047623343124797657
0.048752834467120184647193070759
0.049886621315192745951261343862
0.051020408163265307255329616964
0.052154195011337868559397890067
0.053287981859410429863466163170
0.054421768707482991167534436272
0.055555555555555559410496613282
0.056689342403628120714564886384
0.057823129251700675079739255580
0.058956916099773236383807528682
0.060090702947845797687875801785
0.061224489795918372869731882702
0.062358276643990934173800155804
0.063492063492063502416762332814
0.064625850340136056781936702009
0.065759637188208625024898879019
0.066893424036281179390073248214
0.068027210884353747633035425224
0.069160997732426301998209794419
0.070294784580498870241171971429
0.071428571428571424606346340624
0.072562358276643992849308517634
0.073696145124716547214482886830
0.074829931972789115457445063839
0.075963718820861683700407240849
0.077097505668934238065581610044
0.078231292517006806308543787054
0.079365079365079360673718156249
0.080498866213151928916680333259
0.081632653061224483281854702454
0.082766439909297051524816879464
0.083900226757369605889991248659
0.085034013605442188010741233484
0.086167800453514742375915602679
0.087301587301587310618877779689
0.088435374149659864984052148884
0.089569160997732433227014325894
0.090702947845804987592188695089
0.091836734693877555835150872099
0.092970521541950110200325241294
0.094104308390022678443287418304
0.095238095238095246686249595314
0.096371882086167801051423964509
0.097505668934240369294386141519
0.098639455782312923659560510714
0.099773242630385491902522687724
0.100907029478458046267697056919
0.102040816326530614510659233929
0.103174603174603168875833603124
0.104308390022675737118795780134
0.105442176870748291483970149329
0.106575963718820859726932326339
0.107709750566893414092106695534
0.108843537414965982335068872544
0.109977324263038550578031049554
0.111111111111111118820993226564
0.112244897959183673186167595759
0.113378684807256241429129772769
0.114512471655328795794304141964
0.115646258503401350159478511159
0.116780045351473918402440688169
0.117913832199546472767615057364
0.119047619047619041010577234374
0.120181405895691595375751603569
0.121315192743764191374289396208
0.122448979591836745739463765403
0.123582766439909313982425942413
0.124716553287981868347600311608
0.125850340136054422712774680804
0.126984126984127004833524665628
0.128117913832199559198699034823
0.129251700680272113563873404019
0.130385487528344667929047773214
0.131519274376417250049797758038
0.132653061224489804414972127233
0.133786848072562358780146496429
0.134920634920634940900896481253
0.136054421768707495266070850448
0.137188208616780049631245219643
0.138321995464852603996419588839
0.139455782312925186117169573663
0.140589569160997740482343942858
0.141723356009070294847518312054
0.142857142857142849212692681249
0.143990929705215431333442666073
0.145124716553287985698617035268
0.146258503401360540063791404464
0.147392290249433094428965773659
0.148526077097505676549715758483
0.149659863945578230914890127679
0.150793650793650785280064496874
0.151927437641723367400814481698
0.153061224489795921765988850893
0.154195011337868476131163220089
0.155328798185941030496337589284
0.156462585034013612617087574108
0.157596371882086166982261943303
0.158730158730158721347436312499
0.159863945578231275712610681694
0.160997732426303857833360666518
0.162131519274376412198535035714
0.163265306122448966563709404909
0.164399092970521520928883774104
0.165532879818594103049633758928
0.166666666666666657414808128124
0.167800453514739211779982497319
0.168934240362811793900732482143
0.170068027210884376021482466967
0.171201814058956930386656836163
0.172335600907029484751831205358
0.173469387755102066872581190182
0.174603174603174621237755559378
0.175736961451247175602929928573
0.176870748299319729968104297768
0.178004535147392312088854282592
0.179138321995464866454028651788
0.180272108843537420819203020983
0.181405895691609975184377390178
0.182539682539682557305127375002
0.183673469387755111670301744198
0.184807256235827666035476113393
0.185941043083900220400650482588
0.187074829931972802521400467413
0.188208616780045356886574836608
0.189342403628117911251749205803
0.190476190476190493372499190627
0.191609977324263047737673559823
0.192743764172335602102847929018
0.193877551020408156468022298213
0.195011337868480738588772283038
0.196145124716553292953946652233
0.197278911564625847319121021428
0.198412698412698401684295390623
0.199546485260770983805045375448
0.200680272108843538170219744643
0.201814058956916092535394113838
0.202947845804988646900568483034
0.204081632653061229021318467858
0.205215419501133783386492837053
0.206349206349206337751667206248
0.207482993197278919872417191073
0.208616780045351474237591560268
0.209750566893424028602765929463
0.210884353741496582967940298659
0.212018140589569165088690283483
0.213151927437641719453864652678
0.214285714285714273819039021873
0.215419501133786828184213391069
0.216553287981859410304963375893
0.217687074829931964670137745088
0.218820861678004546790887729912
0.219954648526077101156062099108
0.221088435374149683276812083932
0.222222222222222237641986453127
0.223356009070294792007160822322
0.224489795918367346372335191518
0.225623582766439928493085176342
0.226757369614512482858259545537
0.227891156462585037223433914733
0.229024943310657591588608283928
0.230158730158730173709358268752
0.231292517006802700318957022319
0.232426303854875282439707007143
0.233560090702947836804881376338
0.234693877551020418925631361162
0.235827664399092945535230114729
0.236961451247165527655980099553
0.238095238095238082021154468748
0.239229024943310664141904453572
0.240362811791383190751503207139
0.241496598639455772872253191963
0.242630385487528382748578792416
0.243764172335600909358177545982
0.244897959183673491478927530807
0.246031746031746045844101900002
0.247165532879818627964851884826
0.248299319727891154574450638393
0.249433106575963736695200623217
0.250566893424036263304799376783
0.251700680272108845425549361607
0.252834467120181427546299346432
0.253968253968254009667049331256
0.255102040816326536276648084822
0.256235827664399118397398069646
0.257369614512471645006996823213
0.258503401360544227127746808037
0.259637188208616753737345561603
0.260770975056689335858095546428
0.261904761904761917978845531252
0.263038548752834500099595516076
0.264172335600907026709194269642
0.265306122448979608829944254467
0.266439909297052135439543008033
0.267573696145124717560292992857
0.268707482993197244169891746424
0.269841269841269881801792962506
0.270975056689342408411391716072
0.272108843537414990532141700896
0.273242630385487517141740454463
0.274376417233560099262490439287
0.275510204081632625872089192853
0.276643990929705207992839177678
0.277777777777777790113589162502
0.278911564625850372234339147326
0.280045351473922898843937900892
0.281179138321995480964687885717
0.282312925170068007574286639283
0.283446712018140589695036624107
0.284580498866213116304635377674
0.285714285714285698425385362498
0.286848072562358280546135347322
0.287981859410430862666885332146
0.289115646258503389276484085713
0.290249433106575971397234070537
0.291383219954648553517984055361
0.292517006802721080127582808927
0.293650793650793662248332793752
0.294784580498866188857931547318
0.295918367346938826489832763400
0.297052154195011353099431516966
0.298185941043083935220181501791
0.299319727891156461829780255357
0.300453514739229043950530240181
0.301587301587301570560128993748
0.302721088435374152680878978572
0.303854875283446734801628963396
0.304988662131519316922378948220
0.306122448979591843531977701787
0.307256235827664425652727686611
0.308390022675736952262326440177
0.309523809523809534383076425001
0.310657596371882060992675178568
0.311791383219954643113425163392
0.312925170068027225234175148216
0.314058956916099807354925133041
0.315192743764172333964523886607
0.316326530612244916085273871431
0.317460317460317442694872624998
0.318594104308390024815622609822
0.319727891156462551425221363388
0.320861678004535189057122579470
0.321995464852607715666721333037
0.323129251700680297787471317861
0.324263038548752824397070071427
0.325396825396825406517820056251
0.326530612244897933127418809818
0.327664399092970515248168794642
0.328798185941043041857767548208
0.329931972789115679489668764290
0.331065759637188206099267517857
0.332199546485260788220017502681
0.333333333333333314829616256247
0.334467120181405896950366241072
0.335600907029478423559964994638
0.336734693877551005680714979462
0.337868480725623587801464964286
0.339002267573696169922214949111
0.340136054421768752042964933935
0.341269841269841278652563687501
0.342403628117913860773313672325
0.343537414965986387382912425892
0.344671201814058969503662410716
0.345804988662131496113261164282
0.346938775510204133745162380364
0.348072562358276660354761133931
0.349206349206349242475511118755
0.350340136054421769085109872321
0.351473922902494351205859857146
0.352607709750566877815458610712
0.353741496598639459936208595536
0.354875283446712042056958580361
0.356009070294784624177708565185
0.357142857142857150787307318751
0.358276643990929732908057303575
0.359410430839002259517656057142
0.360544217687074841638406041966
0.361678004535147368248004795532
0.362811791383219950368754780357
0.363945578231292532489504765181
0.365079365079365114610254750005
0.366213151927437641219853503571
0.367346938775510223340603488396
0.368480725623582749950202241962
0.369614512471655332070952226786
0.370748299319727858680550980353
0.371882086167800440801300965177
0.373015873015873022922050950001
0.374149659863945605042800934825
0.375283446712018131652399688392
0.376417233560090713773149673216
0.377551020408163240382748426782
0.378684807256235822503498411606
0.379818594104308349113097165173
0.380952380952380986744998381255
0.382086167800453513354597134821
0.383219954648526095475347119645
0.384353741496598622084945873212
0.385487528344671204205695858036
0.386621315192743730815294611602
0.387755102040816312936044596427
0.388888888888888895056794581251
0.390022675736961477177544566075
0.391156462585034059298294550899
0.392290249433106585907893304466
0.393424036281179168028643289290
0.394557823129251694638242042856
0.395691609977324276758992027681
0.396825396825396803368590781247
0.397959183673469441000491997329
0.399092970521541967610090750895
0.400226757369614549730840735720
0.401360544217687076340439489286
0.402494331065759658461189474110
0.403628117913832185070788227677
0.404761904761904767191538212501
0.405895691609977293801136966067
0.407029478458049931433038182149
0.408163265306122458042636935716
0.409297052154195040163386920540
0.410430839002267566772985674106
0.411564625850340148893735658930
0.412698412698412675503334412497
0.413832199546485257624084397321
0.414965986394557839744834382145
0.416099773242630421865584366969
0.417233560090702948475183120536
0.418367346938775530595933105360
0.419501133786848057205531858926
0.420634920634920639326281843751
0.421768707482993165935880597317
0.422902494331065748056630582141
0.424036281179138330177380566965
0.425170068027210912298130551790
0.426303854875283438907729305356
0.427437641723356021028479290180
0.428571428571428547638078043747
0.429705215419501129758828028571
0.430839002267573656368426782137
0.431972789115646294000327998219
0.433106575963718820609926751786
0.434240362811791402730676736610
0.435374149659863929340275490176
0.436507936507936511461025475000
0.437641723356009093581775459825
0.438775510204081620191374213391
0.439909297052154202312124198215
0.441043083900226784432874183040
0.442176870748299366553624167864
0.443310657596371893163222921430
0.444444444444444475283972906254
0.445578231292517001893571659821
0.446712018140589584014321644645
0.447845804988662110623920398211
0.448979591836734692744670383036
0.450113378684807274865420367860
0.451247165532879856986170352684
0.452380952380952383595769106250
0.453514739229024965716519091075
0.454648526077097492326117844641
0.455782312925170074446867829465
0.456916099773242601056466583032
0.458049886621315183177216567856
0.459183673469387820809117783938
0.460317460317460347418716537504
0.461451247165532874028315291071
0.462585034013605400637914044637
0.463718820861678038269815260719
0.464852607709750564879414014285
0.465986394557823147000163999110
0.467120181405895673609762752676
0.468253968253968311241663968758
0.469387755102040837851262722324
0.470521541950113364460861475891
0.471655328798185891070460229457
0.472789115646258528702361445539
0.473922902494331055311960199106
0.475056689342403637432710183930
0.476190476190476164042308937496
0.477324263038548801674210153578
0.478458049886621328283808907145
0.479591836734693854893407660711
0.480725623582766381503006414277
0.481859410430839019134907630360
0.482993197278911545744506383926
0.484126984126984127865256368750
0.485260770975056765497157584832
0.486394557823129292106756338399
0.487528344671201818716355091965
0.488662131519274345325953845531
0.489795918367346982957855061613
0.490929705215419509567453815180
0.492063492063492091688203800004
0.493197278911564618297802553570
0.494331065759637255929703769652
0.495464852607709782539302523219
0.496598639455782309148901276785
0.497732426303854835758500030352
0.498866213151927473390401246434
0.500000000000000000000000000000
0.501133786848072526609598753566
0.502267573696145053219197507133
0.503401360544217690851098723215
0.504535147392290217460697476781
0.505668934240362855092598692863
0.506802721088435381702197446430
0.507936507936508019334098662512
0.509070294784580545943697416078
0.510204081632653072553296169644
0.511337868480725599162894923211
0.512471655328798236794796139293
0.513605442176870763404394892859
0.514739229024943290013993646426
0.515873015873015816623592399992
0.517006802721088454255493616074
0.518140589569160980865092369640
0.519274376417233507474691123207
0.520408163265306034084289876773
0.521541950113378671716191092855
0.522675736961451309348092308937
0.523809523809523835957691062504
0.524943310657596362567289816070
0.526077097505669000199191032152
0.527210884353741526808789785719
0.528344671201814053418388539285
0.529478458049886580027987292851
0.530612244897959217659888508933
0.531746031746031744269487262500
0.532879818594104270879086016066
0.534013605442176908510987232148
0.535147392290249435120585985715
0.536281179138321961730184739281
0.537414965986394488339783492847
0.538548752834467125971684708929
0.539682539682539763603585925011
0.540816326530612290213184678578
0.541950113378684816822783432144
0.543083900226757454454684648226
0.544217687074829981064283401793
0.545351473922902507673882155359
0.546485260770975034283480908925
0.547619047619047671915382125007
0.548752834467120198524980878574
0.549886621315192725134579632140
0.551020408163265251744178385707
0.552154195011337889376079601789
0.553287981859410415985678355355
0.554421768707482942595277108921
0.555555555555555580227178325003
0.556689342403628217859079541086
0.557823129251700744468678294652
0.558956916099773271078277048218
0.560090702947845797687875801785
0.561224489795918435319777017867
0.562358276643990961929375771433
0.563492063492063488538974525000
0.564625850340136015148573278566
0.565759637188208652780474494648
0.566893424036281179390073248214
0.568027210884353705999672001781
0.569160997732426232609270755347
0.570294784580498870241171971429
0.571428571428571396850770724996
0.572562358276643923460369478562
0.573696145124716561092270694644
0.574829931972789198724171910726
0.575963718820861725333770664292
0.577097505668934251943369417859
0.578231292517006778552968171425
0.579365079365079416184869387507
0.580498866213151942794468141074
0.581632653061224469404066894640
0.582766439909297107035968110722
0.583900226757369633645566864288
0.585034013605442160255165617855
0.586167800453514686864764371421
0.587301587301587324496665587503
0.588435374149659851106264341070
0.589569160997732377715863094636
0.590702947845805015347764310718
0.591836734693877652979665526800
0.592970521541950179589264280366
0.594104308390022706198863033933
0.595238095238095232808461787499
0.596371882086167870440363003581
0.597505668934240397049961757148
0.598639455782312923659560510714
0.599773242630385450269159264280
0.600907029478458087901060480363
0.602040816326530614510659233929
0.603174603174603141120257987495
0.604308390022675667729856741062
0.605442176870748305361757957144
0.606575963718820831971356710710
0.607709750566893469603257926792
0.608843537414965996212856680359
0.609977324263038633844757896441
0.611111111111111160454356650007
0.612244897959183687063955403573
0.613378684807256213673554157140
0.614512471655328851305455373222
0.615646258503401377915054126788
0.616780045351473904524652880355
0.617913832199546431134251633921
0.619047619047619068766152850003
0.620181405895691595375751603569
0.621315192743764121985350357136
0.622448979591836648594949110702
0.623582766439909286226850326784
0.624716553287981923858751542866
0.625850340136054450468350296433
0.626984126984126977077949049999
0.628117913832199614709850266081
0.629251700680272141319449019647
0.630385487528344667929047773214
0.631519274376417305560948989296
0.632653061224489832170547742862
0.633786848072562358780146496429
0.634920634920634885389745249995
0.636054421768707523021646466077
0.637188208616780049631245219643
0.638321995464852576240843973210
0.639455782312925102850442726776
0.640589569160997740482343942858
0.641723356009070378114245158940
0.642857142857142904723843912507
0.643990929705215431333442666073
0.645124716553288068965343882155
0.646258503401360595574942635722
0.647392290249433122184541389288
0.648526077097505648794140142854
0.649659863945578286426041358936
0.650793650793650813035640112503
0.651927437641723339645238866069
0.653061224489795866254837619636
0.654195011337868503886738835718
0.655328798185941030496337589284
0.656462585034013557105936342850
0.657596371882086083715535096417
0.658730158730158721347436312499
0.659863945578231358979337528581
0.660997732426303885588936282147
0.662131519274376412198535035714
0.663265306122449049830436251796
0.664399092970521576440035005362
0.665532879818594103049633758928
0.666666666666666629659232512495
0.667800453514739267291133728577
0.668934240362811793900732482143
0.670068027210884320510331235710
0.671201814058956847119929989276
0.672335600907029484751831205358
0.673469387755102011361429958924
0.674603174603174537971028712491
0.675736961451247175602929928573
0.676870748299319813234831144655
0.678004535147392339844429898221
0.679138321995464866454028651788
0.680272108843537504085929867870
0.681405895691610030695528621436
0.682539682539682557305127375002
0.683673469387755083914726128569
0.684807256235827721546627344651
0.685941043083900248156226098217
0.687074829931972774765824851784
0.688208616780045301375423605350
0.689342403628117939007324821432
0.690476190476190465616923574999
0.691609977324262992226522328565
0.692743764172335629858423544647
0.693877551020408267490324760729
0.695011337868480794099923514295
0.696145124716553320709522267862
0.697278911564625847319121021428
0.698412698412698484951022237510
0.699546485260771011560620991077
0.700680272108843538170219744643
0.701814058956916064779818498209
0.702947845804988702411719714291
0.704081632653061229021318467858
0.705215419501133755630917221424
0.706349206349206282240515974991
0.707482993197278919872417191073
0.708616780045351446482015944639
0.709750566893424084113917160721
0.710884353741496610723515914287
0.712018140589569248355417130369
0.713151927437641774965015883936
0.714285714285714301574614637502
0.715419501133786828184213391069
0.716553287981859465816114607151
0.717687074829931992425713360717
0.718820861678004519035312114283
0.719954648526077045644910867850
0.721088435374149683276812083932
0.722222222222222209886410837498
0.723356009070294736496009591065
0.724489795918367263105608344631
0.725623582766439900737509560713
0.726757369614512427347108314279
0.727891156462585064979009530362
0.729024943310657702610910746444
0.730158730158730229220509500010
0.731292517006802755830108253576
0.732426303854875282439707007143
0.733560090702947920071608223225
0.734693877551020446681206976791
0.735827664399092973290805730358
0.736961451247165499900404483924
0.738095238095238137532305700006
0.739229024943310664141904453572
0.740362811791383190751503207139
0.741496598639455717361101960705
0.742630385487528354993003176787
0.743764172335600881602601930354
0.744897959183673519234503146436
0.746031746031746045844101900002
0.747165532879818683476003116084
0.748299319727891210085601869650
0.749433106575963736695200623217
0.750566893424036263304799376783
0.751700680272108900936700592865
0.752834467120181427546299346432
0.753968253968253954155898099998
0.755102040816326480765496853564
0.756235827664399118397398069646
0.757369614512471645006996823213
0.758503401360544171616595576779
0.759637188208616698226194330346
0.760770975056689335858095546428
0.761904761904761973489996762510
0.763038548752834500099595516076
0.764172335600907026709194269642
0.765306122448979664341095485725
0.766439909297052190950694239291
0.767573696145124717560292992857
0.768707482993197244169891746424
0.769841269841269881801792962506
0.770975056689342408411391716072
0.772108843537414935020990469638
0.773242630385487461630589223205
0.774376417233560099262490439287
0.775510204081632625872089192853
0.776643990929705152481687946420
0.777777777777777790113589162502
0.778911564625850427745490378584
0.780045351473922954355089132150
0.781179138321995480964687885717
0.782312925170068118596589101799
0.783446712018140645206187855365
0.784580498866213171815786608931
0.785714285714285698425385362498
0.786848072562358336057286578580
0.787981859410430862666885332146
0.789115646258503389276484085713
0.790249433106575915886082839279
0.791383219954648553517984055361
0.792517006802721080127582808927
0.793650793650793606737181562494
0.794784580498866244369082778576
0.795918367346938882000983994658
0.797052154195011408610582748224
0.798185941043083935220181501791
0.799319727891156461829780255357
0.800453514739229099461681471439
0.801587301587301626071280225005
0.802721088435374152680878978572
0.803854875283446679290477732138
0.804988662131519316922378948220
0.806122448979591843531977701787
0.807256235827664370141576455353
0.808390022675736896751175208919
0.809523809523809534383076425001
0.810657596371882060992675178568
0.811791383219954587602273932134
0.812925170068027225234175148216
0.814058956916099862866076364298
0.815192743764172389475675117865
0.816326530612244916085273871431
0.817460317460317442694872624998
0.818594104308390080326773841080
0.819727891156462606936372594646
0.820861678004535133545971348212
0.821995464852607660155570101779
0.823129251700680297787471317861
0.824263038548752824397070071427
0.825396825396825351006668824994
0.826530612244897988638570041076
0.827664399092970515248168794642
0.828798185941043041857767548208
0.829931972789115679489668764290
0.831065759637188317121569980372
0.832199546485260843731168733939
0.833333333333333370340767487505
0.834467120181405896950366241072
0.835600907029478534582267457154
0.836734693877551061191866210720
0.837868480725623587801464964286
0.839002267573696114411063717853
0.840136054421768752042964933935
0.841269841269841278652563687501
0.842403628117913805262162441068
0.843537414965986331871761194634
0.844671201814058969503662410716
0.845804988662131496113261164282
0.846938775510204133745162380364
0.848072562358276660354761133931
0.849206349206349297986662350013
0.850340136054421824596261103579
0.851473922902494351205859857146
0.852607709750566877815458610712
0.853741496598639515447359826794
0.854875283446712042056958580361
0.856009070294784568666557333927
0.857142857142857095276156087493
0.858276643990929732908057303575
0.859410430839002259517656057142
0.860544217687074786127254810708
0.861678004535147312736853564274
0.862811791383219950368754780357
0.863945578231292588000655996439
0.865079365079365114610254750005
0.866213151927437641219853503571
0.867346938775510278851754719653
0.868480725623582805461353473220
0.869614512471655332070952226786
0.870748299319727858680550980353
0.871882086167800496312452196435
0.873015873015873022922050950001
0.874149659863945549531649703567
0.875283446712018187163550919649
0.876417233560090713773149673216
0.877551020408163240382748426782
0.878684807256235766992347180349
0.879818594104308404624248396431
0.880952380952380931233847149997
0.882086167800453568865748366079
0.883219954648526095475347119645
0.884353741496598733107248335727
0.885487528344671259716847089294
0.886621315192743786326445842860
0.887755102040816312936044596427
0.888888888888888950567945812509
0.890022675736961477177544566075
0.891156462585034003787143319641
0.892290249433106530396742073208
0.893424036281179168028643289290
0.894557823129251694638242042856
0.895691609977324221247840796423
0.896825396825396747857439549989
0.897959183673469385489340766071
0.899092970521542023121241982153
0.900226757369614549730840735720
0.901360544217687076340439489286
0.902494331065759713972340705368
0.903628117913832240581939458934
0.904761904761904767191538212501
0.905895691609977293801136966067
0.907029478458049931433038182149
0.908163265306122458042636935716
0.909297052154194984652235689282
0.910430839002267511261834442848
0.911564625850340148893735658930
0.912698412698412675503334412497
0.913832199546485202112933166063
0.914965986394557839744834382145
0.916099773242630366354433135712
0.917233560090702892964031889278
0.918367346938775641618235567876
0.919501133786848168227834321442
0.920634920634920694837433075008
0.921768707482993221447031828575
0.922902494331065748056630582141
0.924036281179138274666229335708
0.925170068027210801275828089274
0.926303854875283549930031767872
0.927437641723356076539630521438
0.928571428571428603149229275004
0.929705215419501129758828028571
0.930839002267573656368426782137
0.931972789115646294000327998219
0.933106575963718820609926751786
0.934240362811791347219525505352
0.935374149659864095873729183950
0.936507936507936622483327937516
0.937641723356009149092926691083
0.938775510204081675702525444649
0.939909297052154202312124198215
0.941043083900226728921722951782
0.942176870748299255531321705348
0.943310657596371782140920458914
0.944444444444444530795124137512
0.945578231292517057404722891079
0.946712018140589584014321644645
0.947845804988662110623920398211
0.948979591836734637233519151778
0.950113378684807274865420367860
0.951247165532879801475019121426
0.952380952380952328084617874993
0.953514739229025076738821553590
0.954648526077097603348420307157
0.955782312925170129958019060723
0.956916099773242656567617814289
0.958049886621315183177216567856
0.959183673469387709786815321422
0.960317460317460236396414074989
0.961451247165532763006012828555
0.962585034013605511660216507153
0.963718820861678038269815260719
0.964852607709750564879414014285
0.965986394557823091489012767852
0.967120181405895729120913983934
0.968253968253968255730512737500
0.969387755102040782340111491067
0.970521541950113530994315169664
0.971655328798186057603913923231
0.972789115646258584213512676797
0.973922902494331110823111430363
0.975056689342403637432710183930
0.976190476190476164042308937496
0.977324263038548690651907691063
0.978458049886621217261506444629
0.979591836734693965915710123227
0.980725623582766492525308876793
0.981859410430839019134907630360
0.982993197278911545744506383926
0.984126984126984183376407600008
0.985260770975056709986006353574
0.986394557823129236595605107141
0.987528344671201763205203860707
0.988662131519274511859407539305
0.989795918367347038469006292871
0.990929705215419565078605046438
0.992063492063492091688203800004
0.993197278911564618297802553570
0.994331065759637144907401307137
0.995464852607709671517000060703
0.996598639455782198126598814270
0.997732426303854946780802492867
0.998866213151927473390401246434
0.000038070161330063687847146542
0.000088618218241539936175579784
0.000139236639826892551327283676
0.000189854512898026420381417112
0.000240464078322593033604573365
0.000291061859241633095942564102
0.000341645051313634886235026666
0.000392211010931800769033217513
0.000442757144615900637835137488
0.000493280877973005841240217162
0.000543779645298694347746448763
0.000594250885636572702061530826
0.000644692041162106045139312815
0.000695100556498235225277859684
0.000745473878438714858234159788
0.000795809455863042704802656768
0.000846104739746818246791393303
0.000896357183222250275544951137
0.000946564241666380049022855303
0.000996723372804198025701194474
0.001046832036821722464875472625
0.001096887696483889174103865116
0.001146887817256050023581592789
0.001196829867427903976509484529
0.001246711318238068449265609772
0.001296529643999977301355164272
0.001346282322228286882498382582
0.001395966833765235025344164654
0.001445580662907235310055131805
0.001495121297531893517218648526
0.001544586229224598639825360991
0.001593972953405129507759019347
0.001643278969454207852698979231
0.001692501780839990657701044086
0.001741638895244160918293618856
0.001790687824688158048813679812
0.001839646085658905435775145598
0.001888511199234580925643278704
0.001937280691209979435751797894
0.001985952092221899417667785315
0.002034522937873788159951482513
0.002082990768861126516797721564
0.002131353131095021450486237669
0.002179607575827322962086496361
0.002227751659773993721941343082
0.002275782945239186901009720287
0.002323699000238296612230737281
0.002371497398621526166845319139
0.002419175720196262840966383578
0.002466731550849871577868466233
0.002514162482672028988556212070
0.002561466114076356524048572183
0.002608640049922169440455022027
0.002655681901635770399139335751
0.002702589287331272089459632824
0.002749359831931389927528464057
0.002795991167287449792600018128
0.002842480932299499413185017715
0.002888826773035734537392604793
0.002935026342851833162927999155
0.002981077302509506539440753414
0.003026977320295227546348426628
0.003072724072138128571796134025
0.003118315241727649591435556076
0.003163748520631068719688450130
0.003209021608410007973116728763
0.003254132212737141129077489410
0.003299078049512335630844006573
0.003343856842978092363399822418
0.003388466325834924280230309179
0.003432904239356052850107303698
0.003477168333501917587419205447
0.003521256367033874599276055406
0.003565166107628018297981409290
0.003608895331987846052945734243
0.003652441825956993098900582595
0.003695803384631524655945522539
0.003738977812471179409253840831
0.003781962923410879702512676914
0.003824756540971245132726208382
0.003867356498368923131692120876
0.003909760638626099023273940958
0.003951966814679928018116950028
0.003993972889491144949436485234
0.004035776736152215174446844514
0.004077376237995113811285463612
0.004118769288698532517190020741
0.004159953792394441816904215869
0.004200927663774234495364101605
0.004241688828194272245508678054
0.004282235221781107055438742037
0.004322564791535622730211940734
0.004362675495437499072204357020
0.004402565302548150372174973199
0.004442232193113787933058667079
0.004481674158667598752148197860
0.004520889202131519145344551447
0.004559875337917232950013524118
0.004598630592026808905359303026
0.004637153002152705726091053151
0.004675440617776958386608843199
0.004713491500270092920965581129
0.004751303722989086257555424453
0.004788875371375207225244086118
0.004826204543050795041370104599
0.004863289347915511311171155029
0.004900127908242186101916981755
0.004936718358771728133727041410
0.004973058846807833742464932669
0.005009147532310556129309109252
0.005044982587989429653752004867
0.005080562199396390296590730884
0.005115884565017091503702495459
0.005150947896362532280045698485
0.005185750418059455364716558989
0.005220290367940246673006399192
0.005254565997132260544988380246
0.005288575570146143191296861374
0.005322317364964026902007798725
0.005355789673126382446910476176
0.005388990799818762188200249597
0.005421919063957584758450813922
0.005454572798275072326168455561
0.005486950349403977959805711606
0.005519050077960993734571548686
0.005550870358629994907873062004
0.005582409580244121830028269926
0.005613666145867562615179302554
0.005644638472876324468419095837
0.005675324993038270357526009491
0.005705724152592699452424263029
0.005735834412328932700730899086
0.005765654247664184564592382287
0.005795182148720908268946239161
0.005824416620403097613611897998
0.005853356182472090052382185377
0.005881999369621452103396030964
0.005910344731551224646548536867
0.005938390833041312134865652439
0.005966136254024188324829314212
0.005993579589656782349860186798
0.006020719450391566821001454457
0.006047554462047050917450352614
0.006074083265877217030492829508
0.006100304518640273059026934988
0.006126216892666932860300743613
0.006151819075927404331660675041
0.006177109772097811105084907979
0.006202087700626005353776726281
0.006226751596796296396585379540
0.006251100211793413422012299918
0.006275132312765900957640674562
0.006298846682888489117990715727
0.006322242121423526234336165430
0.006345317443782133928764643827
0.006368071481583857315622587691
0.006390503082715922288092880166
0.006412611111391726056996098748
0.006434394448208067412986466138
0.006455851990202110708694238639
0.006476982650906975072513382941
0.006497785360407000963822721218
0.006518259065391635888320198688
0.006538402729209063374282706604
0.006558215331918471058259001438
0.006577695870341778404399857294
0.006596843358114474510645042216
0.006615656825735448907932489959
0.006634135320616164899210076555
0.006652277907128895280408631407
0.006670083666654053403122226484
0.006687551697626754887426869800
0.006704681115582337633251874820
0.006721471053201409986965764176
0.006737920660353414852028475224
0.006754029104140056756488963430
0.006769795568937089606798007679
0.006785219256435852906716998945
0.006800299385683786224099378614
0.006815035193123662564385067952
0.006829425932632441839653658633
0.006843470875559119065423274719
0.006857169310761395547570984377
0.006870520544641887765446863767
0.006883523901183159245109610680
0.006896178721981936245166711075
0.006908484366282504653133944572
0.006920440211009134569286604943
0.006932045650797555129407623298
0.006943300098025686865887973198
0.006954202982843395684786624855
0.006964753753201361266556013163
0.006974951874878817896508120810
0.006984796831510985647140099530
0.006994288124614916023202848550
0.007003425273614764280660782703
0.007012207815866320151365620461
0.007020635306680142982693748621
0.007028707319344398504745718981
0.007036423445146097049862632389
0.007043783293392150493539283218
0.007050786491428951210935771599
0.007057432684661142652249310459
0.007063721536569937155258802619
0.007069652728729795311546357794
0.007075225960824656039338531599
0.007080440950663260263331366673
0.007085297434193304523530887451
0.007089795165514780131421623821
0.007093933916892679152066403248
0.007097713478768140869801239745
0.007101133659769429985753053103
0.007104194286721341421164677143
0.007106895204654126337040498385
0.007109236276811391197494316430
0.007111217384656765179429260826
0.007112838427880201555564276816
0.007114099324402926860511087170
0.007115000010381480194388004179
0.007115540440211117617641534139
0.007115720586528156629824160007
0.007115540440211117617641534139
0.007115000010381480194388004179
0.007114099324402926860511087170
0.007112838427880201555564276816
0.007111217384656765179429260826
0.007109236276811391197494316430
0.007106895204654126337040498385
0.007104194286721341421164677143
0.007101133659769429985753053103
0.007097713478768140869801239745
0.007093933916892679152066403248
0.007089795165514780131421623821
0.007085297434193304523530887451
0.007080440950663260263331366673
0.007075225960824656039338531599
0.007069652728729795311546357794
0.007063721536569937155258802619
0.007057432684661142652249310459
0.007050786491428951210935771599
0.007043783293392150493539283218
0.007036423445146097049862632389
0.007028707319344398504745718981
0.007020635306680142982693748621
0.007012207815866320151365620461
0.007003425273614764280660782703
0.006994288124614916023202848550
0.006984796831510985647140099530
0.006974951874878817896508120810
0.006964753753201361266556013163
0.006954202982843395684786624855
0.006943300098025686865887973198
0.006932045650797555129407623298
0.006920440211009134569286604943
0.006908484366282504653133944572
0.006896178721981936245166711075
0.006883523901183159245109610680
0.006870520544641887765446863767
0.006857169310761395547570984377
0.006843470875559119065423274719
0.006829425932632441839653658633
0.006815035193123662564385067952
0.006800299385683786224099378614
0.006785219256435852906716998945
0.006769795568937089606798007679
0.006754029104140056756488963430
0.006737920660353414852028475224
0.006721471053201409986965764176
0.006704681115582337633251874820
0.006687551697626754887426869800
0.006670083666654053403122226484
0.006652277907128895280408631407
0.006634135320616164899210076555
0.006615656825735448907932489959
0.006596843358114474510645042216
0.006577695870341778404399857294
0.006558215331918471058259001438
0.006538402729209063374282706604
0.006518259065391635888320198688
0.006497785360407000963822721218
0.006476982650906975072513382941
0.006455851990202110708694238639
0.006434394448208067412986466138
0.006412611111391726056996098748
0.006390503082715922288092880166
0.006368071481583857315622587691
0.006345317443782133928764643827
0.006322242121423526234336165430
0.006298846682888489117990715727
0.006275132312765900957640674562
0.006251100211793413422012299918
0.006226751596796296396585379540
0.006202087700626005353776726281
0.006177109772097811105084907979
0.006151819075927404331660675041
0.006126216892666932860300743613
0.006100304518640273059026934988
0.006074083265877217030492829508
0.006047554462047050917450352614
0.006020719450391566821001454457
0.005993579589656782349860186798
0.005966136254024188324829314212
0.005938390833041312134865652439
0.005910344731551224646548536867
0.005881999369621452103396030964
0.005853356182472090052382185377
0.005824416620403097613611897998
0.005795182148720908268946239161
0.005765654247664184564592382287
0.005735834412328932700730899086
0.005705724152592699452424263029
0.005675324993038270357526009491
0.005644638472876324468419095837
0.005613666145867562615179302554
0.005582409580244121830028269926
0.005550870358629994907873062004
0.005519050077960993734571548686
0.005486950349403977959805711606
0.005454572798275072326168455561
0.005421919063957584758450813922
0.005388990799818762188200249597
0.005355789673126382446910476176
0.005322317364964026902007798725
0.005288575570146143191296861374
0.005254565997132260544988380246
0.005220290367940246673006399192
0.005185750418059455364716558989
0.005150947896362532280045698485
0.005115884565017091503702495459
0.005080562199396390296590730884
0.005044982587989429653752004867
0.005009147532310556129309109252
0.004973058846807833742464932669
0.004936718358771728133727041410
0.004900127908242186101916981755
0.004863289347915511311171155029
0.004826204543050795041370104599
0.004788875371375207225244086118
0.004751303722989086257555424453
0.004713491500270092920965581129
0.004675440617776958386608843199
0.004637153002152705726091053151
0.004598630592026808905359303026
0.004559875337917232950013524118
0.004520889202131519145344551447
0.004481674158667598752148197860
0.004442232193113787933058667079
0.004402565302548150372174973199
0.004362675495437499072204357020
0.004322564791535622730211940734
0.004282235221781107055438742037
0.004241688828194272245508678054
0.004200927663774234495364101605
0.004159953792394441816904215869
0.004118769288698532517190020741
0.004077376237995113811285463612
0.004035776736152215174446844514
0.003993972889491144949436485234
0.003951966814679928018116950028
0.003909760638626099023273940958
0.003867356498368923131692120876
0.003824756540971245132726208382
0.003781962923410879702512676914
0.003738977812471179409253840831
0.003695803384631524655945522539
0.003652441825956993098900582595
0.003608895331987846052945734243
0.003565166107628018297981409290
0.003521256367033874599276055406
0.003477168333501917587419205447
0.003432904239356052850107303698
0.003388466325834924280230309179
0.003343856842978092363399822418
0.003299078049512335630844006573
0.003254132212737141129077489410
0.003209021608410007973116728763
0.003163748520631068719688450130
0.003118315241727649591435556076
0.003072724072138128571796134025
0.003026977320295227546348426628
0.002981077302509506539440753414
0.002935026342851833162927999155
0.002888826773035734537392604793
0.002842480932299499413185017715
0.002795991167287449792600018128
0.002749359831931389927528464057
0.002702589287331272089459632824
0.002655681901635770399139335751
0.002608640049922169440455022027
0.002561466114076356524048572183
0.002514162482672028988556212070
0.002466731550849871577868466233
0.002419175720196262840966383578
0.002371497398621526166845319139
0.002323699000238296612230737281
0.002275782945239186901009720287
0.002227751659773993721941343082
0.002179607575827322962086496361
0.002131353131095021450486237669
0.002082990768861126516797721564
0.002034522937873788159951482513
0.001985952092221899417667785315
0.001937280691209979435751797894
0.001888511199234580925643278704
0.001839646085658905435775145598
0.001790687824688158048813679812
0.001741638895244160918293618856
0.001692501780839990657701044086
0.001643278969454207852698979231
0.001593972953405129507759019347
0.001544586229224598639825360991
0.001495121297531893517218648526
0.001445580662907235310055131805
0.001395966833765235025344164654
0.001346282322228286882498382582
0.001296529643999977301355164272
0.001246711318238068449265609772
0.001196829867427903976509484529
0.001146887817256050023581592789
0.001096887696483889174103865116
0.001046832036821722464875472625
0.000996723372804198025701194474
0.000946564241666380049022855303
0.000896357183222250275544951137
0.000846104739746818246791393303
0.000795809455863042704802656768
0.000745473878438714858234159788
0.000695100556498235225277859684
0.000644692041162106045139312815
0.000594250885636572702061530826
0.000543779645298694347746448763
0.000493280877973005841240217162
0.000442757144615900637835137488
0.000392211010931800769033217513
0.000341645051313634886235026666
0.000291061859241633095942564102
0.000240464078322593033604573365
0.000189854512898026420381417112
0.000139236639826892551327283676
0.000088618218241539936175579784
0.000038070161330063687847146542
