0.000836589723692171289420871361
0.001920322497510667343265100548
0.003010455299081759780732703291
0.004102034139889278174795350651
0.005194161497516809958274741632
0.006286554283754935100458904884
0.007379095406709914456433452301
0.008471727757198399544336098188
0.009564420186606463480938344901
0.010657154269375810132225446125
0.011749918411945529592155246235
0.012842704956159266271864538567
0.013935508640656044804240210055
0.015028325731539098758515748955
0.016121153505725877019827407821
0.017213989930660741900503296620
0.018306833458529615105137011710
0.019399682889911482736033931928
0.020492537280993955439711839972
0.021585395878936194935526771133
0.022678258075901281537456455339
0.023771123375751997131022363874
0.024863991369522504826239384101
0.025956861717081246287985862864
0.027049734133235095456804231162
0.028142608377067859087850010269
0.029235484243669798698483930366
0.030328361557653671365386571779
0.031421240168023209515801852376
0.032514119944075201007471775938
0.033607000772101686125736819122
0.034699882552714549077688133139
0.035792765198660592140811331774
0.036885648633023286613319413618
0.037978532787737669107475113606
0.039071417602350964892732321232
0.040164303022989109037688137960
0.041257189001483729473562789281
0.042350075494637519357699062539
0.043442962463599021916138553934
0.044535849873328370307490331470
0.045628737692142394555272488788
0.046721625891321151569091085776
0.047814514444769605494567343840
0.048907403328724653734926874904
0.050000292521499831166487126666
0.051093182003263550028382411483
0.052186071755845137021267987620
0.053278961762563865900421689048
0.054371852008079896156900190363
0.055464742478261691571717051374
0.056557633160069613331710769444
0.057650524041452363976922868005
0.058743415111254936034068663275
0.059836306359136635923956504257
0.060929197775498898648205425843
0.062022089351418452363162714391
0.063114981078590440266573580175
0.064207872949274602536462452917
0.065300764956248480430645031447
0.066393657092765082095020545694
0.067486549352513650057439065222
0.068579441729585660647572353810
0.069672334218442974473894935272
0.070765226813889081647346301907
0.071858119511043205829281532715
0.072951012305316920159015126046
0.074043905192392150960145613681
0.075136798168201984760017353437
0.076229691228912016542906826544
0.077322584370904764994314462001
0.078415477590763615900470995257
0.079508370885259874172312777318
0.080601264251339455046974080688
0.081694157686111351646118805547
0.082787051186837087857206540775
0.083879944750920379381575742173
0.084972838375898307461397962470
0.086065732059432825673539468880
0.087158625799302696934844902898
0.088251519593396471341506526187
0.089344413439705644419674968049
0.090437307336318620287762826138
0.091530201281414799718838537501
0.092623095273259029025503252797
0.093715989310196978756550834078
0.094808883390650203204508272847
0.095901777513111949313717730092
0.096994671676143090488508846647
0.098087565878368254690400362961
0.099180460118472507646814051441
0.100273354395197841770759339397
0.101366248707340289580969283634
0.102459143053746939977521890341
0.103552037433313176562066360020
0.104644931844980290658320143393
0.105737826287733149843717228578
0.106830720760597658314239311039
0.107923615262639036038727624600
0.109016509792959570557258075496
0.110109404350697090424482382787
0.111202298935022800274730059300
0.112295193545139962432166669259
0.113388088180282273209620313992
0.114480982839712419618649619224
0.115573877522720566690672683308
0.116666772228623316642881491134
0.117759666956762196199370862360
0.118852561706502726779355327835
0.119945456477233328151932312267
0.121038351268364041679603815282
0.122131246079325836428886020713
0.123224140909569498947284671431
0.124317035758564883862753447374
0.125409930625800025705274265420
0.126502825510780181339498540183
0.127595720413027552408991027733
0.128688615332079953068600275401
0.129781510267490601817641504567
0.130874405218827316588203757419
0.131967300185671904122486353117
0.133060195167619577105710959586
0.134153090164278454565760512196
0.135245985175269034517242516813
0.136338880200223583338825505962
0.137431775238785719439604804393
0.138524670290610107947770757164
0.139617565355361794576793954548
0.140710460432715955825244691368
0.141803355522357454887583116943
0.142896250623980425320525000643
0.143989145737287937976134344353
0.145082040861991806712794073064
0.146174935997811950016966875410
0.147267831144476418758770819295
0.148360726301720730058164576803
0.149453621469287978307249886711
0.150546516646928335569910473168
0.151639411834398829537207120666
0.152732307031463010460470286489
0.153825202237890867884573253832
0.154918097453458469825449128621
0.156010992677947879503363992626
0.157103887911146766764858284660
0.158196783152848380327171184945
0.159289678402851325733635690085
0.160382573660959093508893147373
0.161475468926980392225800642336
0.162568364200728565638343070532
0.163661259482021537170481906287
0.164754154770681782160579587071
0.165847050066535967038916510319
0.166939945369414949327691033432
0.168032840679153638863141395632
0.169125735995590664728638330416
0.170218631318568625054865606216
0.171311526647933531908307713820
0.172404421983535033335854791403
0.173497317325226052542319621352
0.174590212672862843401588861525
0.175683108026304796167593735845
0.176776003385414270940856340530
0.177868898750056847468670184753
0.178961794120100631255709799916
0.180054689495416725408816205345
0.181147584875878786547787058225
0.182240480261363024805376653603
0.183333375651748342605174002529
0.184426271046915862816817366365
0.185519166446749123045023566192
0.186612061851133909096134289030
0.187704957259958254978116087841
0.188797852673112248611531072129
0.189890748090488142851839370451
0.190983643511979911400189280357
0.192076538937483720648202734083
0.193169434366897541099916679741
0.194262329800121008593905003181
0.195355225237055590836732221760
0.196448120677604448625075406198
0.197541016121672324823421718065
0.198633911569165599875219641035
0.199726807019992069758274055857
0.200819702474061084762624318500
0.201912597931283410712666182008
0.203005493391571062433698102723
0.204098388854837609063253012209
0.205191284320997674450737235929
0.206284179789967270224337880791
0.207377075261663434968539831971
0.208469970736004567291033140464
0.209562866212910065000230019905
0.210655761692300380616416077828
0.211748657174097049127325931295
0.212841552658222493699113897492
0.213934448144600303232110150020
0.215027343633154788271610868833
0.216120239123811203052483165266
0.217213134616495717743589466409
0.218306030111135279669909436961
0.219398925607657585556964363604
0.220491821105991081530817154999
0.221584716606065046384799188672
0.222677612107809369534905385990
0.223770507611154523264218596523
0.224863403116031812523090138711
0.225956298622372958595505565427
0.227049194130110293388113973378
0.228142089639176787185803618740
0.229234985149505882118248223378
0.230327880661031408893180127961
0.231420776173687781085419601368
0.232513671687409856358996762538
0.233606567202132797689273502328
0.234699462717792239896397177290
0.235792358234324206378573762777
0.236885253751664859311887312288
0.237978149269750999250661038786
0.239071044788519343482491308350
0.240163940307907164406486799635
0.241256835827851762177331806924
0.242349731348290825527769243308
0.243442626869162098701693253133
0.244535522390403520232027290149
0.245628417911953250696299733136
0.246721313433749395160887729617
0.247814208955730336247924583404
0.248907104477834401068392367051
0.250000000000000000000000000000
0.251092895522165626687183248578
0.252185791044269747018802263483
0.253278686566250632594687886012
0.254371582088046832570427113751
0.255464477609596452012397094222
0.256557373130837929053882362496
0.257650268651709202227806372321
0.258743164172148210067092577447
0.259836059692092835593513200365
0.260928955211480684273084307279
0.262021850730249028504914576843
0.263114746248335140688112687712
0.264207641765675849132577468481
0.265300537282207760103602822710
0.266393432797867202310726497672
0.267486328312590171396578853091
0.268579223826312218914580398632
0.269672119338968618862395487668
0.270765014850494145637327392251
0.271857910360823240569771996888
0.272950805869889734367461642250
0.274043701377627069160070050202
0.275136596883968187476909861289
0.276229492388845532246932634735
0.277322387892190658220670229639
0.278415283393934953615200811328
0.279508178894008918469182845001
0.280601074392342442198611252024
0.281693969888864748085666178667
0.282786865383504282256410533591
0.283879760876188824703092450363
0.284972656366845267239540362425
0.286065551855399780034616696867
0.287158447341777534056461718137
0.288251342825903034139400915592
0.289344238307699619383583922172
0.290437133787089962755345595724
0.291530029263995460464542475165
0.292622924738336565031460168029
0.293715820210032785286813350467
0.294808715679002353304838379700
0.295901611145162390936746987791
0.296994506608428965321877512906
0.298087402068716644798485049250
0.299180297525938942992951297128
0.300273192980007985752877175400
0.301366088430834455635931590223
0.302458983878327702932153897564
0.303551879322395579130500209430
0.304644774762944436918843393869
0.305737670199879019161670612448
0.306830565633102514411234551517
0.307923461062516279351797265917
0.309016356488020116355386335272
0.310109251909511940414887476436
0.311202147326887723632893312242
0.312295042740041772777459527788
0.313387938148866118659441326599
0.314480833553250904710552049437
0.315573728953084220449909480521
0.316666624348251712905977228729
0.317759519738636975194623346397
0.318852415124121268963364173032
0.319945310504583302346759410284
0.321038205879899396499865815713
0.322131101249943208042481046505
0.323223996614585729059143659470
0.324316891973695231587981879784
0.325409787327137212109562369733
0.326502682674773947457680378648
0.327595578016464938908569592968
0.328688473352066468091692286180
0.329781368681431430456285625041
0.330874264004409390782512900842
0.331967159320846416648009835626
0.333060054630585078427884582197
0.334152949933464116227810336568
0.335245845229318217839420412929
0.336338740517978518340669324971
0.337431635799271489872808160726
0.338524531073019607774199357664
0.339617426339040906491106852627
0.340710321597148702021939925544
0.341803216847151591917253199426
0.342896112088853233235141715340
0.343989007322052176007787238632
0.345081902546541585685702102637
0.346174797762109187626577977426
0.347267692968537045050680944769
0.348360588165601225973944110592
0.349453483353071636674513911203
0.350546378530712077203901344546
0.351639273698279297697411038826
0.352732168855523608996804796334
0.353825064002188105494184355848
0.354917959138008221042781542565
0.356010854262712117535016886904
0.357103749376019630190626230615
0.358196644477642600623568114315
0.359289539567284099685906539889
0.360382434644638260934357276710
0.361475329709389947563380474094
0.362568224761214308315970811236
0.363661119799776499927901340925
0.364754014824730965482757483187
0.365846909835721600945390719062
0.366939804832380422894289040414
0.368032699814328123633089262512
0.369125594781172683411796242581
0.370218489732509425937934111062
0.371311384667920019175824108970
0.372404279586972530857735819154
0.373497174489219818660501459817
0.374590069374200029805876965838
0.375682964241435157770609976069
0.376775859090430542686078752013
0.377868753920674205204477402731
0.378961648731636013831547415975
0.380054543522766685725855495548
0.381147438293497342609583711237
0.382240333043237845433992561084
0.383333227771376738868269740124
0.384426122477279419431539508878
0.385519017160287580381350380776
0.386611911819717768423743109452
0.387704806454860106956772369813
0.388797701064977241358633364143
0.389890595649302895697729809399
0.390983490207040484953893155762
0.392076384737361005594635798843
0.393169279239402424952487535847
0.394262173712266850156282771422
0.395355068155019750975043280050
0.396447962566686851193509255609
0.397540856946253073900265917473
0.398633751292659765930181947624
0.399726645604802144351452852788
0.400819539881527520108761564188
0.401912434121631800820750868297
0.403005328323856937267066768982
0.404098222486888092319645693351
0.405191116609349866184430766225
0.406284010689803076754600397180
0.407376904726740984852284555018
0.408469798718585186403373654684
0.409562692663681449101176212935
0.410655586560294383335900647580
0.411748480406603500902917858184
0.412841374200697330820730712730
0.413934267940567202082036146749
0.415027161624101748049753268788
0.416120055249079690007363296900
0.417212948813162953776156882668
0.418305842313888676109456810082
0.419398735748660544953025919312
0.420491629114740195216626261754
0.421584522409236384099529004743
0.422677415629095276639048961442
0.423770308771088011212668789085
0.424863201831798042995558262191
0.425956094807607876795430001948
0.427048987694683135352136105212
0.428141880488956849681869698543
0.429234773186110973863804929351
0.430327665781557067159468488171
0.431420558270414367108003261819
0.432513450647486363820348742593
0.433606342907234931782767262121
0.434699235043751575080506199811
0.435792127050725397463537547083
0.436885018921409573611214227640
0.437977910648581547636837285609
0.439070802224501122168476285879
0.440163693640863329381573976207
0.441256584888745084782613048446
0.442349475958547622145289324180
0.443442366839930379729395326649
0.444535257521738336183858564254
0.445628147991920131598675425266
0.446721038237436141038472214859
0.447813928244154890734307628009
0.448906817996736484666087108053
0.449999707478500210466876296778
0.451092596671275380959542644632
0.452185485555230470833265599140
0.453278374108678883125378433760
0.454371262307857626261409222934
0.455464150126671629692509668530
0.456557037536401033595012677324
0.457649924505362515336770456997
0.458742810998516326037588441977
0.459835696977010932595675285484
0.460928582397649055923949390490
0.462021467212262393342570021559
0.463114351366976706447786682475
0.464207234801339407859188668226
0.465300117447285499494569194212
0.466392999227898341629838796507
0.467485880055924840625891647505
0.468578759831976832117561571067
0.469671638442346384145764659479
0.470764515756330215179303877449
0.471857391622932165198278653406
0.472950265866764918420983576652
0.474043138282918774528695848858
0.475136008630477502112654519806
0.476228876624248009807871540033
0.477321741924098763565353920058
0.478414604121063846697836652311
0.479507462719006072315863775657
0.480600317110088548488988635654
0.481693166541470429997673363687
0.482786010069339299732860126824
0.483878846494274150735748207808
0.484971674268460939405400722535
0.486064491359343986420782357527
0.487157295043840754544817173155
0.488250081588054496428696893418
0.489342845730624198541391933759
0.490435579813393585091318982450
0.491528272242801655966815133070
0.492620904593290109829695211374
0.493713445716245091787754972756
0.494805838502483219532024349974
0.495897965860110756519674168885
0.496989544700918273179013340268
0.498079677502489326368362299036
0.499163410276307895063752084752
0.000000000000000000000000000000
0.001094091903719912432790817292
0.002188183807439824865581634583
0.003282275711159737298372451875
0.004376367614879649731163269166
0.005470459518599563031315824446
0.006564551422319474596744903749
0.007658643326039388764259197018
0.008752735229759299462326538332
0.009846827133479212762479093612
0.010940919037199126062631648892
0.012035010940919037628060728196
0.013129102844638949193489807499
0.014223194748358862493642362779
0.015317286652078777528518394035
0.016411378555798689093947473339
0.017505470459518598924653076665
0.018599562363238512224805631945
0.019693654266958425524958187225
0.020787746170678338825110742505
0.021881838074398252125263297785
0.022975929978118161955968901111
0.024070021881838075256121456391
0.025164113785557988556274011671
0.026258205689277898386979614997
0.027352297592997815156579122231
0.028446389496717724987284725557
0.029540481400437641756884232791
0.030634573304157555057036788071
0.031728665207877468357189343351
0.032822757111597378187894946677
0.033916849015317288018600550004
0.035010940919037197849306153330
0.036105032822757114618905660564
0.037199124726477024449611263890
0.038293216630196934280316867216
0.039387308533916851049916374450
0.040481400437636760880621977776
0.041575492341356677650221485010
0.042669584245076594419820992243
0.043763676148796504250526595570
0.044857768052516414081232198896
0.045951859956236323911937802222
0.047045951859956240681537309456
0.048140043763676150512242912782
0.049234135667396060342948516109
0.050328227571115977112548023342
0.051422319474835886943253626669
0.052516411378555796773959229995
0.053610503282275713543558737229
0.054704595185995630313158244462
0.055798687089715533204969943881
0.056892778993435449974569451115
0.057986870897155359805275054441
0.059080962800875283513768465582
0.060175054704595193344474068908
0.061269146608315110114073576142
0.062363238512035019944779179468
0.063457330415754936714378686702
0.064551422319474846545084290028
0.065645514223194756375789893355
0.066739606126914666206495496681
0.067833698030634576037201100007
0.068927789934354485867906703334
0.070021881838074395698612306660
0.071115973741794319407105717801
0.072210065645514229237811321127
0.073304157549234139068516924453
0.074398249452954048899222527780
0.075492341356673958729928131106
0.076586433260393868560633734432
0.077680525164113792269127145573
0.078774617067833702099832748900
0.079868708971553611930538352226
0.080962800875273521761243955552
0.082056892778993445469737366693
0.083150984682713355300442970020
0.084245076586433265131148573346
0.085339168490153188839641984487
0.086433260393873098670347587813
0.087527352297593008501053191139
0.088621444201312918331758794466
0.089715536105032828162464397792
0.090809628008752737993170001118
0.091903719912472647823875604445
0.092997811816192571532369015586
0.094091903719912481363074618912
0.095185995623632391193780222238
0.096280087527352301024485825565
0.097374179431072210855191428891
0.098468271334792120685897032217
0.099562363238512044394390443358
0.100656455142231954225096046684
0.101750547045951864055801650011
0.102844638949671773886507253337
0.103938730853391683717212856664
0.105032822757111593547918459990
0.106126914660831517256411871131
0.107221006564551427087117474457
0.108315098468271350795610885598
0.109409190371991260626316488924
0.110503282275711156579234284436
0.111597374179431066409939887762
0.112691466083150976240645491089
0.113785557986870899949138902230
0.114879649890590809779844505556
0.115973741794310719610550108882
0.117067833698030657196831327838
0.118161925601750567027536931164
0.119256017505470476858242534490
0.120350109409190386688948137817
0.121444201312910296519653741143
0.122538293216630220228147152284
0.123632385120350130058852755610
0.124726477024070039889558358936
0.125820568927789949720263962263
0.126914660831509873428757373404
0.128008752735229769381675168916
0.129102844638949693090168580056
0.130196936542669589043086375568
0.131291028446389512751579786709
0.132385120350109408704497582221
0.133479212253829332412990993362
0.134573304157549256121484404503
0.135667396061269152074402200014
0.136761487964989075782895611155
0.137855579868708971735813406667
0.138949671772428895444306817808
0.140043763676148791397224613320
0.141137855579868715105718024461
0.142231947483588638814211435601
0.143326039387308534767129231113
0.144420131291028458475622642254
0.145514223194748354428540437766
0.146608315098468278137033848907
0.147702407002188201845527260048
0.148796498905908097798445055560
0.149890590809628021506938466700
0.150984682713347917459856262212
0.152078774617067841168349673353
0.153172866520787737121267468865
0.154266958424507660829760880006
0.155361050328227584538254291147
0.156455142231947480491172086658
0.157549234135667404199665497799
0.158643326039387300152583293311
0.159737417943107223861076704452
0.160831509846827119813994499964
0.161925601750547043522487911105
0.163019693654266967230981322245
0.164113785557986890939474733386
0.165207877461706814647968144527
0.166301969365426710600885940039
0.167396061269146634309379351180
0.168490153172866530262297146692
0.169584245076586453970790557833
0.170678336980306377679283968973
0.171772428884026273632201764485
0.172866520787746197340695175626
0.173960612691466093293612971138
0.175054704595186017002106382279
0.176148796498905912955024177791
0.177242888402625836663517588931
0.178336980306345760372011000072
0.179431072210065656324928795584
0.180525164113785580033422206725
0.181619256017505475986340002237
0.182713347921225399694833413378
0.183807439824945295647751208890
0.184901531728665219356244620030
0.185995623632385143064738031171
0.187089715536105039017655826683
0.188183807439824962726149237824
0.189277899343544858679067033336
0.190371991247264782387560444477
0.191466083150984678340478239988
0.192560175054704602048971651129
0.193654266958424525757465062270
0.194748358862144421710382857782
0.195842450765864345418876268923
0.196936542669584241371794064435
0.198030634573304165080287475575
0.199124726477024088788780886716
0.200218818380743984741698682228
0.201312910284463908450192093369
0.202407002188183804403109888881
0.203501094091903728111603300022
0.204595185995623624064521095534
0.205689277899343547773014506674
0.206783369803063471481507917815
0.207877461706783367434425713327
0.208971553610503291142919124468
0.210065645514223187095836919980
0.211159737417943138559905946749
0.212253829321663034512823742261
0.213347921225382958221317153402
0.214442013129102854174234948914
0.215536105032822777882728360055
0.216630196936542701591221771196
0.217724288840262597544139566708
0.218818380743982521252632977848
0.219912472647702417205550773360
0.221006564551422313158468568872
0.222100656455142264622537595642
0.223194748358862132819879775525
0.224288840262582084283948802295
0.225382932166301952481290982178
0.226477024070021903945360008947
0.227571115973741799898277804459
0.228665207877461723606771215600
0.229759299781181619559689011112
0.230853391684901543268182422253
0.231947483588621439221100217765
0.233041575492341362929593628905
0.234135667396061314393662655675
0.235229759299781182591004835558
0.236323851203501134055073862328
0.237417943107221030007991657840
0.238512035010940953716485068981
0.239606126914660849669402864492
0.240700218818380773377896275633
0.241794310722100669330814071145
0.242888402625820593039307482286
0.243982494529540488992225277798
0.245076586433260440456294304568
0.246170678336980308653636484451
0.247264770240700260117705511220
0.248358862144420128315047691103
0.249452954048140079779116717873
0.250547045951859947976458897756
0.251641137855579899440527924526
0.252735229759299795393445720038
0.253829321663019746857514746807
0.254923413566739587299281311061
0.256017505470459538763350337831
0.257111597374179434716268133343
0.258205689277899386180337160113
0.259299781181619282133254955625
0.260393873085339178086172751136
0.261487964989059074039090546648
0.262582056892779025503159573418
0.263676148796498921456077368930
0.264770240700218817408995164442
0.265864332603938713361912959954
0.266958424507658664825981986723
0.268052516411378560778899782235
0.269146608315098512242968809005
0.270240700218818352684735373259
0.271334792122538304148804400029
0.272428884026258200101722195541
0.273522975929978151565791222311
0.274617067833698047518709017822
0.275711159737417943471626813334
0.276805251641137839424544608846
0.277899343544857790888613635616
0.278993435448577686841531431128
0.280087527352297582794449226640
0.281181619256017534258518253409
0.282275711159737430211436048921
0.283369803063457381675505075691
0.284463894967177277628422871203
0.285557986870897173581340666715
0.286652078774617069534258462227
0.287746170678337020998327488996
0.288840262582056916951245284508
0.289934354485776868415314311278
0.291028446389496708857080875532
0.292122538293216660321149902302
0.293216630196936556274067697814
0.294310722100656507738136724583
0.295404814004376403691054520095
0.296498905908096299643972315607
0.297592997811816195596890111119
0.298687089715536147060959137889
0.299781181619256043013876933401
0.300875273522975938966794728913
0.301969365426695834919712524425
0.303063457330415786383781551194
0.304157549234135682336699346706
0.305251641137855633800768373476
0.306345733041575474242534937730
0.307439824945295425706603964500
0.308533916849015321659521760012
0.309628008752735273123590786781
0.310722100656455169076508582293
0.311816192560175065029426377805
0.312910284463894960982344173317
0.314004376367614912446413200087
0.315098468271334808399330995599
0.316192560175054704352248791110
0.317286652078774600305166586622
0.318380743982494551769235613392
0.319474835886214447722153408904
0.320568927789934399186222435674
0.321663019693654239627988999928
0.322757111597374191092058026697
0.323851203501094087044975822209
0.324945295404814038509044848979
0.326039387308533934461962644491
0.327133479212253830414880440003
0.328227571115973781878949466773
0.329321663019693677831867262285
0.330415754923413629295936289054
0.331509846827133469737702853308
0.332603938730853421201771880078
0.333698030634573317154689675590
0.334792122538293268618758702360
0.335886214442013164571676497872
0.336980306345733060524594293383
0.338074398249452956477512088895
0.339168490153172907941581115665
0.340262582056892803894498911177
0.341356673960612755358567937947
0.342450765864332595800334502201
0.343544857768052547264403528970
0.344638949671772443217321324482
0.345733041575492394681390351252
0.346827133479212290634308146764
0.347921225382932186587225942276
0.349015317286652082540143737788
0.350109409190372034004212764557
0.351203501094091929957130560069
0.352297592997811825910048355581
0.353391684901531721862966151093
0.354485776805251673327035177863
0.355579868708971569279952973375
0.356673960612691520744022000144
0.357768052516411361185788564399
0.358862144420131312649857591168
0.359956236323851208602775386680
0.361050328227571160066844413450
0.362144420131291056019762208962
0.363238512035010951972680004474
0.364332603938730847925597799986
0.365426695842450799389666826755
0.366520787746170695342584622267
0.367614879649890591295502417779
0.368708971553610487248420213291
0.369803063457330438712489240061
0.370897155361050334665407035573
0.371991247264770286129476062342
0.373085339168490126571242626596
0.374179431072210078035311653366
0.375273522975930029499380680136
0.376367614879649925452298475648
0.377461706783369821405216271160
0.378555798687089717358134066671
0.379649890590809668822203093441
0.380743982494529564775120888953
0.381838074398249516239189915723
0.382932166301969356680956479977
0.384026258205689308145025506747
0.385120350109409204097943302258
0.386214442013129155562012329028
0.387308533916849051514930124540
0.388402625820568947467847920052
0.389496717724288843420765715564
0.390590809628008794884834742334
0.391684901531728690837752537846
0.392778993435448642301821564615
0.393873085339168482743588128869
0.394967177242888434207657155639
0.396061269146608330160574951151
0.397155361050328281624643977921
0.398249452954048177577561773433
0.399343544857768073530479568944
0.400437636761487969483397364456
0.401531728665207920947466391226
0.402625820568927816900384186738
0.403719912472647712853301982250
0.404814004376367608806219777762
0.405908096280087560270288804531
0.407002188183807456223206600043
0.408096280087527407687275626813
0.409190371991247248129042191067
0.410284463894967199593111217837
0.411378555798687095546029013349
0.412472647702407047010098040118
0.413566739606126942963015835630
0.414660831509846838915933631142
0.415754923413566734868851426654
0.416849015317286686332920453424
0.417943107221006582285838248936
0.419037199124726478238756044448
0.420131291028446374191673839960
0.421225382932166325655742866729
0.422319474835886277119811893499
0.423413566739606173072729689011
0.424507658643326069025647484523
0.425601750547045964978565280035
0.426695842450765916442634306804
0.427789934354485812395552102316
0.428884026258205708348469897828
0.429978118161925604301387693340
0.431072210065645555765456720110
0.432166301969365451718374515622
0.433260393873085403182443542391
0.434354485776805243624210106645
0.435448577680525195088279133415
0.436542669584245091041196928927
0.437636761487965042505265955697
0.438730853391684938458183751209
0.439824945295404834411101546721
0.440919037199124730364019342232
0.442013129102844626316937137744
0.443107221006564633292157395772
0.444201312910284529245075191284
0.445295404814004369686841755538
0.446389496717724265639759551050
0.447483588621444272614979809077
0.448577680525164168567897604589
0.449671772428884064520815400101
0.450765864332603904962581964355
0.451859956236323911937802222383
0.452954048140043807890720017895
0.454048140043763703843637813407
0.455142231947483599796555608918
0.456236323851203551260624635688
0.457330415754923447213542431200
0.458424507658643343166460226712
0.459518599562363239119378022224
0.460612691466083190583447048994
0.461706783369803086536364844505
0.462800875273522982489282640017
0.463894967177242878442200435529
0.464989059080962829906269462299
0.466083150984682725859187257811
0.467177242888402621812105053323
0.468271334792122628787325311350
0.469365426695842524740243106862
0.470459518599562365182009671116
0.471553610503282261134927466628
0.472647702407002268110147724656
0.473741794310722164063065520168
0.474835886214442060015983315679
0.475929978118161900457749879934
0.477024070021881907432970137961
0.478118161925601803385887933473
0.479212253829321699338805728985
0.480306345733041595291723524497
0.481400437636761546755792551266
0.482494529540481442708710346778
0.483588621444201338661628142290
0.484682713347921234614545937802
0.485776805251641186078614964572
0.486870897155361082031532760084
0.487964989059080977984450555596
0.489059080962800873937368351108
0.490153172866520880912588609135
0.491247264770240721354355173389
0.492341356673960617307272968901
0.493435448577680513260190764413
0.494529540481400520235411022441
0.495623632385120416188328817952
0.496717724288840256630095382206
0.497811816192560152583013177718
0.498905908096280159558233435746
0.500000000000000000000000000000
0.501094091903719895952917795512
0.502188183807439791905835591024
0.503282275711159798881055849051
0.504376367614879694833973644563
0.505470459518599590786891440075
0.506564551422319486739809235587
0.507658643326039493715029493615
0.508752735229759278645644826611
0.509846827133479174598562622123
0.510940919037199070551480417635
0.512035010940919077526700675662
0.513129102844638973479618471174
0.514223194748358869432536266686
0.515317286652078876407756524713
0.516411378555798772360674320225
0.517505470459518668313592115737
0.518599562363238564266509911249
0.519693654266958460219427706761
0.520787746170678356172345502273
0.521881838074398252125263297785
0.522975929978118148078181093297
0.524070021881838155053401351324
0.525164113785558051006319146836
0.526258205689277946959236942348
0.527352297592997842912154737860
0.528446389496717849887374995888
0.529540481400437634817990328884
0.530634573304157530770908124396
0.531728665207877426723825919908
0.532822757111597433699046177935
0.533916849015317329651963973447
0.535010940919037225604881768959
0.536105032822757121557799564471
0.537199124726477128533019822498
0.538293216630197024485937618010
0.539387308533916920438855413522
0.540481400437636705369470746518
0.541575492341356712344691004546
0.542669584245076608297608800058
0.543763676148796504250526595570
0.544857768052516400203444391082
0.545951859956236407178664649109
0.547045951859956303131582444621
0.548140043763676199084500240133
0.549234135667396095037418035645
0.550328227571115990990335831157
0.551422319474835886943253626669
0.552516411378555782896171422180
0.553610503282275678849089217692
0.554704595185995685824309475720
0.555798687089715581777227271232
0.556892778993435477730145066744
0.557986870897155373683062862256
0.559080962800875380658283120283
0.560175054704595165588898453279
0.561269146608315061541816248791
0.562363238512035068517036506819
0.563457330415754964469954302331
0.564551422319474860422872097843
0.565645514223194756375789893355
0.566739606126914763351010151382
0.567833698030634659303927946894
0.568927789934354555256845742406
0.570021881838074451209763537918
0.571115973741794347162681333430
0.572210065645514243115599128942
0.573304157549234139068516924453
0.574398249452954035021434719965
0.575492341356674041996654977993
0.576586433260393937949572773505
0.577680525164113833902490569017
0.578774617067833729855408364529
0.579868708971553736830628622556
0.580962800875273521761243955552
0.582056892778993417714161751064
0.583150984682713313667079546576
0.584245076586433320642299804604
0.585339168490153216595217600116
0.586433260393873112548135395627
0.587527352297593008501053191139
0.588621444201313015476273449167
0.589715536105032911429191244679
0.590809628008752807382109040191
0.591903719912472592312724373187
0.592997811816192599287944631214
0.594091903719912495240862426726
0.595185995623632391193780222238
0.596280087527352287146698017750
0.597374179431072294121918275778
0.598468271334792190074836071290
0.599562363238512086027753866802
0.600656455142231981980671662313
0.601750547045951877933589457825
0.602844638949671773886507253337
0.603938730853391669839425048849
0.605032822757111565792342844361
0.606126914660831572767563102389
0.607221006564551468720480897900
0.608315098468271364673398693412
0.609409190371991371648618951440
0.610503282275711267601536746952
0.611597374179431052532152079948
0.612691466083150948485069875460
0.613785557986870955460290133487
0.614879649890590851413207928999
0.615973741794310747366125724511
0.617067833698030643319043520023
0.618161925601750650294263778051
0.619256017505470546247181573563
0.620350109409190442200099369074
0.621444201312910338153017164586
0.622538293216630234105934960098
0.623632385120350130058852755610
0.624726477024070026011770551122
0.625820568927789921964688346634
0.626914660831509928939908604661
0.628008752735229824892826400173
0.629102844638949720845744195685
0.630196936542669616798661991197
0.631291028446389623773882249225
0.632385120350109408704497582221
0.633479212253829304657415377733
0.634573304157549200610333173245
0.635667396061269207585553431272
0.636761487964989103538471226784
0.637855579868708999491389022296
0.638949671772428895444306817808
0.640043763676148902419527075836
0.641137855579868798372444871347
0.642231947483588694325362666859
0.643326039387308479255977999856
0.644420131291028486231198257883
0.645514223194748382184116053395
0.646608315098468278137033848907
0.647702407002188174089951644419
0.648796498905908181065171902446
0.649890590809628077018089697958
0.650984682713347972971007493470
0.652078774617067868923925288982
0.653172866520787764876843084494
0.654266958424507660829760880006
0.655361050328227556782678675518
0.656455142231947563757898933545
0.657549234135667459710816729057
0.658643326039387355663734524569
0.659737417943107251616652320081
0.660831509846827258591872578108
0.661925601750547154544790373620
0.663019693654266939475405706617
0.664113785557986835428323502128
0.665207877461706842403543760156
0.666301969365426738356461555668
0.667396061269146634309379351180
0.668490153172866530262297146692
0.669584245076586537237517404719
0.670678336980306433190435200231
0.671772428884026329143352995743
0.672866520787746225096270791255
0.673960612691466121049188586767
0.675054704595186017002106382279
0.676148796498905912955024177791
0.677242888402625808907941973303
0.678336980306345815883162231330
0.679431072210065711836080026842
0.680525164113785607788997822354
0.681619256017505503741915617866
0.682713347921225510717135875893
0.683807439824945295647751208890
0.684901531728665191600669004401
0.685995623632385087553586799913
0.687089715536105094528807057941
0.688183807439824990481724853453
0.689277899343544886434642648965
0.690371991247264782387560444477
0.691466083150984789362780702504
0.692560175054704685315698498016
0.693654266958424581268616293528
0.694748358862144366199231626524
0.695842450765864373174451884552
0.696936542669584269127369680064
0.698030634573304165080287475575
0.699124726477024061033205271087
0.700218818380744068008425529115
0.701312910284463963961343324627
0.702407002188183859914261120139
0.703501094091903755867178915651
0.704595185995623651820096711162
0.705689277899343547773014506674
0.706783369803063443725932302186
0.707877461706783450701152560214
0.708971553610503346654070355726
0.710065645514223242606988151238
0.711159737417943138559905946749
0.712253829321663145535126204777
0.713347921225383041488044000289
0.714442013129102826418659333285
0.715536105032822722371577128797
0.716630196936542729346797386825
0.717724288840262625299715182337
0.718818380743982521252632977848
0.719912472647702417205550773360
0.721006564551422424180771031388
0.722100656455142320133688826900
0.723194748358862216086606622412
0.724288840262582112039524417924
0.725382932166302007992442213435
0.726477024070021903945360008947
0.727571115973741799898277804459
0.728665207877461695851195599971
0.729759299781181702826415857999
0.730853391684901598779333653511
0.731947483588621494732251449022
0.733041575492341390685169244534
0.734135667396061397660389502562
0.735229759299781182591004835558
0.736323851203501078543922631070
0.737417943107220974496840426582
0.738512035010940981472060684609
0.739606126914660877424978480121
0.740700218818380773377896275633
0.741794310722100669330814071145
0.742888402625820676306034329173
0.743982494529540572258952124685
0.745076586433260468211869920196
0.746170678336980253142485253193
0.747264770240700260117705511220
0.748358862144420156070623306732
0.749452954048140052023541102244
0.750547045951860058998761360272
0.751641137855579954951679155783
0.752735229759299850904596951295
0.753829321663019746857514746807
0.754923413566739642810432542319
0.756017505470459538763350337831
0.757111597374179434716268133343
0.758205689277899330669185928855
0.759299781181619337644406186882
0.760393873085339233597323982394
0.761487964989059129550241777906
0.762582056892779025503159573418
0.763676148796499032478379831446
0.764770240700218928431297626958
0.765864332603938713361912959954
0.766958424507658609314830755466
0.768052516411378616290051013493
0.769146608315098512242968809005
0.770240700218818408195886604517
0.771334792122538304148804400029
0.772428884026258311124024658056
0.773522975929978207076942453568
0.774617067833698103029860249080
0.775711159737417998982778044592
0.776805251641137894935695840104
0.777899343544857790888613635616
0.778993435448577686841531431128
0.780087527352297582794449226640
0.781181619256017589769669484667
0.782275711159737485722587280179
0.783369803063457381675505075691
0.784463894967177277628422871203
0.785557986870897284603643129230
0.786652078774617069534258462227
0.787746170678336965487176257739
0.788840262582056861440094053251
0.789934354485776868415314311278
0.791028446389496764368232106790
0.792122538293216660321149902302
0.793216630196936556274067697814
0.794310722100656563249287955841
0.795404814004376459202205751353
0.796498905908096355155123546865
0.797592997811816251108041342377
0.798687089715536147060959137889
0.799781181619256043013876933401
0.800875273522975938966794728913
0.801969365426695945942014986940
0.803063457330415841894932782452
0.804157549234135737847850577964
0.805251641137855633800768373476
0.806345733041575529753686168988
0.807439824945295425706603964500
0.808533916849015321659521760012
0.809628008752735217612439555523
0.810722100656455224587659813551
0.811816192560175120540577609063
0.812910284463895016493495404575
0.814004376367614912446413200087
0.815098468271334919421633458114
0.816192560175054815374551253626
0.817286652078774600305166586622
0.818380743982494496258084382134
0.819474835886214503233304640162
0.820568927789934399186222435674
0.821663019693654295139140231186
0.822757111597374191092058026697
0.823851203501094198067278284725
0.824945295404814094020196080237
0.826039387308533989973113875749
0.827133479212253885926031671261
0.828227571115973781878949466773
0.829321663019693677831867262285
0.830415754923413573784785057796
0.831509846827133469737702853308
0.832603938730853476712923111336
0.833698030634573372665840906848
0.834792122538293268618758702360
0.835886214442013164571676497872
0.836980306345733171546896755899
0.838074398249452956477512088895
0.839168490153172852430429884407
0.840262582056892748383347679919
0.841356673960612755358567937947
0.842450765864332651311485733459
0.843544857768052547264403528970
0.844638949671772554239623786998
0.845733041575492450192541582510
0.846827133479212346145459378022
0.847921225382932242098377173534
0.849015317286652138051294969046
0.850109409190372034004212764557
0.851203501094091929957130560069
0.852297592997811825910048355581
0.853391684901531832885268613609
0.854485776805251728838186409121
0.855579868708971624791104204633
0.856673960612691520744022000144
0.857768052516411416696939795656
0.858862144420131312649857591168
0.859956236323851208602775386680
0.861050328227571104555693182192
0.862144420131291111530913440220
0.863238512035011007483831235731
0.864332603938730903436749031243
0.865426695842450799389666826755
0.866520787746170806364887084783
0.867614879649890702317804880295
0.868708971553610487248420213291
0.869803063457330383201338008803
0.870897155361050390176558266830
0.871991247264770286129476062342
0.873085339168490182082393857854
0.874179431072210078035311653366
0.875273522975930085010531911394
0.876367614879649980963449706906
0.877461706783369876916367502417
0.878555798687089772869285297929
0.879649890590809668822203093441
0.880743982494529564775120888953
0.881838074398249460728038684465
0.882932166301969356680956479977
0.884026258205689252633874275489
0.885120350109409148586792071001
0.886214442013129266584314791544
0.887308533916849162537232587056
0.888402625820569058490150382568
0.889496717724288843420765715564
0.890590809628008739373683511076
0.891684901531728635326601306588
0.892778993435448531279519102100
0.893873085339168649277041822643
0.894967177242888545229959618155
0.896061269146608441182877413667
0.897155361050328337135795209178
0.898249452954048233088713004690
0.899343544857768129041630800202
0.900437636761487913972246133198
0.901531728665207809925163928710
0.902625820568927927922686649254
0.903719912472647823875604444765
0.904814004376367719828522240277
0.905908096280087615781440035789
0.907002188183807511734357831301
0.908096280087527407687275626813
0.909190371991247303640193422325
0.910284463894967199593111217837
0.911378555798687206568331475864
0.912472647702407102521249271376
0.913566739606126998474167066888
0.914660831509846894427084862400
0.915754923413566790380002657912
0.916849015317286686332920453424
0.917943107221006582285838248936
0.919037199124726478238756044448
0.920131291028446485213976302475
0.921225382932166381166894097987
0.922319474835886277119811893499
0.923413566739606173072729689011
0.924507658643326069025647484523
0.925601750547045964978565280035
0.926695842450765860931483075547
0.927789934354485756884400871058
0.928884026258205874881923591602
0.929978118161925659812538924598
0.931072210065645555765456720110
0.932166301969365451718374515622
0.933260393873085347671292311134
0.934354485776805243624210106645
0.935448577680525139577127902157
0.936542669584245257574650622701
0.937636761487965153527568418212
0.938730853391685049480486213724
0.939824945295404945433404009236
0.940919037199124730364019342232
0.942013129102844626316937137744
0.943107221006564522269854933256
0.944201312910284418222772728768
0.945295404814004536220295449311
0.946389496717724432173213244823
0.947483588621444328126131040335
0.948577680525164224079048835847
0.949671772428884120031966631359
0.950765864332604015984884426871
0.951859956236323800915499759867
0.952954048140043696868417555379
0.954048140043763814865940275922
0.955142231947483710818858071434
0.956236323851203606771775866946
0.957330415754923502724693662458
0.958424507658643398677611457970
0.959518599562363294630529253482
0.960612691466083190583447048994
0.961706783369803086536364844505
0.962800875273523093511585102533
0.963894967177242989464502898045
0.964989059080962885417420693557
0.966083150984682781370338489069
0.967177242888402677323256284581
0.968271334792122573276174080092
0.969365426695842469229091875604
0.970459518599562365182009671116
0.971553610503282372157229929144
0.972647702407002268110147724656
0.973741794310722164063065520168
0.974835886214442060015983315679
0.975929978118161955968901111191
0.977024070021881851921818906703
0.978118161925601747874736702215
0.979212253829321643827654497727
0.980306345733041761825177218270
0.981400437636761546755792551266
0.982494529540481442708710346778
0.983588621444201338661628142290
0.984682713347921234614545937802
0.985776805251641130567463733314
0.986870897155361026520381528826
0.987964989059081144517904249369
0.989059080962801040470822044881
0.990153172866520936423739840393
0.991247264770240832376657635905
0.992341356673960617307272968901
0.993435448577680513260190764413
0.994529540481400409213108559925
0.995623632385120305166026355437
0.996717724288840423163549075980
0.997811816192560319116466871492
0.998905908096280215069384667004
0.000035453906627571446453974641
0.000082528323578706411461740344
0.000129668556701515146891909303
0.000176808730162477767237916293
0.000223941782047040125738432415
0.000271064638365916339875216767
0.000318174851354237331595847804
0.000365270122843489183049603408
0.000412348201238688625864386994
0.000459406852596138748703880061
0.000506443850923271599029362733
0.000553456974493109384038991294
0.000600444004322982292747024058
0.000647402723521282104542085012
0.000694330917013930991495140876
0.000741226371449086652611060178
0.000788086875190934172188961249
0.000834910218360318773060668729
0.000881694192900425699997712936
0.000928436592657719489754541975
0.000975135213470799001173050513
0.001021787853264579997922267829
0.001068392312147868790372928771
0.001114946392512444111114189305
0.001161447899133920009379083993
0.001207894639272754028561096540
0.001254284422776660076065402549
0.001300615062182326970088852569
0.001346884372817874677558114271
0.001393090172905467327701956037
0.001439230283663480835371073496
0.001485302529409193760326357570
0.001531304737660717056602077690
0.001577234739239710735805855002
0.001623090368373144047262068845
0.001668869462795454210873868917
0.001714569863850386611386911184
0.001760189416592808104439216166
0.001805725969890079919688563592
0.001851177376523455066908985245
0.001896541493289546865749772842
0.001941816181101087756752376912
0.001986999305087708712208582895
0.002032088734697087926278635805
0.002077082343794535868736206297
0.002121978010764186475811676758
0.002166773618608472916358120841
0.002211467055047867252826065965
0.002256056212620780130478914671
0.002300538988782834231433538363
0.002344913286005927393479408849
0.002389177011877138302742284992
0.002433328079197518995641091877
0.002477364406080315335778596619
0.002521283916049334074965804220
0.002565084538136622963749866599
0.002608764206980367268695619742
0.002652320862922102808617585978
0.002695752452103950674855425973
0.002739056926565305513654458025
0.002782232244339565441909600807
0.002825276369550395322294278344
0.002868187272507600592968968201
0.002910962929803015408758426474
0.002953601324405674775214203365
0.002996100445757189211642979032
0.003038458289866372615678491442
0.003080672859403806810446591058
0.003122742163795939884796126762
0.003164664219319175426231582904
0.003206437049193054493467780475
0.003248058683673857825746633665
0.003289527160147007189827661477
0.003330840523220236510520964046
0.003371996824815219964688317589
0.003412994124259796820120005378
0.003453830488379264294224180176
0.003494503991587646126587562989
0.003535012715978399101129925342
0.003575354751415078802256886092
0.003615528195621072089782632730
0.003655531154269561159436685571
0.003695361741072770728894214542
0.003735018077870811466917322363
0.003774498294720377272043476680
0.003813800529982909123805079332
0.003852922930412265405120120221
0.003891863651242241737421290182
0.003930620856273488866738929914
0.003969192717960083605088783543
0.004007577417495776679612351501
0.004045773144899655546224970237
0.004083778099101551331551185342
0.004121590488026984772096383836
0.004159208528681650716973816628
0.004196630447235488899082600511
0.004233854479106272453159398594
0.004270878869042917143350468479
0.004307701871208164355608882801
0.004344321749260954441951287919
0.004380736776438244953202350018
0.004416945235636610296581228141
0.004452945419492781477244225385
0.004488735630464781717341438139
0.004524314180911429700282511135
0.004559679393172175014548042071
0.004594829599646154706660272637
0.004629763142870803142858715518
0.004664478375600090639951922356
0.004698973660882043053288459333
0.004733247372136147740340206269
0.004767297893229777670798252842
0.004801123618554694466586951762
0.004834722953102553108517547287
0.004868094312540088321183961995
0.004901236123284106668829274156
0.004934146822575246130182513582
0.004966824858552119914545386337
0.004999268690324140153313781099
0.005031476788044368479713153164
0.005063447632981615473268810490
0.005095179717591977186508245268
0.005126671545590084574928191330
0.005157921632019483830500217181
0.005188928503322735689973210782
0.005219690697410878967021918839
0.005250206763732489893825583493
0.005280475263341868029376424687
0.005310494768967033950290979050
0.005340263865077062542530139666
0.005369781147948666025215835873
0.005399045225732554929842788027
0.005428054718518961208051365475
0.005456808258402771026618349737
0.005485304489547962805695568989
0.005513542068251577749071756784
0.005541519663007169957391617743
0.005569235954567356219890861269
0.005596689636006287743574816318
0.005623879412781126151121835477
0.005650804002793047634001233348
0.005677462136447793475402257002
0.005703852556715645512330770117
0.005729974019190340814300377303
0.005755825292148129476710316510
0.005781405156605656271706639160
0.005806712406377525712009024517
0.005831745848133061335683002824
0.005856504301452633044766660220
0.005880986598883420658767651190
0.005905191585994353474509122037
0.005929118121430547623529339063
0.005952765076967183981160314232
0.005976131337562585500722267540
0.005999215801410999644727173319
0.006022017379994306154888938920
0.006044534998133638085959784547
0.006066767594039801543559509156
0.006088714119363420468333814028
0.006110373539244477736342986418
0.006131744832361058286651633864
0.006152826990977481626254874669
0.006173619020991793354680154948
0.006194119941982696372906325166
0.006214328787255760447316710327
0.006234244603889082733672033498
0.006253866452777936089935106878
0.006273193408679497186375417783
0.006292224560256147805614723723
0.006310959010118526342492106807
0.006329395874867871536750829620
0.006347534285137656703823516580
0.006365373385634599465165983645
0.006382912335178949833625061672
0.006400150306744349822107853498
0.006417086487496287926235449817
0.006433720078831310813793908920
0.006450050296413740481826781803
0.006466076370213379338747206049
0.006481797544541417245567149763
0.006497213078086187636184245520
0.006512322243948123062784461013
0.006527124329674084506069942080
0.006541618637290802507067155602
0.006555804483338042477902352090
0.006569681198900422999797932277
0.006583248129639471778185022544
0.006596504635824072641792081839
0.006609450092360862234752705291
0.006622083888823517353050540635
0.006634405429481649366096895903
0.006646414133329055055898759719
0.006658109434110772231751873562
0.006669490780350008710120057742
0.006680557635374131941752295916
0.006691309477339804287487901036
0.006701745799257952627969725512
0.006711866109017259988955839134
0.006721669929407585175606953953
0.006731156798142436982479441809
0.006740326267880798749576598539
0.006749177906248196578964382297
0.006757711295857058916847215357
0.006765926034326430818510722531
0.006773821734300956159957607383
0.006781398023469068815638483017
0.006788654544580642602458198098
0.006795590955463860598217973319
0.006802206929041223169851715369
0.006808502153345000022788280347
0.006814476331532115863098830744
0.006820129181897851243510100261
0.006825460437889347385664873258
0.006830469848118191598940196485
0.006835157176372038193012947715
0.006839522201626035968757832961
0.006843564718053049208967841821
0.006847284535033437181950066730
0.006850681477164026998705192995
0.006853755384266450693953043327
0.006856506111394547291204570882
0.006858933528841352003646569813
0.006861037522145113989879838812
0.006862817992094791957891075640
0.006864274854734595671112984405
0.006865408041368069487486724967
0.006866217498561224402697789060
0.006866703188145195646541196766
0.006866865087217901078564530337
0.006866703188145195646541196766
0.006866217498561224402697789060
0.006865408041368069487486724967
0.006864274854734595671112984405
0.006862817992094791957891075640
0.006861037522145113989879838812
0.006858933528841352003646569813
0.006856506111394547291204570882
0.006853755384266450693953043327
0.006850681477164026998705192995
0.006847284535033437181950066730
0.006843564718053049208967841821
0.006839522201626035968757832961
0.006835157176372038193012947715
0.006830469848118191598940196485
0.006825460437889347385664873258
0.006820129181897851243510100261
0.006814476331532115863098830744
0.006808502153345000022788280347
0.006802206929041223169851715369
0.006795590955463860598217973319
0.006788654544580642602458198098
0.006781398023469068815638483017
0.006773821734300956159957607383
0.006765926034326430818510722531
0.006757711295857058916847215357
0.006749177906248196578964382297
0.006740326267880798749576598539
0.006731156798142436982479441809
0.006721669929407585175606953953
0.006711866109017259988955839134
0.006701745799257952627969725512
0.006691309477339804287487901036
0.006680557635374131941752295916
0.006669490780350008710120057742
0.006658109434110772231751873562
0.006646414133329055055898759719
0.006634405429481649366096895903
0.006622083888823517353050540635
0.006609450092360862234752705291
0.006596504635824072641792081839
0.006583248129639471778185022544
0.006569681198900422999797932277
0.006555804483338042477902352090
0.006541618637290802507067155602
0.006527124329674084506069942080
0.006512322243948123062784461013
0.006497213078086187636184245520
0.006481797544541417245567149763
0.006466076370213379338747206049
0.006450050296413740481826781803
0.006433720078831310813793908920
0.006417086487496287926235449817
0.006400150306744349822107853498
0.006382912335178949833625061672
0.006365373385634599465165983645
0.006347534285137656703823516580
0.006329395874867871536750829620
0.006310959010118526342492106807
0.006292224560256147805614723723
0.006273193408679497186375417783
0.006253866452777936089935106878
0.006234244603889082733672033498
0.006214328787255760447316710327
0.006194119941982696372906325166
0.006173619020991793354680154948
0.006152826990977481626254874669
0.006131744832361058286651633864
0.006110373539244477736342986418
0.006088714119363420468333814028
0.006066767594039801543559509156
0.006044534998133638085959784547
0.006022017379994306154888938920
0.005999215801410999644727173319
0.005976131337562585500722267540
0.005952765076967183981160314232
0.005929118121430547623529339063
0.005905191585994353474509122037
0.005880986598883420658767651190
0.005856504301452633044766660220
0.005831745848133061335683002824
0.005806712406377525712009024517
0.005781405156605656271706639160
0.005755825292148129476710316510
0.005729974019190340814300377303
0.005703852556715645512330770117
0.005677462136447793475402257002
0.005650804002793047634001233348
0.005623879412781126151121835477
0.005596689636006287743574816318
0.005569235954567356219890861269
0.005541519663007169957391617743
0.005513542068251577749071756784
0.005485304489547962805695568989
0.005456808258402771026618349737
0.005428054718518961208051365475
0.005399045225732554929842788027
0.005369781147948666025215835873
0.005340263865077062542530139666
0.005310494768967033950290979050
0.005280475263341868029376424687
0.005250206763732489893825583493
0.005219690697410878967021918839
0.005188928503322735689973210782
0.005157921632019483830500217181
0.005126671545590084574928191330
0.005095179717591977186508245268
0.005063447632981615473268810490
0.005031476788044368479713153164
0.004999268690324140153313781099
0.004966824858552119914545386337
0.004934146822575246130182513582
0.004901236123284106668829274156
0.004868094312540088321183961995
0.004834722953102553108517547287
0.004801123618554694466586951762
0.004767297893229777670798252842
0.004733247372136147740340206269
0.004698973660882043053288459333
0.004664478375600090639951922356
0.004629763142870803142858715518
0.004594829599646154706660272637
0.004559679393172175014548042071
0.004524314180911429700282511135
0.004488735630464781717341438139
0.004452945419492781477244225385
0.004416945235636610296581228141
0.004380736776438244953202350018
0.004344321749260954441951287919
0.004307701871208164355608882801
0.004270878869042917143350468479
0.004233854479106272453159398594
0.004196630447235488899082600511
0.004159208528681650716973816628
0.004121590488026984772096383836
0.004083778099101551331551185342
0.004045773144899655546224970237
0.004007577417495776679612351501
0.003969192717960083605088783543
0.003930620856273488866738929914
0.003891863651242241737421290182
0.003852922930412265405120120221
0.003813800529982909123805079332
0.003774498294720377272043476680
0.003735018077870811466917322363
0.003695361741072770728894214542
0.003655531154269561159436685571
0.003615528195621072089782632730
0.003575354751415078802256886092
0.003535012715978399101129925342
0.003494503991587646126587562989
0.003453830488379264294224180176
0.003412994124259796820120005378
0.003371996824815219964688317589
0.003330840523220236510520964046
0.003289527160147007189827661477
0.003248058683673857825746633665
0.003206437049193054493467780475
0.003164664219319175426231582904
0.003122742163795939884796126762
0.003080672859403806810446591058
0.003038458289866372615678491442
0.002996100445757189211642979032
0.002953601324405674775214203365
0.002910962929803015408758426474
0.002868187272507600592968968201
0.002825276369550395322294278344
0.002782232244339565441909600807
0.002739056926565305513654458025
0.002695752452103950674855425973
0.002652320862922102808617585978
0.002608764206980367268695619742
0.002565084538136622963749866599
0.002521283916049334074965804220
0.002477364406080315335778596619
0.002433328079197518995641091877
0.002389177011877138302742284992
0.002344913286005927393479408849
0.002300538988782834231433538363
0.002256056212620780130478914671
0.002211467055047867252826065965
0.002166773618608472916358120841
0.002121978010764186475811676758
0.002077082343794535868736206297
0.002032088734697087926278635805
0.001986999305087708712208582895
0.001941816181101087756752376912
0.001896541493289546865749772842
0.001851177376523455066908985245
0.001805725969890079919688563592
0.001760189416592808104439216166
0.001714569863850386611386911184
0.001668869462795454210873868917
0.001623090368373144047262068845
0.001577234739239710735805855002
0.001531304737660717056602077690
0.001485302529409193760326357570
0.001439230283663480835371073496
0.001393090172905467327701956037
0.001346884372817874677558114271
0.001300615062182326970088852569
0.001254284422776660076065402549
0.001207894639272754028561096540
0.001161447899133920009379083993
0.001114946392512444111114189305
0.001068392312147868790372928771
0.001021787853264579997922267829
0.000975135213470799001173050513
0.000928436592657719489754541975
0.000881694192900425699997712936
0.000834910218360318773060668729
0.000788086875190934172188961249
0.000741226371449086652611060178
0.000694330917013930991495140876
0.000647402723521282104542085012
0.000600444004322982292747024058
0.000553456974493109384038991294
0.000506443850923271599029362733
0.000459406852596138748703880061
0.000412348201238688625864386994
0.000365270122843489183049603408
0.000318174851354237331595847804
0.000271064638365916339875216767
0.000223941782047040125738432415
0.000176808730162477767237916293
0.000129668556701515146891909303
0.000082528323578706411461740344
0.000035453906627571446453974641
