0.000822212247446462199916561442
0.001887320190271185582631119360
0.002958718171155591807747198274
0.004031537339917365056485287766
0.005104895598788831805048271661
0.006178514724665466924247159142
0.007252279637974254518362204891
0.008326134210998831913785878100
0.009400047830439380372458124668
0.010474002387396848592904241571
0.011547986487555131351889770031
0.012621992604369438456535235105
0.013696015566900407445238840864
0.014770051705421685661612229978
0.015844098343649314769576719186
0.016918153483958534716302679612
0.017992215605136266387553689583
0.019066283528375228828455334451
0.020140356326082489019091426030
0.021214433258356753947415640482
0.022288513727807296449512364234
0.023362597246822984498049180502
0.024436683413467559511378368597
0.025510771893455023301422457394
0.026584862406493291187015159949
0.027658954715806836899272269648
0.028733048620008312667994943013
0.029807143946724703326145444748
0.030881240547554741904257014085
0.031955338294042047453391575118
0.033029437074433114218674489848
0.034103536791047946163946136267
0.035177637358133131972870444315
0.036251738700094696121745130313
0.037325840750037232729230396444
0.038399943448547690927341591305
0.039474046742677793009335118768
0.040548150585087233688241781238
0.041622254933321826964043310682
0.042696359749197478061777388803
0.043770464998277448798180699896
0.044844570649422904606851147946
0.045918676674407930826671275781
0.046992783047586438038845102483
0.048066889745603656736161468643
0.049140996747146406531392415218
0.050215104032724104665685871396
0.051289211584478681948962019987
0.052363319386016543566242376073
0.053437427422261471465780857670
0.054511535679325415215679129233
0.055585644144393028809325585371
0.056659752805620362814398305318
0.057733861652044513035342276908
0.058807970673503094649614553191
0.059882079860562341389051965734
0.060956189204452990160199021830
0.062030298697013139253009228469
0.063104408330635866630764496676
0.064178518098223225063492236586
0.065252627993144365903255277317
0.066326738009197597212285302248
0.067400848140576147260460970756
0.068474958381837272569647723230
0.069549068727874266415689419318
0.070623179173890535120783340517
0.071697289715376949503777836981
0.072771400348089904097648172865
0.073845511068032679280470631511
0.074919621871437275251182086322
0.075993732754748646862630323540
0.077067843714609396421622022899
0.078141954747846520401566294822
0.079216065851458766777781761448
0.080290177022605491163886881623
0.081364288258595304781373158676
0.082438399556877137164256907909
0.083512510915030813141157750579
0.084586622330758615140311462710
0.085660733801878163884424566277
0.086734845326314549684987298406
0.087808956902094212337850365202
0.088883068527338821018801695573
0.089957180200259417857111543526
0.091031291919151213765104557751
0.092105403682388634067912391856
0.093179515488420724955709317783
0.094253627335767156680823575243
0.095327739223013976954668180497
0.096401851148809863945032816446
0.097475963111862823362585572795
0.098550075110937093714191803429
0.099624187144849718489325596238
0.100698299212468020402688750892
0.101772411312706964614527294088
0.102846523444526480317584571367
0.103920635606929198657688573348
0.104994747798958371065580763570
0.106068860019695704322018059429
0.107142972268259487056418777229
0.108217084543802744001084192860
0.109291196845511431878783525917
0.110365309172603093257336581701
0.111439421524325038559410927519
0.112513533899953194206133844091
0.113587646298790312382465117480
0.114661758720165318781170071816
0.115735871163431688901646055001
0.116809983627966310071322197928
0.117884096113168565511664098722
0.118958208618459418404178506989
0.120032321143279913089330079856
0.121106433687091036288663303822
0.122180546249372218303719250798
0.123254658829620805660098881162
0.124328771427351381095860460846
0.125402884042094653338494936179
0.126476996673397207304745393230
0.127551109320820449388733663909
0.128625221983940191128326091530
0.129699334662346149604772449493
0.130773447355641059264286241159
0.131847560063440505384591006077
0.132921672785372008140925004227
0.133995785521074828317011906620
0.135069898270199550971426560864
0.136144011032407252770326522295
0.137218123807369501987452053982
0.138292236594767692370311351624
0.139366349394292876606726849786
0.140440462205645072435444831171
0.141514575028533290401711042250
0.142588687862674867723455918167
0.143662800707795357268992120225
0.144736913563628194490107148340
0.145811026429914308844004722232
0.146885139306401846237548625140
0.147959252192846169027262703821
0.149033365089009106618789246568
0.150107477994659205267069523870
0.151181590909571200720407091467
0.152255703833525796175862865312
0.153329816766309717790406352833
0.154403929707715048547100877840
0.155478042657539533566435352441
0.156552155615585969483660733204
0.157626268581662259959941252419
0.158700381555581221393325108693
0.159774494537160360874139541920
0.160848607526221654140385908249
0.161922720522591462311012833197
0.162996833526100504130340596021
0.164070946536583467390002510911
0.165145059553879036684520542622
0.166219172577829754633427228327
0.167293285608281799836660752590
0.168367398645084959118989331728
0.169441511688092405485406288790
0.170515624737160670365554437922
0.171589737792149615858150468739
0.172663850852922129419653174409
0.173737963919344068353112220393
0.174812076991284343074894991332
0.175886190068614584047779203502
0.176960303151209225047679751697
0.178034416238945281119043784201
0.179108529331702320819275087160
0.180182642429362493974309700207
0.181256755531810226367284144544
0.182330868638932386271989116722
0.183404981750617951385962101085
0.184479094866758203119516679180
0.185553207987246393528835142206
0.186627321111977995116149031674
0.187701434240850256740529289345
0.188775547373762397906915566637
0.189849660510615636521691840244
0.190923773651312772559052177712
0.191997886795758410105605662466
0.193071999943858846338073931292
0.194146113095522016012139943086
0.195220226250657463706872363218
0.196294339409176094024545022876
0.197368452570990421390817459724
0.198442565736014348010129992872
0.199516678904163136110128107248
0.200590792075353407941662453595
0.201664905249503034756486385959
0.202739018426531192318407192943
0.203813131606358194369832403936
0.204887244788905575898496636000
0.205961357974095954359583515725
0.207035471161852974164574447968
0.208109584352101473214702309633
0.209183697544767205345195293376
0.210257810739776979103154985751
0.211331923937058407947375826552
0.212406037136540104537374418214
0.213480150338151569711087063297
0.214554263541823164729294148856
0.215628376747485944742166452670
0.216702489955071880833870068273
0.217776603164513637977961479919
0.218850716375744575037387562588
0.219924829588698800275636813240
0.220998942803311060334436888297
0.222073056019516684722603372393
0.223147169237251752349493472138
0.224221282456452869480401091096
0.225295395677057030958678751631
0.226369508899002036539371829349
0.227443622122225963533281856144
0.228517735346667527629449523374
0.229591848572265833094974141204
0.230665961798960428286164869860
0.231740075026691277892965104002
0.232814188255398679672225625836
0.233888301485023375470007067634
0.234962414715506440199277449210
0.236036527946789170817609715414
0.237110641178813225105059814268
0.238184754411520593908591081345
0.239258867644853434608620545987
0.240332980878754182141321393829
0.241407094113165410220744888647
0.242481207348029970116698450511
0.243555320583290796365716346372
0.244629433818891045548937768217
0.245703547054773902003077523659
0.246777660290882799865030960973
0.247851773527161117760542197175
0.248925886763552345337657811797
0.250000000000000000000000000000
0.251074113236447682417917803832
0.252148226472838909995033418454
0.253222339709117227890544654656
0.254296452945226125752498091970
0.255370566181108982206637847412
0.256444679416709231389859269257
0.257518792651970085394452780747
0.258592905886834589779255111353
0.259667019121245845614254221800
0.260741132355146565391379454013
0.261815245588479406091408918655
0.262889358821186802650515801361
0.263963472053210912449117131473
0.265037585284493615311873782048
0.266111698514976680041144163624
0.267185811744601320327774374164
0.268259924973308749862610511627
0.269334038201039571713835130140
0.270408151427734166905025858796
0.271482264653332472370550476626
0.272556377877774091977869375114
0.273630491100998018971779401909
0.274704604322942969041321248369
0.275778717543547158275174524533
0.276852830762748247650506527862
0.277926943980483343032972243236
0.279001057196688995176714342961
0.280075170411301255235514418018
0.281149283624255452718188053041
0.282223396835486362022038520081
0.283297510044928146921705547356
0.284371623252514083013409162959
0.285445736458176890781857082402
0.286519849661848458044488552332
0.287593962863459950973776813044
0.288668076062941647563775404706
0.289742189260223048652420629878
0.290816302455232822410380322253
0.291890415647898582296448921625
0.292964528838147053591001167661
0.294038642025904128907143331162
0.295112755211094424101503364000
0.296186868393641833385743211693
0.297260981573468807681592807057
0.298335094750496965243513614041
0.299409207924646592058337546405
0.300483321095836863889871892752
0.301557434263985679745445622757
0.302631547429009606364758155905
0.303705660590823933731030592753
0.304779773749342564048703252411
0.305853886904477956232284441285
0.306928000056141181417501684336
0.308002113204241645405545568792
0.309076226348687255196523437917
0.310150339489384418989459391014
0.311224452626237657604235664621
0.312298565759149771015046326283
0.313372678888022004883850968326
0.314446792012753606471164857794
0.315520905133241880147210167706
0.316595018249382076369613514544
0.317669131361067669239162114536
0.318743244468189801388291471085
0.319817357570637506025690299793
0.320891470668297706936300528469
0.321965583761054774392107447056
0.323039696848790802707895863932
0.324113809931385443707796412127
0.325187923008715629169529393039
0.326262036080655959402463395236
0.327336149147077926091498056849
0.328410262207850411897425146890
0.329484375262839357390021177707
0.330558488311907650025744942468
0.331632601354915068636586283901
0.332706714391718227918914863039
0.333780827422170300877724002930
0.334854940446120963315479457378
0.335929053463416560365573104718
0.337003166473899495869659403979
0.338077279477408565444562782432
0.339151392473778345859614091751
0.340225505462839750148162920595
0.341299618444418806362250506936
0.342373731418337767795634363210
0.343447844384414113783066113683
0.344521957342460549700291494446
0.345596070292285006964050353417
0.346670183233690365476320494054
0.347744296166474231579712750317
0.348818409090428827035168524162
0.349892522005340822488506091759
0.350966634910990893381210753432
0.352040747807153830972737296179
0.353114860693598209273602606117
0.354188973570085774422722124655
0.355263086436371833265468467289
0.356337199292204642731007879775
0.357411312137325132276544081833
0.358485424971466792865015804637
0.359559537794354955320130784457
0.360633650605707234415575612729
0.361707763405232307629688648376
0.362781876192630525768123561647
0.363855988967592747229673477705
0.364930101729800449028573439136
0.366004214478925227194139324638
0.367078327214628019614650611402
0.368152439936559494615408993923
0.369226552644358996246864990098
0.370300665337653878150803166136
0.371374778016059836627249524099
0.372448890679179578366841951720
0.373523003326602820450830222399
0.374597115957905402172656295079
0.375671228572648618904139539154
0.376745341170379222095476734467
0.377819453750627809451856364831
0.378893566312908991466912311807
0.379967678856720114666245535773
0.381041791381540595473609300825
0.382115903886831476121699324722
0.383190016372033759317616841145
0.384264128836568352731717368442
0.385338241279834736729981159442
0.386412353701209687617534882520
0.387486466100046889060593002796
0.388560578475675044707315919368
0.389634690827396934498239033928
0.390708803154488581999004281897
0.391782915456197311510067038398
0.392857027731740526821369030586
0.393931139980304378944708787458
0.395005252201041656689994852059
0.396079364393070787464523618837
0.397153476555473561315778852077
0.398227588687293021507684898097
0.399301700787531965719523441294
0.400375812855150337021825635020
0.401449924889062947919171620015
0.402524036888137204392990042834
0.403598148851190163810542799183
0.404672260776986092434270858575
0.405746372664232801685813001313
0.406820484511579316677654105661
0.407894596317611379809875415958
0.408968708080848786234895442249
0.410042819799740609898464072103
0.411116931472661206736773920056
0.412191043097905829295513058241
0.413265154673685464192800509409
0.414339266198121891626726664981
0.415413377669241412615264152919
0.416487489084969242369993480679
0.417561600443122848957955284277
0.418635711741404736851990264768
0.419709822977394564347264349635
0.420783934148541260977793854181
0.421858045252153535109584936436
0.422932156285390603578377977101
0.424006267245251367015157484275
0.425080378128562752504393529307
0.426154488931967390108468407561
0.427228599651910123657927442764
0.428302710284623078251797778648
0.429376820826109506512580082926
0.430450931272125802973249619754
0.431525041618162741308140084584
0.432599151859423880495114644873
0.433673261990802472176653736824
0.434747372006855647974532530498
0.435821481901776830447658994672
0.436895591669364202758174542396
0.437969701302986846869202963717
0.439043810795547051473164401614
0.440117920139437679427629745987
0.441192029326496926167067158531
0.442266138347955528598021146536
0.443340247194379644124495598589
0.444414355855607012824037838072
0.445488464320674626417684294211
0.446562572577738514656431334515
0.447636680613983428678182008298
0.448710788415521311112144076105
0.449784895967275943906571455955
0.450859003252853662857546623854
0.451933110254396364080520243078
0.453007216952413582777836609239
0.454081323325592145501161667198
0.455155429350577123148724467683
0.456229535001722585896288819640
0.457303640250802556632692130734
0.458377745066678221608214016669
0.459451849414912794067333834391
0.460525953257322206990664881232
0.461600056551452364583809639953
0.462674159249962746454087891834
0.463748261299905373267193908760
0.464822362641866937416068594757
0.465896463208952116286098998899
0.466970562925566878842431606245
0.468044661705957987241077944418
0.469118759452445299729106409359
0.470192856053275376471134450185
0.471266951379991694270898960895
0.472341045284193239428560673332
0.473415137593506729629666551773
0.474489228106544980168024494560
0.475563316586532502938666766568
0.476637402753177064074208146849
0.477711486272192731306063251395
0.478785566741643242583137407564
0.479859643673917535267037237645
0.480933716471624805866014185085
0.482007784394863747490234118231
0.483081846516041468753144272341
0.484155901656350751149915367932
0.485229948294578328216175577836
0.486303984433099634188124582579
0.487378007395630585829593428571
0.488452013512444938037049269042
0.489525997612603180897394850035
0.490599952169560649117840966937
0.491673865789001185433448881668
0.492747720362025798390703812402
0.493821485275334537412561530800
0.494895104401211205491506461840
0.495968462660082654025472947978
0.497041281828844383472443269056
0.498112679809728842172944496269
0.499177787752553558942025802025
0.000000000000000000000000000000
0.001075268817204301074336170174
0.002150537634408602148672340348
0.003225806451612903223008510523
0.004301075268817204297344680697
0.005376344086021505805361719865
0.006451612903225806446017021045
0.007526881720430108821395798202
0.008602150537634408594689361394
0.009677419354838710102706400562
0.010752688172043011610723439730
0.011827956989247313118740478899
0.012903225806451612892034042090
0.013978494623655914400051081259
0.015053763440860217642791596404
0.016129032258064519150808635573
0.017204301075268817189378722787
0.018279569892473118697395761956
0.019354838709677420205412801124
0.020430107526881721713429840293
0.021505376344086023221446879461
0.022580645161290324729463918629
0.023655913978494626237480957798
0.024731182795698924276051045013
0.025806451612903225784068084181
0.026881720430107530761532075303
0.027956989247311828800102162518
0.029032258064516133777566153640
0.030107526881720435285583192808
0.031182795698924733324153280023
0.032258064516129038301617271145
0.033333333333333332870740406406
0.034408602150537634378757445575
0.035483870967741935886774484743
0.036559139784946237394791523911
0.037634408602150538902808563080
0.038709677419354840410825602248
0.039784946236559141918842641417
0.040860215053763443426859680585
0.041935483870967744934876719753
0.043010752688172046442893758922
0.044086021505376347950910798090
0.045161290322580649458927837259
0.046236559139784950966944876427
0.047311827956989252474961915595
0.048387096774193547044085050857
0.049462365591397848552102090025
0.050537634408602150060119129193
0.051612903225806451568136168362
0.052688172043010760015047111438
0.053763440860215061523064150606
0.054838709677419356092187285867
0.055913978494623657600204325036
0.056989247311827952169327460297
0.058064516129032267555132307280
0.059139784946236569063149346448
0.060215053763440870571166385616
0.061290322580645172079183424785
0.062365591397849466648306560046
0.063440860215053768156323599214
0.064516129032258076603234542290
0.065591397849462371172357677551
0.066666666666666665741480812812
0.067741935483870974188391755888
0.068817204301075268757514891149
0.069892473118279577204425834225
0.070967741935483871773548969486
0.072043010752688180220459912562
0.073118279569892474789583047823
0.074193548387096783236493990898
0.075268817204301077805617126160
0.076344086021505372374740261421
0.077419354838709680821651204496
0.078494623655913975390774339758
0.079569892473118283837685282833
0.080645161290322592284596225909
0.081720430107526886853719361170
0.082795698924731195300630304246
0.083870967741935489869753439507
0.084946236559139798316664382583
0.086021505376344092885787517844
0.087096774193548401332698460919
0.088172043010752695901821596181
0.089247311827956990470944731442
0.090322580645161298917855674517
0.091397849462365593486978809779
0.092473118279569901933889752854
0.093548387096774196503012888115
0.094623655913978504949923831191
0.095698924731182799519046966452
0.096774193548387094088170101713
0.097849462365591402535081044789
0.098924731182795697104204180050
0.100000000000000005551115123126
0.101075268817204300120238258387
0.102150537634408608567149201463
0.103225806451612903136272336724
0.104301075268817211583183279799
0.105376344086021520030094222875
0.106451612903225814599217358136
0.107526881720430123046128301212
0.108602150537634403737463628659
0.109677419354838712184374571734
0.110752688172043006753497706995
0.111827956989247315200408650071
0.112903225806451609769531785332
0.113978494623655904338654920593
0.115053763440860240541141479298
0.116129032258064535110264614559
0.117204301075268829679387749820
0.118279569892473138126298692896
0.119354838709677432695421828157
0.120430107526881741142332771233
0.121505376344086035711455906494
0.122580645161290344158366849570
0.123655913978494638727489984831
0.124731182795698933296613120092
0.125806451612903241743524063168
0.126881720430107536312647198429
0.127956989247311830881770333690
0.129032258064516153206469084580
0.130107526881720447775592219841
0.131182795698924742344715355102
0.132258064516129036913838490364
0.133333333333333331482961625625
0.134408602150537653807660376515
0.135483870967741948376783511776
0.136559139784946242945906647037
0.137634408602150537515029782298
0.138709677419354859839728533188
0.139784946236559154408851668450
0.140860215053763448977974803711
0.141935483870967743547097938972
0.143010752688172038116221074233
0.144086021505376360440919825123
0.145161290322580655010042960384
0.146236559139784949579166095646
0.147311827956989244148289230907
0.148387096774193566472987981797
0.149462365591397861042111117058
0.150537634408602155611234252319
0.151612903225806450180357387580
0.152688172043010744749480522842
0.153763440860215067074179273732
0.154838709677419361643302408993
0.155913978494623656212425544254
0.156989247311827950781548679515
0.158064516129032245350671814776
0.159139784946236567675370565667
0.160215053763440862244493700928
0.161290322580645184569192451818
0.162365591397849479138315587079
0.163440860215053773707438722340
0.164516129032258096032137473230
0.165591397849462390601260608491
0.166666666666666685170383743753
0.167741935483870979739506879014
0.168817204301075302064205629904
0.169892473118279596633328765165
0.170967741935483891202451900426
0.172043010752688185771575035687
0.173118279569892480340698170949
0.174193548387096802665396921839
0.175268817204301097234520057100
0.176344086021505391803643192361
0.177419354838709686372766327622
0.178494623655913980941889462883
0.179569892473118303266588213774
0.180645161290322597835711349035
0.181720430107526892404834484296
0.182795698924731186973957619557
0.183870967741935509298656370447
0.184946236559139803867779505708
0.186021505376344098436902640969
0.187096774193548393006025776231
0.188172043010752687575148911492
0.189247311827957009899847662382
0.190322580645161304468970797643
0.191397849462365599038093932904
0.192473118279569893607217068165
0.193548387096774188176340203427
0.194623655913978510501038954317
0.195698924731182805070162089578
0.196774193548387099639285224839
0.197849462365591394208408360100
0.198924731182795716533107110990
0.200000000000000011102230246252
0.201075268817204305671353381513
0.202150537634408600240476516774
0.203225806451612894809599652035
0.204301075268817217134298402925
0.205376344086021511703421538186
0.206451612903225806272544673448
0.207526881720430128597243424338
0.208602150537634423166366559599
0.209677419354838745491065310489
0.210752688172043040060188445750
0.211827956989247334629311581011
0.212903225806451629198434716272
0.213978494623655923767557851534
0.215053763440860246092256602424
0.216129032258064540661379737685
0.217204301075268807474927257317
0.218279569892473129799626008207
0.219354838709677424368749143468
0.220430107526881746693447894359
0.221505376344086013506995413991
0.222580645161290335831694164881
0.223655913978494630400817300142
0.224731182795698952725516051032
0.225806451612903219539063570664
0.226881720430107541863762321555
0.227956989247311808677309841187
0.229032258064516158757584207706
0.230107526881720481082282958596
0.231182795698924747895830478228
0.232258064516129070220529229118
0.233333333333333337034076748751
0.234408602150537659358775499641
0.235483870967741953927898634902
0.236559139784946276252597385792
0.237634408602150543066144905424
0.238709677419354865390843656314
0.239784946236559159959966791575
0.240860215053763482284665542466
0.241935483870967749098213062098
0.243010752688172071422911812988
0.244086021505376365992034948249
0.245161290322580688316733699139
0.246236559139784955130281218771
0.247311827956989277454979969662
0.248387096774193544268527489294
0.249462365591397866593226240184
0.250537634408602161162349375445
0.251612903225806483487048126335
0.252688172043010750300595645967
0.253763440860215072625294396857
0.254838709677419339438841916490
0.255913978494623661763540667380
0.256989247311827984088239418270
0.258064516129032306412938169160
0.259139784946236573226485688792
0.260215053763440895551184439682
0.261290322580645162364731959315
0.262365591397849484689430710205
0.263440860215053751502978229837
0.264516129032258073827676980727
0.265591397849462340641224500359
0.266666666666666662965923251249
0.267741935483870985290622002140
0.268817204301075307615320753030
0.269892473118279574428868272662
0.270967741935483896753567023552
0.272043010752688163567114543184
0.273118279569892485891813294074
0.274193548387096752705360813707
0.275268817204301075030059564597
0.276344086021505397354758315487
0.277419354838709719679457066377
0.278494623655914042004155817267
0.279569892473118308817703336899
0.280645161290322631142402087789
0.281720430107526897955949607422
0.282795698924731220280648358312
0.283870967741935487094195877944
0.284946236559139809418894628834
0.286021505376344076232442148466
0.287096774193548398557140899356
0.288172043010752720881839650247
0.289247311827957043206538401137
0.290322580645161310020085920769
0.291397849462365632344784671659
0.292473118279569899158332191291
0.293548387096774221483030942181
0.294623655913978488296578461814
0.295698924731182810621277212704
0.296774193548387132945975963594
0.297849462365591455270674714484
0.298924731182795722084222234116
0.300000000000000044408920985006
0.301075268817204311222468504639
0.302150537634408633547167255529
0.303225806451612900360714775161
0.304301075268817222685413526051
0.305376344086021489498961045683
0.306451612903225811823659796573
0.307526881720430134148358547463
0.308602150537634456473057298354
0.309677419354838723286604817986
0.310752688172043045611303568876
0.311827956989247312424851088508
0.312903225806451634749549839398
0.313978494623655901563097359031
0.315053763440860223887796109921
0.316129032258064490701343629553
0.317204301075268868537193611701
0.318279569892473135350741131333
0.319354838709677457675439882223
0.320430107526881724488987401855
0.321505376344086046813686152746
0.322580645161290369138384903636
0.323655913978494635951932423268
0.324731182795698958276631174158
0.325806451612903225090178693790
0.326881720430107547414877444680
0.327956989247311869739576195570
0.329032258064516192064274946461
0.330107526881720458877822466093
0.331182795698924781202521216983
0.332258064516129048016068736615
0.333333333333333370340767487505
0.334408602150537637154315007137
0.335483870967741959479013758028
0.336559139784946226292561277660
0.337634408602150604128411259808
0.338709677419354870941958779440
0.339784946236559193266657530330
0.340860215053763460080205049962
0.341935483870967782404903800852
0.343010752688172049218451320485
0.344086021505376371543150071375
0.345161290322580638356697591007
0.346236559139784960681396341897
0.347311827956989283006095092787
0.348387096774193605330793843677
0.349462365591397872144341363310
0.350537634408602194469040114200
0.351612903225806461282587633832
0.352688172043010783607286384722
0.353763440860215050420833904354
0.354838709677419372745532655244
0.355913978494623639559080174877
0.356989247311827961883778925767
0.358064516129032284208477676657
0.359139784946236606533176427547
0.360215053763440873346723947179
0.361290322580645195671422698069
0.362365591397849462484970217702
0.363440860215053784809668968592
0.364516129032258051623216488224
0.365591397849462373947915239114
0.366666666666666640761462758746
0.367741935483871018597312740894
0.368817204301075340922011491784
0.369892473118279607735559011417
0.370967741935483930060257762307
0.372043010752688196873805281939
0.373118279569892519198504032829
0.374193548387096786012051552461
0.375268817204301108336750303351
0.376344086021505375150297822984
0.377419354838709697474996573874
0.378494623655914019799695324764
0.379569892473118342124394075654
0.380645161290322608937941595286
0.381720430107526931262640346176
0.382795698924731198076187865809
0.383870967741935520400886616699
0.384946236559139787214434136331
0.386021505376344109539132887221
0.387096774193548376352680406853
0.388172043010752754188530389001
0.389247311827957021002077908634
0.390322580645161343326776659524
0.391397849462365610140324179156
0.392473118279569932465022930046
0.393548387096774199278570449678
0.394623655913978521603269200568
0.395698924731182788416816720201
0.396774193548387110741515471091
0.397849462365591433066214221981
0.398924731182795755390912972871
0.400000000000000022204460492503
0.401075268817204344529159243393
0.402150537634408611342706763025
0.403225806451612933667405513916
0.404301075268817200480953033548
0.405376344086021522805651784438
0.406451612903225789619199304070
0.407526881720430111943898054960
0.408602150537634434268596805850
0.409677419354838756593295556740
0.410752688172043023406843076373
0.411827956989247345731541827263
0.412903225806451612545089346895
0.413978494623655934869788097785
0.415053763440860257194486848675
0.416129032258064524008034368308
0.417204301075268846332733119198
0.418279569892473168657431870088
0.419354838709677490982130620978
0.420430107526881757795678140610
0.421505376344086080120376891500
0.422580645161290346933924411132
0.423655913978494669258623162023
0.424731182795698936072170681655
0.425806451612903258396869432545
0.426881720430107525210416952177
0.427956989247311847535115703067
0.429032258064516169859814453957
0.430107526881720492184513204847
0.431182795698924758998060724480
0.432258064516129081322759475370
0.433333333333333348136306995002
0.434408602150537614949854514634
0.435483870967741992785704496782
0.436559139784946259599252016415
0.437634408602150581923950767305
0.438709677419354848737498286937
0.439784946236559226573348269085
0.440860215053763493386895788717
0.441935483870967760200443308349
0.443010752688172027013990827982
0.444086021505376404849840810130
0.445161290322580671663388329762
0.446236559139784938476935849394
0.447311827956989260801634600284
0.448387096774193583126333351174
0.449462365591397905451032102064
0.450537634408602172264579621697
0.451612903225806439078127141329
0.452688172043010816913977123477
0.453763440860215083727524643109
0.454838709677419350541072162741
0.455913978494623617354619682374
0.456989247311827995190469664522
0.458064516129032317515168415412
0.459139784946236584328715935044
0.460215053763440962164565917192
0.461290322580645228978113436824
0.462365591397849495791660956456
0.463440860215053762605208476089
0.464516129032258140441058458237
0.465591397849462407254605977869
0.466666666666666674068153497501
0.467741935483870996392852248391
0.468817204301075318717550999281
0.469892473118279641042249750171
0.470967741935483907855797269804
0.472043010752688174669344789436
0.473118279569892552505194771584
0.474193548387096819318742291216
0.475268817204301086132289810848
0.476344086021505352945837330481
0.477419354838709730781687312628
0.478494623655914053106386063519
0.479569892473118319919933583151
0.480645161290322586733481102783
0.481720430107526964569331084931
0.482795698924731231382878604563
0.483870967741935498196426124196
0.484946236559139765009973643828
0.486021505376344142845823625976
0.487096774193548409659371145608
0.488172043010752731984069896498
0.489247311827956998797617416130
0.490322580645161376633467398278
0.491397849462365643447014917911
0.492473118279569910260562437543
0.493548387096774177074109957175
0.494623655913978554909959939323
0.495698924731182821723507458955
0.496774193548387088537054978588
0.497849462365591410861753729478
0.498924731182795733186452480368
0.500000000000000000000000000000
0.501075268817204322324698750890
0.502150537634408644649397501780
0.503225806451612966974096252670
0.504301075268817289298795003560
0.505376344086021500601191291935
0.506451612903225933948192505341
0.507526881720430145250588793715
0.508602150537634467575287544605
0.509677419354838678877683832980
0.510752688172043112224685046385
0.511827956989247323527081334760
0.512903225806451645851780085650
0.513978494623655968176478836540
0.515053763440860290501177587430
0.516129032258064612825876338320
0.517204301075268824128272626695
0.518279569892473146452971377585
0.519354838709677468777670128475
0.520430107526881791102368879365
0.521505376344086002404765167739
0.522580645161290324729463918629
0.523655913978494647054162669519
0.524731182795698969378861420410
0.525806451612903291703560171300
0.526881720430107503005956459674
0.527956989247311936352957673080
0.529032258064516147655353961454
0.530107526881720469980052712344
0.531182795698924681282449000719
0.532258064516129114629450214125
0.533333333333333325931846502499
0.534408602150537648256545253389
0.535483870967741970581244004279
0.536559139784946292905942755169
0.537634408602150615230641506059
0.538709677419354826533037794434
0.539784946236559148857736545324
0.540860215053763471182435296214
0.541935483870967793507134047104
0.543010752688172115831832797994
0.544086021505376327134229086369
0.545161290322580760481230299774
0.546236559139784971783626588149
0.547311827956989294108325339039
0.548387096774193505410721627413
0.549462365591397938757722840819
0.550537634408602150060119129193
0.551612903225806472384817880084
0.552688172043010794709516630974
0.553763440860215117034215381864
0.554838709677419439358914132754
0.555913978494623650661310421128
0.556989247311828084008311634534
0.558064516129032295310707922908
0.559139784946236617635406673799
0.560215053763440828937802962173
0.561290322580645262284804175579
0.562365591397849473587200463953
0.563440860215053795911899214843
0.564516129032258118236597965733
0.565591397849462440561296716623
0.566666666666666762885995467514
0.567741935483870974188391755888
0.568817204301075296513090506778
0.569892473118279618837789257668
0.570967741935483941162488008558
0.572043010752688152464884296933
0.573118279569892474789583047823
0.574193548387096797114281798713
0.575268817204301119438980549603
0.576344086021505441763679300493
0.577419354838709653066075588868
0.578494623655914086413076802273
0.579569892473118297715473090648
0.580645161290322620040171841538
0.581720430107526831342568129912
0.582795698924731264689569343318
0.583870967741935475991965631692
0.584946236559139798316664382583
0.586021505376344120641363133473
0.587096774193548442966061884363
0.588172043010752765290760635253
0.589247311827956976593156923627
0.590322580645161298917855674517
0.591397849462365621242554425407
0.592473118279569943567253176298
0.593548387096774265891951927188
0.594623655913978477194348215562
0.595698924731182910541349428968
0.596774193548387121843745717342
0.597849462365591444168444468232
0.598924731182795766493143219122
0.600000000000000088817841970013
0.601075268817204300120238258387
0.602150537634408622444937009277
0.603225806451612944769635760167
0.604301075268817267094334511057
0.605376344086021589419033261947
0.606451612903225800721429550322
0.607526881720430234068430763728
0.608602150537634445370827052102
0.609677419354838767695525802992
0.610752688172042978997922091366
0.611827956989247412344923304772
0.612903225806451623647319593147
0.613978494623655945972018344037
0.615053763440860268296717094927
0.616129032258064590621415845817
0.617204301075268912946114596707
0.618279569892473124248510885081
0.619354838709677446573209635972
0.620430107526881768897908386862
0.621505376344086091222607137752
0.622580645161290302525003426126
0.623655913978494624849702177016
0.624731182795698947174400927906
0.625806451612903269499099678796
0.626881720430107591823798429687
0.627956989247311803126194718061
0.629032258064516236473195931467
0.630107526881720447775592219841
0.631182795698924770100290970731
0.632258064516128981402687259106
0.633333333333333414749688472511
0.634408602150537737074387223402
0.635483870967741948376783511776
0.636559139784946270701482262666
0.637634408602150593026181013556
0.638709677419354915350879764446
0.639784946236559126653276052821
0.640860215053763448977974803711
0.641935483870967771302673554601
0.643010752688172093627372305491
0.644086021505376415952071056381
0.645161290322580738276769807271
0.646236559139785060601468558161
0.647311827956989271903864846536
0.648387096774193594228563597426
0.649462365591397916553262348316
0.650537634408602238877961099206
0.651612903225806450180357387580
0.652688172043010772505056138471
0.653763440860215094829754889361
0.654838709677419417154453640251
0.655913978494623739479152391141
0.656989247311827950781548679515
0.658064516129032384128549892921
0.659139784946236595430946181295
0.660215053763440917755644932186
0.661290322580645129058041220560
0.662365591397849562405042433966
0.663440860215053773707438722340
0.664516129032258096032137473230
0.665591397849462418356836224120
0.666666666666666740681534975010
0.667741935483871063006233725901
0.668817204301075274308630014275
0.669892473118279596633328765165
0.670967741935483918958027516055
0.672043010752688241282726266945
0.673118279569892452585122555320
0.674193548387096774909821306210
0.675268817204301208256822519616
0.676344086021505419559218807990
0.677419354838709741883917558880
0.678494623655913953186313847254
0.679569892473118386533315060660
0.680645161290322597835711349035
0.681720430107526920160410099925
0.682795698924731131462806388299
0.683870967741935564809807601705
0.684946236559139887134506352595
0.686021505376344098436902640969
0.687096774193548420761601391860
0.688172043010752743086300142750
0.689247311827957065410998893640
0.690322580645161276713395182014
0.691397849462365710060396395420
0.692473118279569921362792683794
0.693548387096774243687491434684
0.694623655913978566012190185575
0.695698924731182888336888936465
0.696774193548387210661587687355
0.697849462365591421963983975729
0.698924731182795744288682726619
0.700000000000000066613381477509
0.701075268817204388938080228399
0.702150537634408600240476516774
0.703225806451612922565175267664
0.704301075268817244889874018554
0.705376344086021567214572769444
0.706451612903225889539271520334
0.707526881720430100841667808709
0.708602150537634534188669022114
0.709677419354838745491065310489
0.710752688172043067815764061379
0.711827956989247279118160349753
0.712903225806451712465161563159
0.713978494623655923767557851534
0.715053763440860246092256602424
0.716129032258064568416955353314
0.717204301075268890741654104204
0.718279569892473213066352855094
0.719354838709677424368749143468
0.720430107526881746693447894359
0.721505376344086069018146645249
0.722580645161290391342845396139
0.723655913978494602645241684513
0.724731182795698924969940435403
0.725806451612903358316941648809
0.726881720430107569619337937183
0.727956989247311891944036688074
0.729032258064516103246432976448
0.730107526881720536593434189854
0.731182795698924747895830478228
0.732258064516129070220529229118
0.733333333333333281522925517493
0.734408602150537714869926730898
0.735483870967742037194625481789
0.736559139784946248497021770163
0.737634408602150681844022983569
0.738709677419354893146419271943
0.739784946236559215471118022833
0.740860215053763426773514311208
0.741935483870967860120515524613
0.743010752688172071422911812988
0.744086021505376393747610563878
0.745161290322580716072309314768
0.746236559139785038397008065658
0.747311827956989360721706816548
0.748387096774193572024103104923
0.749462365591397894348801855813
0.750537634408602216673500606703
0.751612903225806538998199357593
0.752688172043010750300595645967
0.753763440860215072625294396857
0.754838709677419394949993147748
0.755913978494623717274691898638
0.756989247311828039599390649528
0.758064516129032250901786937902
0.759139784946236684248788151308
0.760215053763440895551184439682
0.761290322580645217875883190572
0.762365591397849429178279478947
0.763440860215053862525280692353
0.764516129032258073827676980727
0.765591397849462396152375731617
0.766666666666666718477074482507
0.767741935483871040801773233397
0.768817204301075363126471984287
0.769892473118279574428868272662
0.770967741935483896753567023552
0.772043010752688219078265774442
0.773118279569892541402964525332
0.774193548387096752705360813707
0.775268817204301075030059564597
0.776344086021505508377060778002
0.777419354838709719679457066377
0.778494623655914042004155817267
0.779569892473118253306552105641
0.780645161290322686653553319047
0.781720430107526897955949607422
0.782795698924731220280648358312
0.783870967741935542605347109202
0.784946236559139864930045860092
0.786021505376344187254744610982
0.787096774193548398557140899356
0.788172043010752831904142112762
0.789247311827957043206538401137
0.790322580645161365531237152027
0.791397849462365576833633440401
0.792473118279570010180634653807
0.793548387096774221483030942181
0.794623655913978543807729693071
0.795698924731182866132428443962
0.796774193548387188457127194852
0.797849462365591510781825945742
0.798924731182795722084222234116
0.800000000000000044408920985006
0.801075268817204366733619735896
0.802150537634408689058318486786
0.803225806451612900360714775161
0.804301075268817222685413526051
0.805376344086021545010112276941
0.806451612903225867334811027831
0.807526881720430189659509778721
0.808602150537634400961906067096
0.809677419354838834308907280501
0.810752688172043045611303568876
0.811827956989247367936002319766
0.812903225806451579238398608140
0.813978494623656012585399821546
0.815053763440860223887796109921
0.816129032258064546212494860811
0.817204301075268868537193611701
0.818279569892473190861892362591
0.819354838709677513186591113481
0.820430107526881724488987401855
0.821505376344086046813686152746
0.822580645161290369138384903636
0.823655913978494691463083654526
0.824731182795699013787782405416
0.825806451612903225090178693790
0.826881720430107658437179907196
0.827956989247311869739576195570
0.829032258064516192064274946461
0.830107526881720514388973697351
0.831182795698924836713672448241
0.832258064516129048016068736615
0.833333333333333370340767487505
0.834408602150537692665466238395
0.835483870967742014990164989285
0.836559139784946337314863740175
0.837634408602150548617260028550
0.838709677419354981964261241956
0.839784946236559193266657530330
0.840860215053763515591356281220
0.841935483870967726893752569595
0.843010752688172160240753783000
0.844086021505376371543150071375
0.845161290322580693867848822265
0.846236559139785016192547573155
0.847311827956989338517246324045
0.848387096774193660841945074935
0.849462365591397872144341363310
0.850537634408602194469040114200
0.851612903225806516793738865090
0.852688172043010839118437615980
0.853763440860215050420833904354
0.854838709677419372745532655244
0.855913978494623695070231406135
0.856989247311828017394930157025
0.858064516129032339719628907915
0.859139784946236551022025196289
0.860215053763440984369026409695
0.861290322580645195671422698069
0.862365591397849517996121448959
0.863440860215053729298517737334
0.864516129032258162645518950740
0.865591397849462373947915239114
0.866666666666666696272613990004
0.867741935483871018597312740894
0.868817204301075229899709029269
0.869892473118279552224407780159
0.870967741935483985571408993565
0.872043010752688307896107744455
0.873118279569892519198504032829
0.874193548387096841523202783719
0.875268817204301163847901534609
0.876344086021505375150297822984
0.877419354838709697474996573874
0.878494623655914130821997787280
0.879569892473118453146696538170
0.880645161290322664449092826544
0.881720430107526986773791577434
0.882795698924731198076187865809
0.883870967741935520400886616699
0.884946236559139842725585367589
0.886021505376344054027981655963
0.887096774193548487374982869369
0.888172043010752809699681620259
0.889247311827957132024380371149
0.890322580645161343326776659524
0.891397849462365665651475410414
0.892473118279569876953871698788
0.893548387096774199278570449678
0.894623655913978521603269200568
0.895698924731182954950270413974
0.896774193548387166252666702349
0.897849462365591488577365453239
0.898924731182795810902064204129
0.900000000000000022204460492503
0.901075268817204344529159243393
0.902150537634408555831555531768
0.903225806451612878156254282658
0.904301075268817311503255496064
0.905376344086021633827954246954
0.906451612903225845130350535328
0.907526881720430167455049286218
0.908602150537634489779748037108
0.909677419354838701082144325483
0.910752688172043023406843076373
0.911827956989247234709239364747
0.912903225806451779078543040669
0.913978494623655990380939329043
0.915053763440860312705638079933
0.916129032258064635030336830823
0.917204301075268846332733119198
0.918279569892473168657431870088
0.919354838709677379959828158462
0.920430107526881924329131834384
0.921505376344086135631528122758
0.922580645161290457956226873648
0.923655913978494669258623162023
0.924731182795698991583321912913
0.925806451612903313908020663803
0.926881720430107525210416952177
0.927956989247311847535115703067
0.929032258064516280882116916473
0.930107526881720603206815667363
0.931182795698924814509211955738
0.932258064516129136833910706628
0.933333333333333348136306995002
0.934408602150537670461005745892
0.935483870967741992785704496782
0.936559139784946204088100785157
0.937634408602150637435101998562
0.938709677419354959759800749453
0.939784946236559282084499500343
0.940860215053763493386895788717
0.941935483870967815711594539607
0.943010752688172027013990827982
0.944086021505376349338689578872
0.945161290322580671663388329762
0.946236559139785105010389543168
0.947311827956989316312785831542
0.948387096774193638637484582432
0.949462365591397960962183333322
0.950537634408602172264579621697
0.951612903225806494589278372587
0.952688172043010705891674660961
0.953763440860215028216373411851
0.954838709677419461563374625257
0.955913978494623783888073376147
0.956989247311828106212772127037
0.958064516129032317515168415412
0.959139784946236639839867166302
0.960215053763440851142263454676
0.961290322580645173466962205566
0.962365591397849384769358493941
0.963440860215053929138662169862
0.964516129032258140441058458237
0.965591397849462462765757209127
0.966666666666666785090455960017
0.967741935483870996392852248391
0.968817204301075318717550999281
0.969892473118279530019947287656
0.970967741935484074389250963577
0.972043010752688285691647251952
0.973118279569892608016346002842
0.974193548387096819318742291216
0.975268817204301141643441042106
0.976344086021505463968139792996
0.977419354838709675270536081371
0.978494623655913997595234832261
0.979569892473118430942236045667
0.980645161290322753266934796557
0.981720430107526964569331084931
0.982795698924731286894029835821
0.983870967741935498196426124196
0.984946236559139820521124875086
0.986021505376344142845823625976
0.987096774193548354148219914350
0.988172043010752787495221127756
0.989247311827957109819919878646
0.990322580645161432144618629536
0.991397849462365643447014917911
0.992473118279569965771713668801
0.993548387096774177074109957175
0.994623655913978499398808708065
0.995698924731182821723507458955
0.996774193548387255070508672361
0.997849462365591466372904960735
0.998924731182795788697603711626
0.000034245774829352691867243030
0.000079716131407522159324670341
0.000125250189453616947009989557
0.000170784391107898342841708850
0.000216311988249419428001485421
0.000261830084763335570359477078
0.000307336389387523052467432461
0.000352828755319388866033836205
0.000398305080697239908323753488
0.000443763280656490465697627812
0.000489201277953598811371049848
0.000534616999398879969712661264
0.000580008374380927213542769039
0.000625373334228442262841540789
0.000670709811939261936822309629
0.000716015742081828137320653749
0.000761289060782320320570903949
0.000806527705757037471911985449
0.000851729616369460641907285225
0.000896892733701288246382643532
0.000942015000631973029379673257
0.000987094361922715097037994703
0.001032128764304016121933216255
0.001077116156564949080512438861
0.001122054489643689676597881899
0.001166941716718703381944211017
0.001211775793300439666572154707
0.001256554677323632514956974759
0.001301276329239335963205981272
0.001345938712107258442354784655
0.001390539791688261486712896442
0.001435077536536468779948538810
0.001479549918091742095188623196
0.001523954910771731360505376607
0.001568290492064084969484061283
0.001612554642618500714071338997
0.001656745346338323954596405407
0.001700860590472720200103107224
0.001744898365707939344101951029
0.001788856666258968044699861899
0.001832733489960863566131665792
0.001876526838359767997491123204
0.001920234716803984704666663497
0.001963855134534963492454195944
0.002007386104777657363090748177
0.002050825644831219280589396092
0.002094171776159191311617036035
0.002137422524479785056195080273
0.002180575919855454094381519425
0.002223629996783004630911406707
0.002266582794282792807927240375
0.002309432355988264191914982604
0.002352176730234901286253901276
0.002394813970149247371599354750
0.002437342133737394316711499798
0.002479759283973609167162077682
0.002522063488888531389980895980
0.002564252821657000188521058348
0.002606325360686060060161350904
0.002648279189702269862533023925
0.002690112397839142851369009790
0.002731823079724071939161644806
0.002773409335565078012025841403
0.002814869271237539164604024577
0.002856200998370279388327563908
0.002897402634431530191183590262
0.002938472302815006275550357984
0.002979408132924863186752340027
0.003020208260261368800325687545
0.003060870826505581246412823759
0.003101393979604097957819552889
0.003141775873853154196768677764
0.003182014669983128807989603004
0.003222108535241950157124168896
0.003262055643478770951271261680
0.003301854175226938761800177247
0.003341502317787196831705420763
0.003380998265309888718005426611
0.003420340218877401024938356144
0.003459526386586114343052456022
0.003498554983627999437345579281
0.003537424232371758070492262505
0.003576132362444002857349012459
0.003614677610809821292625620970
0.003653058221853019722075162079
0.003691272447456011261690544956
0.003729318547079787417308782693
0.003767194787842819379830583415
0.003804899444600116746595386275
0.003842430800021823505269180643
0.003879787144671412862928505660
0.003916966777083526890512743535
0.003953968003841617541438413497
0.003990789139654810080415359153
0.004027428507434895749161896106
0.004063884438372670007688647331
0.004100155272013829288457742450
0.004136239356334680400406611511
0.004172135047817425793081902441
0.004207840711524957894029697059
0.004243354721175352471662645115
0.004278675459215881479724252756
0.004313801316896817734936053768
0.004348730694344602951129097335
0.004383462000634660155062860554
0.004417993653864042170875681137
0.004452324081223374072080467556
0.004486451719068463434014759628
0.004520375012991443078314013349
0.004554092417891879122915366196
0.004587602398046796564612392899
0.004620903427180861854084437113
0.004653993988535765763403517781
0.004686872574939303544294677550
0.004719537688874122019488943636
0.004751987842545947124395233629
0.004784221557951180876788743745
0.004816237366944252883127486342
0.004848033811304741994008260519
0.004879609442803466666516154504
0.004910962823268533693210624591
0.004942092524651131926760605495
0.004972997129090050115463039759
0.005003675228976755054444147675
0.005034125427019167826891976603
0.005064346336305488617546277652
0.005094336580367271258285022384
0.005124094793242202003358265472
0.005153619619536193088848996524
0.005182909714485297615615966293
0.005211963744016723243390742937
0.005240780384809817261937414656
0.005269358324356270169286364791
0.005297696261019702555772337149
0.005325792904095318774926326455
0.005353646973868372328786424674
0.005381257201672633855293881311
0.005408622329948048999825882532
0.005435741112298288733872819734
0.005462612313547016845705073251
0.005489234709794611061228764015
0.005515607088473720165389124759
0.005541728248404571323393330573
0.005567596999849538409732563338
0.005593212164567429312000967911
0.005618572575867191234988418103
0.005643677078660950738320245534
0.005668524529516654787697493845
0.005693113796710265114842108858
0.005717443760277083480980664376
0.005741513312062916478406560117
0.005765321355774632311463889778
0.005788866807029814653962063176
0.005812148593406457272592113839
0.005835165654491482507826294324
0.005857916941929440166059173123
0.005880401419469934859440840569
0.005902618063014907628938132689
0.005924565860665427508013891611
0.005946243812767450058476281782
0.005967650931957762389101773692
0.005988786243208653152503284645
0.006009648783872421212715053684
0.006030237603725220781047955398
0.006050551765010330623750789414
0.006070590342480938414460034380
0.006090352423442138389553246469
0.006109837107792576854636834582
0.006129043508065474057944221897
0.006147970749469108299456454603
0.006166617969926394514368350741
0.006184984320114554796898875821
0.006203068963503388134894667161
0.006220871076393651166736020741
0.006238389847954419788200741692
0.006255624480260219173743951870
0.006272574188327112963692311354
0.006289238200148591223515026627
0.006305615756730818290132223325
0.006321706112126939530737601558
0.006337508533471347335619405783
0.006353022301012912348427974507
0.006368246708147785352382985735
0.006383181061451526083772023412
0.006397824680710822650708813342
0.006412176898954304558875261222
0.006426237062483166652404609209
0.006440004530900642065738281872
0.006453478677141333795519440031
0.006466658887499835903223122102
0.006479544561658531591497034441
0.006492135112715045203168884314
0.006504429967208961299585112670
0.006516428565147842910665332283
0.006528130360032888962473762717
0.006539534818883759904883934411
0.006550641422262820472155464557
0.006561449664298842077148066210
0.006571959052709967080696529251
0.006582169108826284482927082564
0.006592079367611500956281034291
0.006601689377684078451069549232
0.006610998701338057816079274431
0.006620006914562586580741410103
0.006628713607061651434670945804
0.006637118382272428999957281093
0.006645220857383620123581824402
0.006653020663352642721788399172
0.006660517444922601712486986969
0.006667710860638365565067342544
0.006674600582862258608962680029
0.006681186297788906797157082451
0.006687467705459417335878136157
0.006693444519775227849467391650
0.006699116468510991906359919312
0.006704483293327197397648564703
0.006709544749781554129341998305
0.006714300607340517590415629456
0.006718750649389566322045030944
0.006722894673243075096269461000
0.006726732490153712780422967654
0.006730263925320817582076404761
0.006733488817898538106310191154
0.006736407021002970875456217215
0.006739018401719102692448704062
0.006741322841106655791576507397
0.006743320234205593850795867894
0.006745010490040825694435522308
0.006746393531626496999076270100
0.006747469295969393821010839929
0.006748237734071705143379382719
0.006748698810933529551592258144
0.006748852505554247399599532287
0.006748698810933529551592258144
0.006748237734071705143379382719
0.006747469295969393821010839929
0.006746393531626496999076270100
0.006745010490040825694435522308
0.006743320234205593850795867894
0.006741322841106655791576507397
0.006739018401719102692448704062
0.006736407021002970875456217215
0.006733488817898538106310191154
0.006730263925320817582076404761
0.006726732490153712780422967654
0.006722894673243075096269461000
0.006718750649389566322045030944
0.006714300607340517590415629456
0.006709544749781554129341998305
0.006704483293327197397648564703
0.006699116468510991906359919312
0.006693444519775227849467391650
0.006687467705459417335878136157
0.006681186297788906797157082451
0.006674600582862258608962680029
0.006667710860638365565067342544
0.006660517444922601712486986969
0.006653020663352642721788399172
0.006645220857383620123581824402
0.006637118382272428999957281093
0.006628713607061651434670945804
0.006620006914562586580741410103
0.006610998701338057816079274431
0.006601689377684078451069549232
0.006592079367611500956281034291
0.006582169108826284482927082564
0.006571959052709967080696529251
0.006561449664298842077148066210
0.006550641422262820472155464557
0.006539534818883759904883934411
0.006528130360032888962473762717
0.006516428565147842910665332283
0.006504429967208961299585112670
0.006492135112715045203168884314
0.006479544561658531591497034441
0.006466658887499835903223122102
0.006453478677141333795519440031
0.006440004530900642065738281872
0.006426237062483166652404609209
0.006412176898954304558875261222
0.006397824680710822650708813342
0.006383181061451526083772023412
0.006368246708147785352382985735
0.006353022301012912348427974507
0.006337508533471347335619405783
0.006321706112126939530737601558
0.006305615756730818290132223325
0.006289238200148591223515026627
0.006272574188327112963692311354
0.006255624480260219173743951870
0.006238389847954419788200741692
0.006220871076393651166736020741
0.006203068963503388134894667161
0.006184984320114554796898875821
0.006166617969926394514368350741
0.006147970749469108299456454603
0.006129043508065474057944221897
0.006109837107792576854636834582
0.006090352423442138389553246469
0.006070590342480938414460034380
0.006050551765010330623750789414
0.006030237603725220781047955398
0.006009648783872421212715053684
0.005988786243208653152503284645
0.005967650931957762389101773692
0.005946243812767450058476281782
0.005924565860665427508013891611
0.005902618063014907628938132689
0.005880401419469934859440840569
0.005857916941929440166059173123
0.005835165654491482507826294324
0.005812148593406457272592113839
0.005788866807029814653962063176
0.005765321355774632311463889778
0.005741513312062916478406560117
0.005717443760277083480980664376
0.005693113796710265114842108858
0.005668524529516654787697493845
0.005643677078660950738320245534
0.005618572575867191234988418103
0.005593212164567429312000967911
0.005567596999849538409732563338
0.005541728248404571323393330573
0.005515607088473720165389124759
0.005489234709794611061228764015
0.005462612313547016845705073251
0.005435741112298288733872819734
0.005408622329948048999825882532
0.005381257201672633855293881311
0.005353646973868372328786424674
0.005325792904095318774926326455
0.005297696261019702555772337149
0.005269358324356270169286364791
0.005240780384809817261937414656
0.005211963744016723243390742937
0.005182909714485297615615966293
0.005153619619536193088848996524
0.005124094793242202003358265472
0.005094336580367271258285022384
0.005064346336305488617546277652
0.005034125427019167826891976603
0.005003675228976755054444147675
0.004972997129090050115463039759
0.004942092524651131926760605495
0.004910962823268533693210624591
0.004879609442803466666516154504
0.004848033811304741994008260519
0.004816237366944252883127486342
0.004784221557951180876788743745
0.004751987842545947124395233629
0.004719537688874122019488943636
0.004686872574939303544294677550
0.004653993988535765763403517781
0.004620903427180861854084437113
0.004587602398046796564612392899
0.004554092417891879122915366196
0.004520375012991443078314013349
0.004486451719068463434014759628
0.004452324081223374072080467556
0.004417993653864042170875681137
0.004383462000634660155062860554
0.004348730694344602951129097335
0.004313801316896817734936053768
0.004278675459215881479724252756
0.004243354721175352471662645115
0.004207840711524957894029697059
0.004172135047817425793081902441
0.004136239356334680400406611511
0.004100155272013829288457742450
0.004063884438372670007688647331
0.004027428507434895749161896106
0.003990789139654810080415359153
0.003953968003841617541438413497
0.003916966777083526890512743535
0.003879787144671412862928505660
0.003842430800021823505269180643
0.003804899444600116746595386275
0.003767194787842819379830583415
0.003729318547079787417308782693
0.003691272447456011261690544956
0.003653058221853019722075162079
0.003614677610809821292625620970
0.003576132362444002857349012459
0.003537424232371758070492262505
0.003498554983627999437345579281
0.003459526386586114343052456022
0.003420340218877401024938356144
0.003380998265309888718005426611
0.003341502317787196831705420763
0.003301854175226938761800177247
0.003262055643478770951271261680
0.003222108535241950157124168896
0.003182014669983128807989603004
0.003141775873853154196768677764
0.003101393979604097957819552889
0.003060870826505581246412823759
0.003020208260261368800325687545
0.002979408132924863186752340027
0.002938472302815006275550357984
0.002897402634431530191183590262
0.002856200998370279388327563908
0.002814869271237539164604024577
0.002773409335565078012025841403
0.002731823079724071939161644806
0.002690112397839142851369009790
0.002648279189702269862533023925
0.002606325360686060060161350904
0.002564252821657000188521058348
0.002522063488888531389980895980
0.002479759283973609167162077682
0.002437342133737394316711499798
0.002394813970149247371599354750
0.002352176730234901286253901276
0.002309432355988264191914982604
0.002266582794282792807927240375
0.002223629996783004630911406707
0.002180575919855454094381519425
0.002137422524479785056195080273
0.002094171776159191311617036035
0.002050825644831219280589396092
0.002007386104777657363090748177
0.001963855134534963492454195944
0.001920234716803984704666663497
0.001876526838359767997491123204
0.001832733489960863566131665792
0.001788856666258968044699861899
0.001744898365707939344101951029
0.001700860590472720200103107224
0.001656745346338323954596405407
0.001612554642618500714071338997
0.001568290492064084969484061283
0.001523954910771731360505376607
0.001479549918091742095188623196
0.001435077536536468779948538810
0.001390539791688261486712896442
0.001345938712107258442354784655
0.001301276329239335963205981272
0.001256554677323632514956974759
0.001211775793300439666572154707
0.001166941716718703381944211017
0.001122054489643689676597881899
0.001077116156564949080512438861
0.001032128764304016121933216255
0.000987094361922715097037994703
0.000942015000631973029379673257
0.000896892733701288246382643532
0.000851729616369460641907285225
0.000806527705757037471911985449
0.000761289060782320320570903949
0.000716015742081828137320653749
0.000670709811939261936822309629
0.000625373334228442262841540789
0.000580008374380927213542769039
0.000534616999398879969712661264
0.000489201277953598811371049848
0.000443763280656490465697627812
0.000398305080697239908323753488
0.000352828755319388866033836205
0.000307336389387523052467432461
0.000261830084763335570359477078
0.000216311988249419428001485421
0.000170784391107898342841708850
0.000125250189453616947009989557
0.000079716131407522159324670341
0.000034245774829352691867243030
