0.000808320599052233016400259569
0.001855433060679920155219835287
0.002908729287321351261730306703
0.003963422690228816241964082678
0.005018646075075987832148083356
0.006074125919462158851303001939
0.007129749088137746562687802054
0.008185460401688531700825635085
0.009241229764041508989991235978
0.010297039372255711517367693375
0.011352878024527040395907917514
0.012408738321477083554889020434
0.013464615179529390576185221562
0.014520504990960827335078064948
0.015576405124704961399628722063
0.016632313616887953178213876981
0.017688228971998159327894128978
0.018744150031145063312054688254
0.019800075882408688099367566338
0.020856005798388081717842368334
0.021911939191786723724053587148
0.022967875583231957964391867222
0.024023814577578444379168942646
0.025079755846187996859431024177
0.026135699113505293789128103299
0.027191644146755140215576673768
0.028247590747952796425002119918
0.029303538747637986744409843709
0.030359487999917049438902694192
0.031415438378504099981025632360
0.032471389773533872180610870828
0.033527342088977223066859068012
0.034583295240529922376371274595
0.035639249153875042497308101019
0.036695203763247939698910471407
0.037751159010239745961179380629
0.038807114842796759657250760256
0.039863071214379063034183303671
0.040919028083249597838033650987
0.041974985411870099905051745282
0.043030943166385692000286411485
0.044086901316184125276809169236
0.045142859833516409129305912984
0.046198818693170003168990689346
0.047254777872185259324222528221
0.048310737349609181312537486974
0.049366697106280936491184974102
0.050422657124644144899239250890
0.051478617388582718905620794203
0.052534577883275410115082593165
0.053590538595069132921100418798
0.054646499511365236034787784547
0.055702460620520179157555418215
0.056758421911756645750202210365
0.057814383375084085758821572654
0.058870345001228577275220743559
0.059926306781569398107745172410
0.060982268708082529307112906736
0.062038230773290070629855108564
0.063094192970214388327399035461
0.064150155292336738521719041728
0.065206117733560636784417852141
0.066262080288177746534294954017
0.067318042950837556070986522627
0.068374005716519942188469372013
0.069429968580509676678857999832
0.070485931538374069216246198266
0.071541894585941651074634251017
0.072597857719283606647842077564
0.073653820934695676814207843108
0.074709784228683309703633597110
0.075765747597946270230906407050
0.076821711039365414563917511259
0.077877674549990533181542673447
0.078933638127029331910122778027
0.079989601767836135404188269149
0.081045565469903546595986654211
0.082101529230852343665958414931
0.083157493048424180326350096948
0.084213456920473842015617549350
0.085269420844961682504070665800
0.086325384819948183801052721265
0.087381348843586906238734002272
0.088437312914119436957349762451
0.089493277029870185734772292108
0.090549241189241416738475720649
0.091605205390708946411315594105
0.092661169632817591557127911983
0.093717133914177699893777173656
0.094773098233461278150357998129
0.095829062589398550375818786051
0.096885026980774863192280577096
0.097940991406427813092960832364
0.098996955865244207206643523023
0.100052920356157815096054264359
0.101108884878146371155693827859
0.102164849430229950910664626917
0.103220814011468361992562847718
0.104276778620959173493609739580
0.105332743257836064509902485042
0.106388707921266770228818643318
0.107444672610451444350054828192
0.108500637324621326817997157832
0.109556602063036884198155007653
0.110612566824986588431833922641
0.111668531609785709468596337501
0.112724496416774802587390524877
0.113780461245318681440252817083
0.114836426094805321707070788761
0.115892390964644764750346439541
0.116948355854268118414474031397
0.118004320763126543947230118192
0.119060285690690423332505076814
0.120116250636448609889761485192
0.121172215599907512340038806542
0.122228180580590234383109304872
0.123284145578036116730480387105
0.124340110591799807293611479508
0.125396075621450692194613907304
0.126452040666572340654738582089
0.127508005726761936005075881440
0.128563970801629484652650603493
0.129619935890797483013514579397
0.130675900993900528934688054505
0.131731866110584405760164372623
0.132787831240506165597636822895
0.133843796383333296651230170937
0.134899761538743501176895733806
0.135955726706424195882050298678
0.137011691886072123347517504044
0.138067657077393074471771683420
0.139123622280101610915181709061
0.140179587493920482232923063748
0.141235552718580514852675378279
0.142291517953820279007715043917
0.143347483199385783425583440476
0.144403448455030114505603933139
0.145459413720513353052155025580
0.146515378995602185696611741150
0.147571344280069655097165082225
0.148627309573695021160943952054
0.149683274876263566754985845364
0.150739240187566042594724535775
0.151795205507399083577624310237
0.152851170835564431627062731422
0.153907136171869018959057484608
0.154963101516124746037661452647
0.156019066868148481574962715968
0.157075032227761396397269777481
0.158130997594789463045472643898
0.159186962969062789641228050641
0.160242928350415675398110693095
0.161298893738686527354886379726
0.162354859133717610575331491418
0.163410824535354964881506134589
0.164466789943448182809149216155
0.165522755357850548385556521680
0.166578720778418565284795249681
0.167634686205012289894611399177
0.168690651637494665182614994592
0.169746617075731964785489935821
0.170802582519593182386330454392
0.171858547968950475803850963530
0.172914513423678667392024976834
0.173970478883655216284509492652
0.175026444348760357172523072222
0.176082409818876656215635989611
0.177138375293889316353102003632
0.178194340773685816481375354670
0.179250306258156022476413227196
0.180306271747191854126768362221
0.181362237240687534933769597956
0.182418202738539370066916944779
0.183474168240645635341579122723
0.184530133746906549463417945844
0.185586099257224246272812706593
0.186642064771502802500435791444
0.187698030289647849189194062092
0.188753995811566988027863089883
0.189809961337169291750726074497
0.190865926866365553937754384606
0.191921892399068150236729479730
0.192977857935190844074213600834
0.194033823474648980944579079733
0.195089789017359405143281492201
0.196145754563240098944376654799
0.197201720112210598934154859307
0.198257685664191635188657869548
0.199313651219105131273678921389
0.200369616776874343022640800882
0.201425582337423636491990919239
0.202481547900678543472352544086
0.203537513466565594955071105687
0.204593479035012459910092275095
0.205649444605947834263659501630
0.206705410179301413142738397255
0.207761375755003779852714274057
0.208817341332986461388543375506
0.209873306913181928434752876456
0.210929272495523512098714036256
0.211985238079945320643915351866
0.213041203666382239489962557855
0.214097169254770042234881088916
0.215153134845045140854935539210
0.216209100437144752238083356133
0.217265066031006676139369915290
0.218321031626569433958806598639
0.219376997223772268741370794487
0.220432962822554839865674125576
0.221488928422857611622021067888
0.222544894024621436878774716206
0.223600859627787834638112940411
0.224656825232298712480272229186
0.225712790838096644119303846310
0.226768756445124536336166443107
0.227824722053325740001028520965
0.228880687662644161095570893849
0.229936653273023927646079300757
0.230992618884409722790351793265
0.232048584496746479466366963607
0.233104550109979546945737638453
0.234160515724054552055832800761
0.235216481338917399179777589779
0.236272446954514353523180147931
0.237328412570791902336253542671
0.238384378187696699402664535228
0.239440343805175787084138505634
0.240496309423176263253552065180
0.241552275041645475583962365818
0.242608240660530882770729022013
0.243664206279780221064967804523
0.244720171899341171206643252845
0.245776137519161747002627294023
0.246832103139189823481913776959
0.247888068759373469962525859955
0.248944034379660839029213548201
0.250000000000000000000000000000
0.251055965620339216481937683056
0.252111931240626530037474140045
0.253167896860810204273661838670
0.254223862480838280752948321606
0.255279828100658801037781131527
0.256335793720219806690607811106
0.257391759339469117229270977987
0.258447724958354552171613249811
0.259503690576823764502023550449
0.260559656194824240671437109995
0.261615621812303300597335464772
0.262671587429208153174897688586
0.263727553045485674232395467698
0.264783518661082628575798025850
0.265839484275945503455318430497
0.266895449890020508565413592805
0.267951415503253520533633036393
0.269007381115590304965223822364
0.270063346726976072353920699243
0.271119312337355866660004721780
0.272175277946674287754547094664
0.273231243554875491419409172522
0.274287209161903355880696153690
0.275343174767701315275303386443
0.276399140372212193117462675218
0.277455105975378646387952130681
0.278511071577142443889130163370
0.279567037177445187889901490053
0.280623002776227759014204821142
0.281678968373430593796769016990
0.282734933968993351616205700338
0.283790899562855247761916643867
0.284846865154954886900640076419
0.285902830745229985520694526713
0.286958796333617760510037442145
0.288014761920054707111660263763
0.289070727504476487901285963744
0.290126693086818099320822739173
0.291182658667013538611456624494
0.292238624244996247902861341572
0.293294589820698614612837218374
0.294350555394052193491916113999
0.295406520964987595601058956163
0.296462486533434432800504509942
0.297518452099321484283223071543
0.298574417662576419019160312018
0.299630383223125684732934814747
0.300686348780894896481896694240
0.301742314335808448078068977338
0.302798279887789456576996371950
0.303854245436759928811198960830
0.304910210982640650367869739057
0.305966176525351019055420920267
0.307022142064809211436937630424
0.308078107600931905274421751528
0.309134073133634501573396846652
0.310190038662830736004849541132
0.311246004188433067483288141375
0.312301969710352178566381553537
0.313357935228497253010715439814
0.314413900742775753727187293407
0.315469866253093478292157669785
0.316525831759354392413996492905
0.317581797261460629933083055221
0.318637762759312492821806017673
0.319693728252808173628807253408
0.320749693741843977523586772804
0.321805659226314155763049029702
0.322861624706110739158049227626
0.323917590181123371539939626018
0.324973555651239698338628159036
0.326029521116344811471066122976
0.327085486576321360363550638795
0.328141452031049551951724652099
0.329197417480406817613669545608
0.330253382924268090725661295437
0.331309348362505307061809389779
0.332365313794987737860964216452
0.333421279221581434715204750319
0.334477244642149451614443478320
0.335533210056551900457577630732
0.336589175464645118385220712298
0.337645140866282389424668508582
0.338701106261313500400689235903
0.339757071649584352357464922534
0.340813037030937238114347564988
0.341869002405210564710102971731
0.342924967772238631358305838148
0.343980933131851518425037284032
0.345036898483875309473489778611
0.346092863828131036552093746650
0.347148829164435623884088499835
0.348204794492600944177951305392
0.349260759812433985160851079854
0.350316725123736516511741001523
0.351372690426305034350207279203
0.352428655719930372658410533404
0.353484621004397869814539490108
0.354540586279486702458996205678
0.355596551544969885494396066861
0.356652516800614216574416559524
0.357708482046179720992284956083
0.358764447281419540658475852979
0.359820412506079545522652551881
0.360876377719898389084818290939
0.361932342922606953283803932209
0.362988308113927904408058111585
0.364044273293575859629100932580
0.365100238461256498823104266194
0.366156203616666731104345444692
0.367212168759493862157938792734
0.368268133889415594239835627377
0.369324099006099526576463176752
0.370380064109202544742061036231
0.371436029198370598614076243393
0.372491994273238036239348502932
0.373547959333427659345261417911
0.374603924378549391072112939582
0.375659889408200220461964136121
0.376715854421963924902883036339
0.377771819419409737861315079499
0.378827784400092515415536809087
0.379883749363551459499177553880
0.380939714309309618300858346629
0.381995679236873497686133305251
0.383051644145731950974465007675
0.384107609035355290760804791717
0.385163573905194733804080442496
0.386219538754681346315322798546
0.387275503583225211290397282937
0.388331468390214318286979278128
0.389387433175013397690378269544
0.390443397936963199068571839234
0.391499362675378714815366265611
0.392555327389548569527732979623
0.393611292078733299160120395754
0.394667256742163963245673130587
0.395723221379040812628602452605
0.396779185988531679640800575726
0.397835150569770035211547565268
0.398891115121853656599881787770
0.399947079643842240415096966899
0.401003044134755848304507708235
0.402059008593572242418190398894
0.403114973019225164563295038533
0.404170937410601505135332445207
0.405226901766538749605217617500
0.406282866085822313984010634158
0.407338830367182436198447703646
0.408394794609291122977623444967
0.409450758810758597139312087165
0.410506722970129855898591131336
0.411562687085880563042650237549
0.412618651156413107639053805542
0.413674615180051885587886317808
0.414730579155038359129292757643
0.415786543079526227373321489722
0.416842506951575875184801134310
0.417898470769147711845192816327
0.418954434530096508915164577047
0.420010398232163906229175154294
0.421066361872970751356604068860
0.422122325450009494574032942182
0.423178288960634640947233719999
0.424234252402053757524669208578
0.425290215771316759685305441963
0.426346179065304364819155580335
0.427402142280716434985521345880
0.428458105414058376680941364611
0.429514068461625986294905032992
0.430570031419490351076717615797
0.431625994283480085567106243616
0.432681957049162457806801285187
0.433737919711822295099068469426
0.434793882266439390971157763488
0.435849844707663303111644381715
0.436905807029785653305964387982
0.437961769226709984881296122694
0.439017731291917512326250516708
0.440073693218430650464512154940
0.441129654998771436602567064256
0.442185616624915955874541850790
0.443241578088243382005373405264
0.444297539379479911048065332579
0.445353500488634812537469542804
0.446409461404930929528944716367
0.447465422116724631518280830278
0.448521382611417329666636533148
0.449577342875355834284079037388
0.450633302893719112081072353249
0.451689262650390832565250320840
0.452745222127814761492459183501
0.453801181306830003769903214561
0.454857140166483597809587990923
0.455913098683815909417660350300
0.456969056833614328816395300237
0.458025014588129886217160446904
0.459080971916750457673117580271
0.460136928785620957782498408051
0.461192885157203247281643143651
0.462248840989760267916608427186
0.463304796236752081117771240315
0.464360750846124936686010187259
0.465416704759470112318098244941
0.466472657911022825505398259338
0.467528610226466134758283033079
0.468584561621495976346807310620
0.469640512000082999133354633159
0.470696461252362086113976147317
0.471752409252047200105550928129
0.472808355853244932642809317258
0.473864300886494782538704839681
0.474920244153812010079462879730
0.475976185422421593784747528844
0.477032124416768066321736796453
0.478088060808213310970415932388
0.479143994201611911343263727758
0.480199924117591381289571472735
0.481255849968854954035180071514
0.482311771028001878836022342512
0.483367686383112060699573930833
0.484423594875295071560117321496
0.485479495009039196951050598727
0.486535384820470595546026970624
0.487591261678522958078474403010
0.488647121975472997768008553976
0.489702960627744321442378350184
0.490758770235958541316989567349
0.491814539598311450951939605147
0.492870250911862262110929577830
0.493925874080537896659848229319
0.494981353924923983544914563026
0.496036577309771242738634100533
0.497091270712678667820227929042
0.498144566939320077025854516251
0.499191679400947774247754296084
0.000000000000000000000000000000
0.001057082452431289685060300521
0.002114164904862579370120601041
0.003171247357293868404659598070
0.004228329809725158740241202082
0.005285412262156448208461068106
0.006342494714587736809319196141
0.007399577167019028012262538141
0.008456659619450317480482404164
0.009513742071881605213978794211
0.010570824524312896416922136211
0.011627906976744185885142002235
0.012684989429175473618638392281
0.013742071881606763086858258305
0.014799154334038056024525076282
0.015856236786469343758021466329
0.016913319238900634960964808329
0.017970401691331922694461198375
0.019027484143763210427957588422
0.020084566596194505100347882376
0.021141649048625792833844272423
0.022198731501057080567340662469
0.023255813953488371770284004469
0.024312896405919659503780394516
0.025369978858350947237276784563
0.026427061310782241909667078517
0.027484143763213526173716516610
0.028541226215644820846106810563
0.029598308668076112049050152564
0.030655391120507399782546542610
0.031712473572938687516042932657
0.032769556025369975249539322704
0.033826638477801269921929616658
0.034883720930232557655426006704
0.035940803382663845388922396751
0.036997885835095133122418786797
0.038054968287526420855915176844
0.039112050739957715528305470798
0.040169133192389010200695764752
0.041226215644820297934192154798
0.042283298097251585667688544845
0.043340380549682873401184934892
0.044397463002114161134681324938
0.045454545454545455807071618892
0.046511627906976743540568008939
0.047568710359408031274064398986
0.048625792811839319007560789032
0.049682875264270606741057179079
0.050739957716701894474553569125
0.051797040169133196085837766987
0.052854122621564483819334157033
0.053911205073995764613936643173
0.054968287526427052347433033219
0.056025369978858340080929423266
0.057082452431289641692213621127
0.058139534883720936364603915081
0.059196617336152224098100305127
0.060253699788583511831596695174
0.061310782241014799565093085221
0.062367864693446087298589475267
0.063424947145877375032085865314
0.064482029598308662765582255361
0.065539112050739950499078645407
0.066596194503171252110362843268
0.067653276955602539843859233315
0.068710359408033827577355623362
0.069767441860465115310852013408
0.070824524312896403044348403455
0.071881606765327690777844793502
0.072938689217758978511341183548
0.073995771670190266244837573595
0.075052854122621553978333963641
0.076109936575052841711830353688
0.077167019027484129445326743735
0.078224101479915431056610941596
0.079281183932346718790107331643
0.080338266384778020401391529504
0.081395348837209308134887919550
0.082452431289640595868384309597
0.083509513742071883601880699644
0.084566596194503171335377089690
0.085623678646934459068873479737
0.086680761099365746802369869783
0.087737843551797034535866259830
0.088794926004228322269362649877
0.089852008456659610002859039923
0.090909090909090911614143237784
0.091966173361522199347639627831
0.093023255813953487081136017878
0.094080338266384774814632407924
0.095137420718816062548128797971
0.096194503171247350281625188018
0.097251585623678638015121578064
0.098308668076109925748617968111
0.099365750528541213482114358158
0.100422832980972501215610748204
0.101479915433403788949107138251
0.102536997885835090560391336112
0.103594080338266392171675533973
0.104651162790697679905171924020
0.105708245243128967638668314066
0.106765327695560241494376896298
0.107822410147991529227873286345
0.108879492600422816961369676392
0.109936575052854104694866066438
0.110993657505285392428362456485
0.112050739957716680161858846532
0.113107822410147995650930852207
0.114164904862579283384427242254
0.115221987315010571117923632301
0.116279069767441872729207830162
0.117336152219873160462704220208
0.118393234672304448196200610255
0.119450317124735735929697000302
0.120507399577167023663193390348
0.121564482029598311396689780395
0.122621564482029599130186170441
0.123678646934460886863682560488
0.124735729386892174597178950535
0.125792811839323476208463148396
0.126849894291754750064171730628
0.127906976744186051675455928489
0.128964059196617325531164510721
0.130021141649048627142448708582
0.131078224101479900998157290815
0.132135306553911202609441488676
0.133192389006342504220725686537
0.134249471458773778076434268769
0.135306553911205079687718466630
0.136363636363636353543427048862
0.137420718816067655154711246723
0.138477801268498929010419828955
0.139534883720930230621704026817
0.140591966173361504477412609049
0.141649048625792806088696806910
0.142706131078224079944405389142
0.143763213530655381555689587003
0.144820295983086683166973784864
0.145877378435517957022682367096
0.146934460887949258633966564958
0.147991543340380532489675147190
0.149048625792811834100959345051
0.150105708245243107956667927283
0.151162790697674409567952125144
0.152219873150105683423660707376
0.153276955602536985034944905237
0.154334038054968258890653487470
0.155391120507399560501937685331
0.156448202959830862113221883192
0.157505285412262135968930465424
0.158562367864693437580214663285
0.159619450317124739191498861146
0.160676532769556040802783059007
0.161733615221987314658491641239
0.162790697674418616269775839100
0.163847780126849890125484421333
0.164904862579281191736768619194
0.165961945031712465592477201426
0.167019027484143767203761399287
0.168076109936575041059469981519
0.169133192389006342670754179380
0.170190274841437644282038377241
0.171247357293868918137746959474
0.172304439746300219749031157335
0.173361522198731493604739739567
0.174418604651162795216023937428
0.175475687103594069071732519660
0.176532769556025370683016717521
0.177589852008456644538725299753
0.178646934460887946150009497615
0.179704016913319220005718079847
0.180761099365750521617002277708
0.181818181818181823228286475569
0.182875264270613097083995057801
0.183932346723044398695279255662
0.184989429175475672550987837894
0.186046511627906974162272035755
0.187103594080338248017980617988
0.188160676532769549629264815849
0.189217758985200823484973398081
0.190274841437632125096257595942
0.191331923890063398951966178174
0.192389006342494700563250376035
0.193446088794926002174534573896
0.194503171247357276030243156129
0.195560253699788577641527353990
0.196617336152219851497235936222
0.197674418604651153108520134083
0.198731501057082426964228716315
0.199788583509513728575512914176
0.200845665961945002431221496408
0.201902748414376304042505694269
0.202959830866807577898214276502
0.204016913319238907265074089992
0.205073995771670181120782672224
0.206131078224101482732066870085
0.207188160676532784343351067946
0.208245243128964058199059650178
0.209302325581395359810343848039
0.210359408033826633666052430272
0.211416490486257935277336628133
0.212473572938689209133045210365
0.213530655391120482988753792597
0.214587737843551784600037990458
0.215644820295983058455746572690
0.216701902748414360067030770551
0.217758985200845633922739352784
0.218816067653276963289599166274
0.219873150105708209389732132877
0.220930232558139538756591946367
0.221987315010570784856724912970
0.223044397463002114223584726460
0.224101479915433360323717693063
0.225158562367864689690577506553
0.226215644820295991301861704414
0.227272727272727265157570286647
0.228329809725158566768854484508
0.229386892177589840624563066740
0.230443974630021142235847264601
0.231501057082452416091555846833
0.232558139534883745458415660323
0.233615221987314991558548626926
0.234672304439746320925408440417
0.235729386892177567025541407020
0.236786469344608896392401220510
0.237843551797040142492534187113
0.238900634249471471859394000603
0.239957716701902717959526967206
0.241014799154334047326386780696
0.242071881606765321182095362929
0.243128964059196622793379560790
0.244186046511627896649088143022
0.245243128964059198260372340883
0.246300211416490472116080923115
0.247357293868921773727365120976
0.248414376321353047583073703208
0.249471458773784349194357901069
0.250528541226215595294490867673
0.251585623678646952416926296792
0.252642706131078198517059263395
0.253699788583509500128343461256
0.254756871035940801739627659117
0.255813953488372103350911856978
0.256871035940803349451044823581
0.257928118393234651062329021443
0.258985200845665952673613219304
0.260042283298097254284897417165
0.261099365750528500385030383768
0.262156448202959801996314581629
0.263213530655391103607598779490
0.264270613107822405218882977351
0.265327695560253651319015943955
0.266384778012685008441451373074
0.267441860465116254541584339677
0.268498942917547556152868537538
0.269556025369978802253001504141
0.270613107822410159375436933260
0.271670190274841460986721131121
0.272727272727272707086854097724
0.273784355179704008698138295586
0.274841437632135310309422493447
0.275898520084566611920706691308
0.276955602536997858020839657911
0.278012684989429159632123855772
0.279069767441860461243408053633
0.280126849894291762854692251494
0.281183932346723008954825218098
0.282241014799154366077260647216
0.283298097251585612177393613820
0.284355179704016913788677811681
0.285412262156448159888810778284
0.286469344608879517011246207403
0.287526427061310763111379174006
0.288583509513742064722663371867
0.289640591966173366333947569728
0.290697674418604667945231767590
0.291754756871035914045364734193
0.292811839323467215656648932054
0.293868921775898517267933129915
0.294926004228329818879217327776
0.295983086680761064979350294379
0.297040169133192366590634492240
0.298097251585623668201918690102
0.299154334038054969813202887963
0.300211416490486215913335854566
0.301268498942917517524620052427
0.302325581395348819135904250288
0.303382663847780120747188448149
0.304439746300211366847321414753
0.305496828752642723969756843871
0.306553911205073970069889810475
0.307610993657505271681174008336
0.308668076109936517781306974939
0.309725158562367874903742404058
0.310782241014799121003875370661
0.311839323467230422615159568522
0.312896405919661724226443766383
0.313953488372093025837727964245
0.315010570824524271937860930848
0.316067653276955573549145128709
0.317124735729386875160429326570
0.318181818181818176771713524431
0.319238900634249478382997722292
0.320295983086680724483130688895
0.321353065539112081605566118014
0.322410147991543327705699084618
0.323467230443974629316983282479
0.324524312896405875417116249082
0.325581395348837232539551678201
0.326638477801268478639684644804
0.327695560253699780250968842665
0.328752642706131081862253040526
0.329809725158562383473537238388
0.330866807610993629573670204991
0.331923890063424931184954402852
0.332980972515856232796238600713
0.334038054968287534407522798574
0.335095137420718780507655765177
0.336152219873150082118939963038
0.337209302325581383730224160900
0.338266384778012685341508358761
0.339323467230443931441641325364
0.340380549682875288564076754483
0.341437632135306534664209721086
0.342494714587737836275493918947
0.343551797040169082375626885550
0.344608879492600439498062314669
0.345665961945031685598195281273
0.346723044397462987209479479134
0.347780126849894288820763676995
0.348837209302325590432047874856
0.349894291754756836532180841459
0.350951374207188138143465039320
0.352008456659619439754749237181
0.353065539112050741366033435042
0.354122621564481987466166401646
0.355179704016913289077450599507
0.356236786469344590688734797368
0.357293868921775892300018995229
0.358350951374207138400151961832
0.359408033826638440011436159693
0.360465116279069741622720357554
0.361522198731501043234004555416
0.362579281183932344845288753277
0.363636363636363646456572951138
0.364693446088794948067857148999
0.365750528541226194167990115602
0.366807610993657495779274313463
0.367864693446088797390558511324
0.368921775898520099001842709185
0.369978858350951345101975675789
0.371035940803382646713259873650
0.372093023255813948324544071511
0.373150105708245249935828269372
0.374207188160676496035961235975
0.375264270613107797647245433836
0.376321353065539099258529631697
0.377378435517970400869813829559
0.378435517970401646969946796162
0.379492600422833004092382225281
0.380549682875264250192515191884
0.381606765327695551803799389745
0.382663847780126797903932356348
0.383720930232558155026367785467
0.384778012684989401126500752071
0.385835095137420702737784949932
0.386892177589852004349069147793
0.387949260042283305960353345654
0.389006342494714552060486312257
0.390063424947145853671770510118
0.391120507399577155283054707979
0.392177589852008456894338905840
0.393234672304439702994471872444
0.394291754756871004605756070305
0.395348837209302306217040268166
0.396405919661733607828324466027
0.397463002114164853928457432630
0.398520084566596155539741630491
0.399577167019027457151025828352
0.400634249471458758762310026214
0.401691331923890004862442992817
0.402748414376321361984878421936
0.403805496828752608085011388539
0.404862579281183909696295586400
0.405919661733615155796428553003
0.406976744186046512918863982122
0.408033826638477814530148179983
0.409090909090909060630281146587
0.410147991543340362241565344448
0.411205073995771663852849542309
0.412262156448202965464133740170
0.413319238900634211564266706773
0.414376321353065568686702135892
0.415433403805496814786835102495
0.416490486257928116398119300356
0.417547568710359362498252266960
0.418604651162790719620687696079
0.419661733615221965720820662682
0.420718816067653267332104860543
0.421775898520084568943389058404
0.422832980972515870554673256265
0.423890063424947116654806222869
0.424947145877378418266090420730
0.426004228329809719877374618591
0.427061310782240965977507585194
0.428118393234672323099943014313
0.429175475687103569200075980916
0.430232558139534870811360178777
0.431289640591966116911493145381
0.432346723044397474033928574499
0.433403805496828720134061541103
0.434460887949260021745345738964
0.435517970401691267845478705567
0.436575052854122624967914134686
0.437632135306553926579198332547
0.438689217758985172679331299150
0.439746300211416418779464265754
0.440803382663847775901899694873
0.441860465116279077513183892734
0.442917547568710323613316859337
0.443974630021141569713449825940
0.445031712473572926835885255059
0.446088794926004228447169452920
0.447145877378435474547302419523
0.448202959830866720647435386127
0.449260042283298077769870815246
0.450317124735729379381155013107
0.451374207188160625481287979710
0.452431289640591982603723408829
0.453488372093023284215007606690
0.454545454545454530315140573293
0.455602536997885776415273539897
0.456659619450317133537708969016
0.457716701902748435148993166877
0.458773784355179681249126133480
0.459830866807610927349259100083
0.460887949260042284471694529202
0.461945031712473586082978727063
0.463002114164904832183111693666
0.464059196617336078283244660270
0.465116279069767490916831320646
0.466173361522198737016964287250
0.467230443974629983117097253853
0.468287526427061284728381451714
0.469344608879492641850816880833
0.470401691331923887950949847436
0.471458773784355134051082814040
0.472515856236786435662367011901
0.473572938689217792784802441020
0.474630021141649038884935407623
0.475687103594080284985068374226
0.476744186046511586596352572087
0.477801268498942943718788001206
0.478858350951374189818920967809
0.479915433403805435919053934413
0.480972515856236737530338132274
0.482029598308668094652773561393
0.483086680761099340752906527996
0.484143763213530642364190725857
0.485200845665961888464323692460
0.486257928118393245586759121579
0.487315010570824491686892088183
0.488372093023255793298176286044
0.489429175475687039398309252647
0.490486257928118396520744681766
0.491543340380549642620877648369
0.492600422832980944232161846230
0.493657505285412190332294812833
0.494714587737843547454730241952
0.495771670190274849066014439813
0.496828752642706095166147406417
0.497885835095137452288582835536
0.498942917547568698388715802139
0.500000000000000000000000000000
0.501057082452431190588981735345
0.502114164904862603222568395722
0.503171247357293904833852593583
0.504228329809725095422834328929
0.505285412262156397034118526790
0.506342494714587809667705187167
0.507399577167019000256686922512
0.508456659619450301867971120373
0.509513742071881603479255318234
0.510570824524312905090539516095
0.511627906976744206701823713956
0.512684989429175397290805449302
0.513742071881606698902089647163
0.514799154334038111535676307540
0.515856236786469302124658042885
0.516913319238900603735942240746
0.517970401691331905347226438607
0.519027484143763206958510636468
0.520084566596194508569794834330
0.521141649048625810181079032191
0.522198731501057000770060767536
0.523255813953488413403647427913
0.524312896405919603992629163258
0.525369978858350905603913361119
0.526427061310782207215197558980
0.527484143763213508826481756842
0.528541226215644810437765954703
0.529598308668076112049050152564
0.530655391120507302638031887909
0.531712473572938715271618548286
0.532769556025370016882902746147
0.533826638477801207471884481492
0.534883720930232509083168679354
0.535940803382663810694452877215
0.536997885835095112305737075076
0.538054968287526413917021272937
0.539112050739957604506003008282
0.540169133192389017139589668659
0.541226215644820318750873866520
0.542283298097251509339855601866
0.543340380549682921973442262242
0.544397463002114112562423997588
0.545454545454545414173708195449
0.546511627906976715784992393310
0.547568710359408017396276591171
0.548625792811839319007560789032
0.549682875264270620618844986893
0.550739957716701811207826722239
0.551797040169133223841413382615
0.552854122621564525452697580477
0.553911205073995716041679315822
0.554968287526427017652963513683
0.556025369978858319264247711544
0.557082452431289620875531909405
0.558139534883720922486816107266
0.559196617336152113075797842612
0.560253699788583525709384502989
0.561310782241014827320668700850
0.562367864693446017909650436195
0.563424947145877319520934634056
0.564482029598308732154521294433
0.565539112050739922743503029778
0.566596194503171224354787227639
0.567653276955602525966071425501
0.568710359408033827577355623362
0.569767441860465129188639821223
0.570824524312896319777621556568
0.571881606765327621388905754429
0.572938689217759034022492414806
0.573995771670190224611474150151
0.575052854122621526222758348013
0.576109936575052827834042545874
0.577167019027484129445326743735
0.578224101479915431056610941596
0.579281183932346732667895139457
0.580338266384777923256876874802
0.581395348837209335890463535179
0.582452431289640526479445270525
0.583509513742071828090729468386
0.584566596194503129702013666247
0.585623678646934431313297864108
0.586680761099365732924582061969
0.587737843551797034535866259830
0.588794926004228336147150457691
0.589852008456659637758434655552
0.590909090909090939369718853413
0.591966173361522129958700588759
0.593023255813953542592287249136
0.594080338266384733181268984481
0.595137420718816034792553182342
0.596194503171247336403837380203
0.597251585623678638015121578064
0.598308668076109939626405775925
0.599365750528541241237689973786
0.600422832980972431826671709132
0.601479915433403844460258369509
0.602536997885835035049240104854
0.603594080338266336660524302715
0.604651162790697638271808500576
0.605708245243128939883092698437
0.606765327695560241494376896298
0.607822410147991543105661094160
0.608879492600422733694642829505
0.609936575052854146328229489882
0.610993657505285447939513687743
0.612050739957716638528495423088
0.613107822410147940139779620949
0.614164904862579241751063818811
0.615221987315010543362348016672
0.616279069767441844973632214533
0.617336152219873035562613949878
0.618393234672304448196200610255
0.619450317124735749807484808116
0.620507399577166940396466543461
0.621564482029598242007750741323
0.622621564482029654641337401699
0.623678646934460845230319137045
0.624735729386892146841603334906
0.625792811839323448452887532767
0.626849894291754750064171730628
0.627906976744186051675455928489
0.628964059196617242264437663835
0.630021141649048543875721861696
0.631078224101479956509308522072
0.632135306553911147098290257418
0.633192389006342448709574455279
0.634249471458773750320858653140
0.635306553911205051932142851001
0.636363636363636353543427048862
0.637420718816067655154711246723
0.638477801268498956765995444584
0.639534883720930258377279642446
0.640591966173361448966261377791
0.641649048625792750577545575652
0.642706131078224163211132236029
0.643763213530655353800113971374
0.644820295983086655411398169235
0.645877378435517957022682367096
0.646934460887949258633966564958
0.647991543340380560245250762819
0.649048625792811750834232498164
0.650105708245243052445516696025
0.651162790697674465079103356402
0.652219873150105655668085091747
0.653276955602536957279369289608
0.654334038054968258890653487470
0.655391120507399560501937685331
0.656448202959830862113221883192
0.657505285412262163724506081053
0.658562367864693354313487816398
0.659619450317124766947074476775
0.660676532769555957536056212120
0.661733615221987259147340409982
0.662790697674418560758624607843
0.663847780126849862369908805704
0.664904862579281163981193003565
0.665961945031712465592477201426
0.667019027484143656181458936771
0.668076109936575068815045597148
0.669133192389006370426329795009
0.670190274841437561015311530355
0.671247357293868862626595728216
0.672304439746300164237879926077
0.673361522198731465849164123938
0.674418604651162767460448321799
0.675475687103593958049430057144
0.676532769556025370683016717521
0.677589852008456672294300915382
0.678646934460887862883282650728
0.679704016913319275516869311105
0.680761099365750577128153508966
0.681818181818181767717135244311
0.682875264270613069328419442172
0.683932346723044370939703640033
0.684989429175475672550987837894
0.686046511627906974162272035755
0.687103594080338164751253771101
0.688160676532769577384840431478
0.689217758985200878996124629339
0.690274841437632069585106364684
0.691331923890063371196390562545
0.692389006342494672807674760406
0.693446088794925974418958958267
0.694503171247357276030243156129
0.695560253699788577641527353990
0.696617336152219879252811551851
0.697674418604651180864095749712
0.698731501057082371453077485057
0.699788583509513673064361682918
0.700845665961945085697948343295
0.701902748414376276286930078641
0.702959830866807577898214276502
0.704016913319238879509498474363
0.705073995771670181120782672224
0.706131078224101482732066870085
0.707188160676532673321048605430
0.708245243128963974932332803292
0.709302325581395387565919463668
0.710359408033826578154901199014
0.711416490486257879766185396875
0.712473572938689181377469594736
0.713530655391120482988753792597
0.714587737843551784600037990458
0.715644820295983086211322188319
0.716701902748414276800303923665
0.717758985200845689433890584041
0.718816067653276880022872319387
0.719873150105708181634156517248
0.720930232558139483245440715109
0.721987315010570784856724912970
0.723044397463002086468009110831
0.724101479915433388079293308692
0.725158562367864689690577506553
0.726215644820295991301861704414
0.727272727272727292913145902276
0.728329809725158483502127637621
0.729386892177589896135714297998
0.730443974630021086724696033343
0.731501057082452388335980231204
0.732558139534883689947264429065
0.733615221987314991558548626926
0.734672304439746293169832824788
0.735729386892177594781117022649
0.736786469344608785370098757994
0.737843551797040198003685418371
0.738900634249471499614969616232
0.739957716701902690203951351577
0.741014799154333991815235549439
0.742071881606765293426519747300
0.743128964059196595037803945161
0.744186046511627896649088143022
0.745243128964059087238069878367
0.746300211416490499871656538744
0.747357293868921801482940736605
0.748414376321352992071922471951
0.749471458773784293683206669812
0.750528541226215595294490867673
0.751585623678646896905775065534
0.752642706131078198517059263395
0.753699788583509389106040998740
0.754756871035940801739627659117
0.755813953488372103350911856978
0.756871035940803293939893592324
0.757928118393234595551177790185
0.758985200845666008184764450561
0.760042283298097198773746185907
0.761099365750528500385030383768
0.762156448202959801996314581629
0.763213530655391103607598779490
0.764270613107822405218882977351
0.765327695560253595807864712697
0.766384778012684897419148910558
0.767441860465116310052735570935
0.768498942917547500641717306280
0.769556025369978802253001504141
0.770613107822410214886588164518
0.771670190274841405475569899863
0.772727272727272707086854097724
0.773784355179704008698138295586
0.774841437632135310309422493447
0.775898520084566611920706691308
0.776955602536997802509688426653
0.778012684989429104120972624514
0.779069767441860516754559284891
0.780126849894291707343541020236
0.781183932346723008954825218098
0.782241014799154310566109415959
0.783298097251585612177393613820
0.784355179704016913788677811681
0.785412262156448215399962009542
0.786469344608879405988943744887
0.787526427061310818622530405264
0.788583509513742009211512140610
0.789640591966173310822796338471
0.790697674418604612434080536332
0.791754756871035914045364734193
0.792811839323467215656648932054
0.793868921775898517267933129915
0.794926004228329707856914865260
0.795983086680761120490501525637
0.797040169133192311079483260983
0.798097251585623612690767458844
0.799154334038054914302051656705
0.800211416490486215913335854566
0.801268498942917517524620052427
0.802325581395348819135904250288
0.803382663847780009724885985634
0.804439746300211422358472646010
0.805496828752642723969756843871
0.806553911205073914558738579217
0.807610993657505216170022777078
0.808668076109936517781306974939
0.809725158562367819392591172800
0.810782241014799121003875370661
0.811839323467230311592857106007
0.812896405919661724226443766383
0.813953488372093025837727964245
0.815010570824524216426709699590
0.816067653276955629060296359967
0.817124735729386930671580557828
0.818181818181818121260562293173
0.819238900634249422871846491034
0.820295983086680724483130688895
0.821353065539112026094414886757
0.822410147991543327705699084618
0.823467230443974518294680819963
0.824524312896405930928267480340
0.825581395348837232539551678201
0.826638477801268423128533413546
0.827695560253699724739817611407
0.828752642706131137373404271784
0.829809725158562327962386007130
0.830866807610993629573670204991
0.831923890063424931184954402852
0.832980972515856232796238600713
0.834038054968287534407522798574
0.835095137420718724996504533920
0.836152219873150026607788731781
0.837209302325581439241375392157
0.838266384778012629830357127503
0.839323467230443931441641325364
0.840380549682875233052925523225
0.841437632135306534664209721086
0.842494714587737836275493918947
0.843551797040169137886778116808
0.844608879492600328475759852154
0.845665961945031741109346512530
0.846723044397462931698328247876
0.847780126849894233309612445737
0.848837209302325534920896643598
0.849894291754756836532180841459
0.850951374207188138143465039320
0.852008456659619439754749237181
0.853065539112050630343730972527
0.854122621564481931955015170388
0.855179704016913233566299368249
0.856236786469344646199886028626
0.857293868921775947811170226487
0.858350951374207138400151961832
0.859408033826638440011436159693
0.860465116279069741622720357554
0.861522198731500932211702092900
0.862579281183932233822986290761
0.863636363636363646456572951138
0.864693446088794948067857148999
0.865750528541226249679141346860
0.866807610993657440268123082205
0.867864693446088741879407280067
0.868921775898520043490691477928
0.869978858350951234079673213273
0.871035940803382535690957411134
0.872093023255814059346846534027
0.873150105708245249935828269372
0.874207188160676551547112467233
0.875264270613107853158396665094
0.876321353065539043747378400440
0.877378435517970345358662598301
0.878435517970401646969946796162
0.879492600422832837558928531507
0.880549682875264361214817654400
0.881606765327695551803799389745
0.882663847780126853415083587606
0.883720930232558155026367785467
0.884778012684989345615349520813
0.885835095137420647226633718674
0.886892177589851948837917916535
0.887949260042283139426899651880
0.889006342494714663082788774773
0.890063424947145853671770510118
0.891120507399577155283054707979
0.892177589852008456894338905840
0.893234672304439647483320641186
0.894291754756870949094604839047
0.895348837209302250705889036908
0.896405919661733441294870772253
0.897463002114164964950759895146
0.898520084566596155539741630491
0.899577167019027457151025828352
0.900634249471458758762310026214
0.901691331923890060373594224075
0.902748414376321250962575959420
0.903805496828752552573860157281
0.904862579281183965207446817658
0.905919661733615266818731015519
0.906976744186046568430015213380
0.908033826638477759018996948726
0.909090909090909060630281146587
0.910147991543340362241565344448
0.911205073995771552830547079793
0.912262156448202854441831277654
0.913319238900634267075417938031
0.914376321353065568686702135892
0.915433403805496870297986333753
0.916490486257928060886968069099
0.917547568710359362498252266960
0.918604651162790664109536464821
0.919661733615221854698518200166
0.920718816067653156309802398027
0.921775898520084568943389058404
0.922832980972515870554673256265
0.923890063424947172165957454126
0.924947145877378362754939189472
0.926004228329809664366223387333
0.927061310782240965977507585194
0.928118393234672156566489320539
0.929175475687103458177773518400
0.930232558139534981833662641293
0.931289640591966172422644376638
0.932346723044397474033928574499
0.933403805496828775645212772361
0.934460887949259966234194507706
0.935517970401691267845478705567
0.936575052854122569456762903428
0.937632135306553760045744638774
0.938689217758985283701633761666
0.939746300211416474290615497011
0.940803382663847775901899694873
0.941860465116279077513183892734
0.942917547568710268102165628079
0.943974630021141569713449825940
0.945031712473572871324734023801
0.946088794926004061913715759147
0.947145877378435585569604882039
0.948202959830866776158586617385
0.949260042283298077769870815246
0.950317124735729379381155013107
0.951374207188160569970136748452
0.952431289640591871581420946313
0.953488372093023173192705144174
0.954545454545454585826291804551
0.955602536997885887437576002412
0.956659619450317078026557737758
0.957716701902748379637841935619
0.958773784355179681249126133480
0.959830866807610871838107868825
0.960887949260042173449392066686
0.961945031712473475060676264548
0.963002114164904887694262924924
0.964059196617336189305547122785
0.965116279069767490916831320646
0.966173361522198681505813055992
0.967230443974629983117097253853
0.968287526427061284728381451714
0.969344608879492475317363187060
0.970401691331923776928647384921
0.971458773784355189562234045297
0.972515856236786491173518243158
0.973572938689217792784802441020
0.974630021141648983373784176365
0.975687103594080284985068374226
0.976744186046511586596352572087
0.977801268498942777185334307433
0.978858350951374078796618505294
0.979915433403805491430205165670
0.980972515856236793041489363532
0.982029598308668094652773561393
0.983086680761099285241755296738
0.984143763213530586853039494599
0.985200845665961888464323692460
0.986257928118393079053305427806
0.987315010570824380664589625667
0.988372093023255793298176286044
0.989429175475687094909460483905
0.990486257928118396520744681766
0.991543340380549698132028879627
0.992600422832980888721010614972
0.993657505285412190332294812833
0.994714587737843491943579010695
0.995771670190274904577165671071
0.996828752642706206188449868932
0.997885835095137396777431604278
0.998942917547568698388715802139
0.000033098359676588745093093330
0.000077045267078436560919015019
0.000121053859157200307010079920
0.000165062774753013723422548353
0.000209065558990718464377547847
0.000253059479915378139538301161
0.000297042390130269635256654581
0.000341012281823558542973029439
0.000384967190577686988860878214
0.000428905168356339327670467831
0.000472824274436119823539215190
0.000516722571953168912164966464
0.000560598126470953435525335085
0.000604449005357254962739199655
0.000648273277516794475469619208
0.000692069013289465899407826299
0.000735834284432224398561639411
0.000779567164144379510896942787
0.000823265727116797977648554596
0.000866928049594612695934181534
0.000910552209447857622930111443
0.000954136286247287443255948869
0.000997678361342468423070273253
0.001041176517942496394450446751
0.001084628841197468910803602959
0.001128033418280608357261995955
0.001171388338471207645266614072
0.001214691693237788302356383596
0.001257941576321127156654067214
0.001301136083817917279623066484
0.001344273314263833051310226274
0.001387351368717247481615606475
0.001430368350842333704728281951
0.001473322366992494553139536606
0.001516211526293492458175582449
0.001559033940726682349736664790
0.001601787725211957025620024275
0.001644470997690568921795195578
0.001687081879208287551671907600
0.001729618493997537795325847298
0.001772078969560369338109850901
0.001814461436750621197572241883
0.001856764029856293549830548173
0.001898984886681560468185692159
0.001941122148628927727986859253
0.001983173960780706263085093610
0.002025138471980950961859324622
0.002067013834916879913561338356
0.002108798206200004823201998860
0.002150489746447500384596285272
0.002192086620363064078387260736
0.002233586996817734336706617881
0.002274989048930409034354749309
0.002316290954148341428575630374
0.002357490894327465662250187250
0.002398587055812163252449531470
0.002439577629515364814299926977
0.002480460810998022080225977604
0.002521234800548633261940700834
0.002561897803262360752418747012
0.002602448029120176583445234186
0.002642883693067583743274706620
0.002683203015093172261879006513
0.002723404220307011798507534905
0.002763485539018805271088696784
0.002803445206815770567726486817
0.002843281464640210007971399264
0.002882992558867185622223372476
0.002922576741381402963548818974
0.002962032269654477426024108411
0.003001357406821462438240022408
0.003040550421757283548057637645
0.003079609589152995565569659320
0.003118533189591805952073366726
0.003157319509624608149661595391
0.003195966841845615091094456872
0.003234473484967232467107711713
0.003272837743895298454055442505
0.003311057929803404905472197228
0.003349132360207310917660228355
0.003387059359039226724696902693
0.003424837256721320871005742603
0.003462464390239283328759567482
0.003499939103215618432102251845
0.003537259745982531886077104843
0.003574424675654502055882622003
0.003611432256200562858350355810
0.003648280858516516397122009252
0.003684968860496389692071872446
0.003721494647104060544268167021
0.003757856610444219001843091377
0.003794053149833221706688224373
0.003830082671869489575194878128
0.003865943590503729404561639171
0.003901634327108640699910413474
0.003937153310548521453759995836
0.003972498977248434606779348144
0.004007669771262886183882390156
0.004042664144344489118854113485
0.004077480556012052885506147248
0.004112117473618379960564883646
0.004146573372417723148120050070
0.004180846735632931521209343373
0.004214936054522304062497362054
0.004248839828445878652463107983
0.004282556564931499012982563102
0.004316084779740569400685590296
0.004349422996933414650722049544
0.004382569748934136283358142805
0.004415523576595379272313746100
0.004448283029262384974389377135
0.004480846664837012834070595346
0.004513213049841158404362762013
0.004545380759479801871525417312
0.004577348377703766013624431253
0.004609114497272152367879360924
0.004640677719814163305900311940
0.004672036655890562419080058731
0.004703189925055186078328706145
0.004734136155915313545761158309
0.004764873986192416990825826417
0.004795402062781729292384458319
0.004825719041812141438252403702
0.004855823588705224756745248982
0.004885714378233894927827662968
0.004915390094580982319194539798
0.004944849431396843020269926683
0.004974091091857279524346413524
0.005003113788720189858416631523
0.005031916244382430083992296943
0.005060497190936232708713404804
0.005088855370224611152085714139
0.005116989533897163197617707908
0.005144898443464751211506857942
0.005172580870354132921706824533
0.005200035595961985911139802141
0.005227261411708630269024045134
0.005254257119091169242475203305
0.005281021529736315035796767603
0.005307553465452567557913976515
0.005333851758282263065547024183
0.005359915250552704270303738809
0.005385742794927538511229325735
0.005411333254456922488284664752
0.005436685502627642760375969999
0.005461798423412896237583158410
0.005486670911321063666410413617
0.005511301871444764140239858108
0.005535690219508743875609368956
0.005559834881917778866278201377
0.005583734795803953036841260626
0.005607388909073282405592930644
0.005630796180452123274318143586
0.005653955579533109440659721656
0.005676866086820336540497144995
0.005699526693774422357596787236
0.005721936402856623443691219677
0.005744094227573138221332182951
0.005765999192518183637246043105
0.005787650333417077019859675602
0.005809046697168794050336604329
0.005830187341887690596897719786
0.005851071336945114394201272745
0.005871697763010379211845446434
0.005892065712091170900932546317
0.005912174287573552719510239228
0.005932022604261414679138741946
0.005951609788415466659183827858
0.005970934977791693756832280826
0.005989997321679286015894128070
0.006008795980938178710184516262
0.006027330128035760826998856743
0.006045598947083693705528695261
0.006063601633873374856242843833
0.006081337395911695815897690665
0.006098805452455812944889679272
0.006116005034547382195053710774
0.006132935385046643823880874180
0.006149595758665579031676529098
0.006165985422000746542237070713
0.006182103653565647338741229078
0.006197949743822507399915178183
0.006213522995213212156417892373
0.006228822722190426562638432273
0.006243848251247557240573016202
0.006258598920948371148453848178
0.006273074081956209191446305340
0.006287273097062564056192179862
0.006301195341215059565753708881
0.006314840201544998088412086190
0.006328207077394372784273635091
0.006341295380342179890953424604
0.006354104534230636466829444942
0.006366633975190151735479293649
0.006378883151664421595483656091
0.006390851524434579440658854566
0.006402538566642893350100429473
0.006413943763816216947493131784
0.006425066613888276260968535070
0.006435906627222104901819843548
0.006446463326631284018741752107
0.006456736247401222150710253800
0.006466724937309441950672450616
0.006476428956645640527822749277
0.006485847878230784416264675940
0.006494981287436205411034428892
0.006503828782201659039485797109
0.006512389973053176600581437583
0.006520664483119986525039291081
0.006528651948151417520882500156
0.006536352016532579606300501496
0.006543764349300176981494292505
0.006550888620157103124641562175
0.006557724515487141705993856533
0.006564271734368579830354306637
0.006570529988587346832684676912
0.006576499002649911079787514723
0.006582178513795451657575341642
0.006587568272007087236130651320
0.006592668040023275805028291074
0.006597477593348012245288991551
0.006601996720260741406682836185
0.006606225221825854851398496237
0.006610162911901130283753857952
0.006613809617146197000758789386
0.006617165177030158267068582489
0.006620229443838417451861921847
0.006623002282679490287931045600
0.006625483571490678284809927590
0.006627673201043612037641761248
0.006629571074948957531969284673
0.006631177109660773769106434372
0.006632491234480072418711049664
0.006633513391558044404450189546
0.006634243535898385300819679600
0.006634681635359624199410610856
0.006634827670656246942360034780
0.006634681635359624199410610856
0.006634243535898385300819679600
0.006633513391558044404450189546
0.006632491234480072418711049664
0.006631177109660773769106434372
0.006629571074948957531969284673
0.006627673201043612037641761248
0.006625483571490678284809927590
0.006623002282679490287931045600
0.006620229443838417451861921847
0.006617165177030158267068582489
0.006613809617146197000758789386
0.006610162911901130283753857952
0.006606225221825854851398496237
0.006601996720260741406682836185
0.006597477593348012245288991551
0.006592668040023275805028291074
0.006587568272007087236130651320
0.006582178513795451657575341642
0.006576499002649911079787514723
0.006570529988587346832684676912
0.006564271734368579830354306637
0.006557724515487141705993856533
0.006550888620157103124641562175
0.006543764349300176981494292505
0.006536352016532579606300501496
0.006528651948151417520882500156
0.006520664483119986525039291081
0.006512389973053176600581437583
0.006503828782201659039485797109
0.006494981287436205411034428892
0.006485847878230784416264675940
0.006476428956645640527822749277
0.006466724937309441950672450616
0.006456736247401222150710253800
0.006446463326631284018741752107
0.006435906627222104901819843548
0.006425066613888276260968535070
0.006413943763816216947493131784
0.006402538566642893350100429473
0.006390851524434579440658854566
0.006378883151664421595483656091
0.006366633975190151735479293649
0.006354104534230636466829444942
0.006341295380342179890953424604
0.006328207077394372784273635091
0.006314840201544998088412086190
0.006301195341215059565753708881
0.006287273097062564056192179862
0.006273074081956209191446305340
0.006258598920948371148453848178
0.006243848251247557240573016202
0.006228822722190426562638432273
0.006213522995213212156417892373
0.006197949743822507399915178183
0.006182103653565647338741229078
0.006165985422000746542237070713
0.006149595758665579031676529098
0.006132935385046643823880874180
0.006116005034547382195053710774
0.006098805452455812944889679272
0.006081337395911695815897690665
0.006063601633873374856242843833
0.006045598947083693705528695261
0.006027330128035760826998856743
0.006008795980938178710184516262
0.005989997321679286015894128070
0.005970934977791693756832280826
0.005951609788415466659183827858
0.005932022604261414679138741946
0.005912174287573552719510239228
0.005892065712091170900932546317
0.005871697763010379211845446434
0.005851071336945114394201272745
0.005830187341887690596897719786
0.005809046697168794050336604329
0.005787650333417077019859675602
0.005765999192518183637246043105
0.005744094227573138221332182951
0.005721936402856623443691219677
0.005699526693774422357596787236
0.005676866086820336540497144995
0.005653955579533109440659721656
0.005630796180452123274318143586
0.005607388909073282405592930644
0.005583734795803953036841260626
0.005559834881917778866278201377
0.005535690219508743875609368956
0.005511301871444764140239858108
0.005486670911321063666410413617
0.005461798423412896237583158410
0.005436685502627642760375969999
0.005411333254456922488284664752
0.005385742794927538511229325735
0.005359915250552704270303738809
0.005333851758282263065547024183
0.005307553465452567557913976515
0.005281021529736315035796767603
0.005254257119091169242475203305
0.005227261411708630269024045134
0.005200035595961985911139802141
0.005172580870354132921706824533
0.005144898443464751211506857942
0.005116989533897163197617707908
0.005088855370224611152085714139
0.005060497190936232708713404804
0.005031916244382430083992296943
0.005003113788720189858416631523
0.004974091091857279524346413524
0.004944849431396843020269926683
0.004915390094580982319194539798
0.004885714378233894927827662968
0.004855823588705224756745248982
0.004825719041812141438252403702
0.004795402062781729292384458319
0.004764873986192416990825826417
0.004734136155915313545761158309
0.004703189925055186078328706145
0.004672036655890562419080058731
0.004640677719814163305900311940
0.004609114497272152367879360924
0.004577348377703766013624431253
0.004545380759479801871525417312
0.004513213049841158404362762013
0.004480846664837012834070595346
0.004448283029262384974389377135
0.004415523576595379272313746100
0.004382569748934136283358142805
0.004349422996933414650722049544
0.004316084779740569400685590296
0.004282556564931499012982563102
0.004248839828445878652463107983
0.004214936054522304062497362054
0.004180846735632931521209343373
0.004146573372417723148120050070
0.004112117473618379960564883646
0.004077480556012052885506147248
0.004042664144344489118854113485
0.004007669771262886183882390156
0.003972498977248434606779348144
0.003937153310548521453759995836
0.003901634327108640699910413474
0.003865943590503729404561639171
0.003830082671869489575194878128
0.003794053149833221706688224373
0.003757856610444219001843091377
0.003721494647104060544268167021
0.003684968860496389692071872446
0.003648280858516516397122009252
0.003611432256200562858350355810
0.003574424675654502055882622003
0.003537259745982531886077104843
0.003499939103215618432102251845
0.003462464390239283328759567482
0.003424837256721320871005742603
0.003387059359039226724696902693
0.003349132360207310917660228355
0.003311057929803404905472197228
0.003272837743895298454055442505
0.003234473484967232467107711713
0.003195966841845615091094456872
0.003157319509624608149661595391
0.003118533189591805952073366726
0.003079609589152995565569659320
0.003040550421757283548057637645
0.003001357406821462438240022408
0.002962032269654477426024108411
0.002922576741381402963548818974
0.002882992558867185622223372476
0.002843281464640210007971399264
0.002803445206815770567726486817
0.002763485539018805271088696784
0.002723404220307011798507534905
0.002683203015093172261879006513
0.002642883693067583743274706620
0.002602448029120176583445234186
0.002561897803262360752418747012
0.002521234800548633261940700834
0.002480460810998022080225977604
0.002439577629515364814299926977
0.002398587055812163252449531470
0.002357490894327465662250187250
0.002316290954148341428575630374
0.002274989048930409034354749309
0.002233586996817734336706617881
0.002192086620363064078387260736
0.002150489746447500384596285272
0.002108798206200004823201998860
0.002067013834916879913561338356
0.002025138471980950961859324622
0.001983173960780706263085093610
0.001941122148628927727986859253
0.001898984886681560468185692159
0.001856764029856293549830548173
0.001814461436750621197572241883
0.001772078969560369338109850901
0.001729618493997537795325847298
0.001687081879208287551671907600
0.001644470997690568921795195578
0.001601787725211957025620024275
0.001559033940726682349736664790
0.001516211526293492458175582449
0.001473322366992494553139536606
0.001430368350842333704728281951
0.001387351368717247481615606475
0.001344273314263833051310226274
0.001301136083817917279623066484
0.001257941576321127156654067214
0.001214691693237788302356383596
0.001171388338471207645266614072
0.001128033418280608357261995955
0.001084628841197468910803602959
0.001041176517942496394450446751
0.000997678361342468423070273253
0.000954136286247287443255948869
0.000910552209447857622930111443
0.000866928049594612695934181534
0.000823265727116797977648554596
0.000779567164144379510896942787
0.000735834284432224398561639411
0.000692069013289465899407826299
0.000648273277516794475469619208
0.000604449005357254962739199655
0.000560598126470953435525335085
0.000516722571953168912164966464
0.000472824274436119823539215190
0.000428905168356339327670467831
0.000384967190577686988860878214
0.000341012281823558542973029439
0.000297042390130269635256654581
0.000253059479915378139538301161
0.000209065558990718464377547847
0.000165062774753013723422548353
0.000121053859157200307010079920
0.000077045267078436560919015019
0.000033098359676588745093093330
