0.000781899506079513652821721958
0.001794785627640207298361119115
0.002813653389185148678830472591
0.003833872658329200502902445180
0.004854604586212330624706012827
0.005875584590894654922477169379
0.006896703235113570661096726866
0.007917907143071055073302311200
0.008939167202428958611259979250
0.009960466192158025020009226580
0.010981793276603266443225415117
0.012003141298244202062051044777
0.013024505339670098061355396624
0.014045881911081090423487616192
0.015067268467410747240231572164
0.016088663108978284305150552314
0.017110064389155313357981924582
0.018131471186931414490972613862
0.019152882620194884577546901028
0.020174297985321328757768455375
0.021195716714210471876000951852
0.022217138343159578001140275205
0.023238562489939624394752470948
0.024259988836655071303693986806
0.025281417116757430585405330703
0.026302847105081104267521041606
0.027324278610112519988240009639
0.028345711467931376803530696407
0.029367145537413048839159301906
0.030388580696399856290179641860
0.031410016838618291801221715787
0.032431453871178225756288782122
0.033452891712531400425501004747
0.034474330290790965170000248463
0.035495769542341945590457896742
0.036517209410685147474850964500
0.037538649845468681498505958416
0.038560090801674613836258487254
0.039581532238930440537050259309
0.040602974120925103274082346161
0.041624416414910971051543953081
0.042645859091276952512750142432
0.043667302123181366002580006125
0.044688745486236317039363541426
0.045710189158233008321907675509
0.046731633118904006285454499903
0.047753077349714866117746936425
0.048774521833683984195495497715
0.049795966555222150040638240398
0.050817411499993248025219827468
0.051838856654790946287825192940
0.052860302007428708326308708365
0.053881747546644279123206899840
0.054903193262013073872029877975
0.055924639143871503199623163027
0.056946085183249270378347262067
0.057967531371807892726089050939
0.058988977701786300678055141589
0.060010424165951287145404080547
0.061031870757553993711574946701
0.062053317470289255652904358840
0.063074764298260199701928740978
0.064096211235945804718383556065
0.065117658278170814645235964235
0.066139105420079863373317152764
0.067160552657112335128708480170
0.068181999984980867779427171627
0.069203447399650980242924447339
0.070224894897322587272725513685
0.071246342474413512646513879645
0.072267790127543557465727985800
0.073289237853521094212538855572
0.074310685649329438762222821424
0.075332133512115498352734732634
0.076353581439178572209947049032
0.077375029427960331784852598958
0.078396477476035578146884574835
0.079417925581103734899990342910
0.080439373740980757432339487423
0.081460821953592124633480864304
0.082482270216965483666804459517
0.083503718529225251510084149231
0.084525166888585967495117756698
0.085546615293347338937479662491
0.086568063741889272888485606927
0.087589512232666685842552567465
0.088610960764205909390156534755
0.089632409335099985647765663543
0.090653857944005336588766397199
0.091675306589637989285179742183
0.092696755270770328505314239464
0.093718203986228126867175092229
0.094739652734887519480722062326
0.095761101515672478190488448035
0.096782550327552271940412254025
0.097803999169538691216274628459
0.098825448040684632511343465922
0.099846896940081253379872805453
0.100868345866856320980353700634
0.101889794820172630007704128730
0.102911243799225685102705085683
0.103932692803242715529066231284
0.104954141831480732283132795146
0.105975590883224959903863293675
0.106997039957788142583439139344
0.108018489054508587399183738853
0.109039938172749095723901291421
0.110061387311896130558608319916
0.111082836471358484264904120664
0.112104285650566112830794907040
0.113125734848969650148120535960
0.114147184066038923089259071730
0.115168633301262590684643782879
0.116190082554146881244072631034
0.117211531824215259289800883380
0.118232981111007273700153064055
0.119254430414078169131464335351
0.120275879732997983961872989767
0.121297329067351092324322792138
0.122318778416735579606111627982
0.123340227780762659581803575293
0.124361677159055980523838513818
0.125383126551251389280139392213
0.126404575956996251262509645130
0.127426025375948992479635535346
0.128447474807778655447876303697
0.129468924252164746535598283117
0.130490373708796431051482045405
0.131511823177372255688766244930
0.132533272657599926480642693605
0.133554722149195892466622126449
0.134576171651885095892353660929
0.135597621165400250564658790609
0.136619070689482202674014388322
0.137640520223879070371708621678
0.138661969768346243769840953064
0.139683419322646024118839136463
0.140704868886547318496127445542
0.141726318459825723072853520534
0.142747768042262745957771130634
0.143769217633646001486269483394
0.144790667233768988175768299698
0.145812116842430505858629885552
0.146833566459435044260217750889
0.147855016084592005842779371960
0.148876465717715955605626731995
0.149897915358626065973624008620
0.150919365007146477619670577042
0.151940814663105688842037466202
0.152962264326336389030913665010
0.153983713996675708468586663002
0.155005163673964718729081369020
0.156026613358048377167008879951
0.157048063048775610184293327620
0.158069512745998702607508334950
0.159090962449573769532662481652
0.160112412159360284480413838537
0.161133861875220885107040658113
0.162155311597021623004621915243
0.163176761324631491856251841455
0.164198211057922566213918003086
0.165219660796769890476198838769
0.166241110541051145821356271881
0.167262560290646927763091866836
0.168284010045440302061336979023
0.169305459805316971255706448574
0.170326909570165219154347369113
0.171348359339875522255880468947
0.172369809114340799549580651728
0.173391258893456190470772071421
0.174412708677119082656403747933
0.175434158465228806633717795194
0.176455608257686857864854346190
0.177477058054396813480124706075
0.178498507855263915944377117739
0.179519957660195544901782227498
0.180541407469100689819896388144
0.181562857281890144278690968349
0.182584307098476478214976737036
0.183605756918773788122223322716
0.184627206742697863584012907268
0.185648656570165937473859685269
0.186670106401096907999814789036
0.187691556235410950126407669813
0.188713006073029765374826638435
0.189734455913876359778313940296
0.190755905757875099393316986607
0.191777355604951599277185891879
0.192798805455032806754900320811
0.193820255308046751618888947633
0.194841705163922768173634381128
0.195863155022591189924341392725
0.196884604883983543865966225894
0.197906054748032439460914133633
0.198927504614671374350010069065
0.199948954483835067419406072986
0.200970404355459070222522655058
0.201991854229479850246775640699
0.203013304105834818669151786708
0.204034753984462358111784396897
0.205056203865301572841772781430
0.206077653748292427549060334968
0.207099103633375719590858921038
0.208120553520492995724922025147
0.209142003409586579865120370414
0.210163453300599489814715070679
0.211184903193475409510782014877
0.212206353088158772290938713923
0.213227802984594622115466222567
0.214249252882728613567309139398
0.215270702782507011852075606839
0.216292152683876692798037311150
0.217313602586785115100553866796
0.218335052491180237055345969566
0.219356502397010516558495396566
0.220377952304224938862020621855
0.221399402212773044329452432066
0.222420852122604706391229001383
0.223442302033670325833725200937
0.224463751945920747532525751922
0.225485201859307121674547147450
0.226506651773781098047066961954
0.227528101689294603993118926155
0.228549551605800038700522236468
0.229571001523250023401701014336
0.230592451441597512395986768752
0.231613901360795848560769627511
0.232635351280798596818044643442
0.233656801201559599645563025661
0.234678251123032893810105292687
0.235699701045172932412086197473
0.236721150967934196307496108602
0.237742600891271499419232782202
0.238764050815139738936920821288
0.239785500739494089605940985166
0.240806950664289837193976495655
0.241828400589482461757739883979
0.242849850515027526620670528246
0.243871300440880706128510269082
0.244892750366997785649303409627
0.245914200293334661573396715539
0.246935650219847313557863799360
0.247957100146491665748627042376
0.248978550073223892091789366532
0.250000000000000000000000000000
0.251021449926776163419361864726
0.252042899853508362006948573253
0.253064349780152741953287431897
0.254085799706665338426603284461
0.255107249633002242106272206001
0.256128699559119321627065346547
0.257150149484972501134905087383
0.258171599410517538242260116021
0.259193049335710135050447888716
0.260214499260505938149634630463
0.261235949184860316574230409969
0.262257399108728528336342833427
0.263278849032065831448079507027
0.264300298954827095343489418156
0.265321748876967078434319091684
0.266343198798440428110012589968
0.267364648719201403181955356558
0.268386098639204151439230372489
0.269407548558402487604013231248
0.270428998476750004353874601293
0.271450448394199961299477763532
0.272471898310705396006881073845
0.273493348226218901952933038046
0.274514798140692906081028468179
0.275536248054079280223049863707
0.276557697966329674166274799063
0.277579147877395349119922229875
0.278600597787227011181698799192
0.279622047695775088893554993774
0.280643497602989511197080219063
0.281664947508819762944654030434
0.282686397413214884899446133204
0.283707847316123307201962688850
0.284729297217493071414651240048
0.285750747117271386432690860602
0.286772197015405405640109393062
0.287793646911841227709061286077
0.288815096806524562733642369494
0.289836546699400565696436160579
0.290857996590413447890455245215
0.291879446479507032030653590482
0.292900896366624308164716694591
0.293922346251707600206515280661
0.294943796134698454913802834199
0.295965246015537697399366834361
0.296986695894165209086423828921
0.298008145770520205264375590559
0.299029595644541013044204191829
0.300051045516164960336169542643
0.301072495385328597894414315306
0.302093945251967643805812713254
0.303115395116016483889609389735
0.304136844977408893342385454162
0.305158294836077259581941234501
0.306179744691953303892262283625
0.307201194544967248756250910446
0.308222644395048428478389723750
0.309244094242124956117834244651
0.310265544086123723488412906590
0.311286993926970290136324592822
0.312308443764589049873592330187
0.313329893598903119755760826592
0.314351343429834062526140314731
0.315372793257302164171562708361
0.316394243081226267388927908542
0.317415692901523549540598878593
0.318437142718109855721309031651
0.319458592530899365691254843114
0.320480042339804538364944619389
0.321501492144736111811198497890
0.322522941945603214275450909554
0.323544391742313197646296885068
0.324565841534771248877433436064
0.325587291322880945099171867696
0.326608741106543865040379159836
0.327630190885659200450419348272
0.328651640660124533255270762311
0.329673090429834780845652630887
0.330694540194683028744293551426
0.331715989954559697938663020977
0.332737439709353155503634980050
0.333758889458948881934219343748
0.334780339203230137279376776860
0.335801788942077461541657612543
0.336823238675368563654899389803
0.337844688402978376995378084757
0.338866138124779059381808110629
0.339887587840639715519586161463
0.340909037550426285978488749606
0.341930487254001325148067280679
0.342951936951224389815706672380
0.343973386641951650588566735678
0.344994836326035392293221093496
0.346016286003324347042564568255
0.347037735673663638724661950619
0.348059185336894394424689380685
0.349080634992853522380329422958
0.350102084641373989537527222637
0.351123534282284044394373268005
0.352144983915407994157220628040
0.353166433540564983495357864740
0.354187883157569494141370114448
0.355209332766231067335382931560
0.356230782366354081780457363493
0.357252231957737254042228869366
0.358273681540174304682722095095
0.359295131113452681503872554458
0.360316580677354059147887710424
0.361338030231653783985734662565
0.362359479776120985139442609579
0.363380929310517797325985611678
0.364402378834599749435341209391
0.365423828348114931863221954700
0.366445277850804163044529104809
0.367466727342400101274932922024
0.368488176822627744311233755070
0.369509626291203596704093570224
0.370531075747835281219977332512
0.371552525192221372307699311932
0.372573974624051063031515695911
0.373595424043003832004217201757
0.374616873448748610719860607787
0.375638322840944061109524909625
0.376659772219237354295984232522
0.377681221583264503660615218905
0.378702670932648977064616246935
0.379724120267002029915914818048
0.380745569585921872501899088093
0.381767018888992726299846935945
0.382788468175784823976925963507
0.383809917445853132633715176780
0.384831366698737409315356217121
0.385852815933961146299679967342
0.386874265151030405363030695298
0.387895714349433873291417285145
0.388917163528641529612883687150
0.389938612688103869441391680084
0.390960061827250959787249939836
0.391981510945491495867543108034
0.393002960042211912927712091914
0.394024409116775053973924514139
0.395045858168519337105806243926
0.396067307196757312226509384345
0.397088756200774328775082722132
0.398110205179827369992295871270
0.399131654133143665141858491552
0.400153103059918802131278425804
0.401174551959315395244232149707
0.402196000830461364294876602798
0.403217449672447769692951169418
0.404238898484327535687299359779
0.405260347265112508274853553303
0.406281796013771900888400523399
0.407303244729229740883624799608
0.408324693410362038470395873446
0.409346142055994677289021410616
0.410367590664900028230022144271
0.411389039235794118365419080874
0.412410487767333300279659624721
0.413431936258110754867090008702
0.414453384706652716573671568767
0.415474833111414032504882243302
0.416496281470774776245491466398
0.417517729783034585722134579555
0.418539178046407889244306943510
0.419560626259019298078811743835
0.420582074418896278977797464904
0.421603522523964435730903232979
0.422624970572039682092935208857
0.423646418560821469423416374411
0.424667866487884571036204306438
0.425689314350670644504504025463
0.426710762146478961298612375685
0.427732209872456525800998861087
0.428753657525586528986849543799
0.429775105102677468238425717573
0.430796552600349103023802399548
0.431818000015019187731724059631
0.432839447342887706504654943274
0.433860894579920164382258462865
0.434882341721829213110339651394
0.435903788764054223037192059564
0.436925235701739800298071259022
0.437946682529710806797140776325
0.438968129242446047921788476742
0.439989575834048796121322766339
0.441011022298213706260838762319
0.442032468628192176662849988134
0.443053914816750771255016161376
0.444075360856128531494846356509
0.445096806737986905311288410303
0.446118252453355790265732139233
0.447139697992571305551479099449
0.448161143345209123101113846133
0.449182588500006751974780172532
0.450204033444777884653831279138
0.451225478166316029682292310099
0.452246922650285154698934775297
0.453268366881096063103484539170
0.454289810841767005555880132306
0.455311254513763696838424266389
0.456332697876818682569677321226
0.457354140908723061365037665382
0.458375583585089063642925566455
0.459397025879074938359281077283
0.460418467761069594157419260227
0.461439909198325393102635416653
0.462461350154531325440387945491
0.463482790589314852525149035500
0.464504230457658096042905526701
0.465525669709209055646681463259
0.466547108287468592635605091345
0.467568546128821760365923410063
0.468589983161381729015459995935
0.469611419303600174934842925722
0.470632854462586958099734602001
0.471654288532068644013151015315
0.472675721389887504297888654037
0.473697152894918926957501525976
0.474718582883242590231276381019
0.475740011163344966860222484684
0.476761437510060392952482288820
0.477782861656840418529412772841
0.478804283285789500368423432519
0.479825702014678667772784592671
0.480847117379805122361347002879
0.481868528813068630611837761535
0.482889935610844700519805883232
0.483911336891021726103190303547
0.484932731532589311740366611048
0.485954118088918973761280994950
0.486975494660329966123413214518
0.487996858701755853449100186481
0.489018206723396742230391964767
0.490039533807842042634206336515
0.491060832797571122920743391660
0.492082092856928943191974212823
0.493103296764886456227117150775
0.494124415409105344210161092633
0.495145395413787714478104362570
0.496166127341670815109608838611
0.497186346610814899893426854760
0.498205214372359816987767544560
0.499218100493920513560652807428
0.000000000000000000000000000000
0.001022494887525562468413853345
0.002044989775051124936827706691
0.003067484662576687188401125539
0.004089979550102249873655413381
0.005112474437627812125228832230
0.006134969325153374376802251078
0.007157464212678937495737407914
0.008179959100204499747310826763
0.009202453987730061998884245611
0.010224948875255624250457664459
0.011247443762781186502031083307
0.012269938650306748753604502156
0.013292433537832311005177921004
0.014314928425357874991474815829
0.015337423312883437243048234677
0.016359918200408999494621653525
0.017382413087934561746195072374
0.018404907975460123997768491222
0.019427402862985686249341910070
0.020449897750511248500915328918
0.021472392638036810752488747767
0.022494887525562373004062166615
0.023517382413087935255635585463
0.024539877300613497507209004311
0.025562372188139063228229375113
0.026584867075664622010355842008
0.027607361963190187731376212810
0.028629856850715749982949631658
0.029652351738241312234523050506
0.030674846625766874486096469354
0.031697341513292433268222936249
0.032719836400817998989243307051
0.033742331288343557771369773945
0.034764826175869123492390144747
0.035787321063394682274516611642
0.036809815950920247995536982444
0.037832310838445806777663449338
0.038854805725971372498683820140
0.039877300613496938219704190942
0.040899795501022497001830657837
0.041922290388548062722851028639
0.042944785276073621504977495533
0.043967280163599187225997866335
0.044989775051124746008124333230
0.046012269938650311729144704032
0.047034764826175870511271170926
0.048057259713701429293397637821
0.049079754601226995014418008623
0.050102249488752560735438379425
0.051124744376278126456458750226
0.052147239263803678299691313214
0.053169734151329244020711684016
0.054192229038854802802838150910
0.055214723926380375462752425619
0.056237218813905941183772796421
0.057259713701431499965899263316
0.058282208588957065686919634118
0.059304703476482624469046101012
0.060327198364008183251172567907
0.061349693251533748972192938709
0.062372188139059307754319405603
0.063394683026584866536445872498
0.064417177914110432257466243300
0.065439672801635997978486614102
0.066462167689161563699506984904
0.067484662576687115542739547891
0.068507157464212681263759918693
0.069529652351738246984780289495
0.070552147239263798828012852482
0.071574642126789364549033223284
0.072597137014314930270053594086
0.073619631901840495991073964888
0.074642126789366047834306527875
0.075664621676891613555326898677
0.076687116564417193154135077293
0.077709611451942744997367640281
0.078732106339468310718388011082
0.079754601226993876439408381884
0.080777096114519442160428752686
0.081799591002044994003661315674
0.082822085889570559724681686475
0.083844580777096125445702057277
0.084867075664621677288934620265
0.085889570552147243009954991066
0.086912065439672808730975361868
0.087934560327198374451995732670
0.088957055214723926295228295658
0.089979550102249492016248666459
0.091002044989775057737269037261
0.092024539877300623458289408063
0.093047034764826175301521971051
0.094069529652351741022542341852
0.095092024539877306743562712654
0.096114519427402858586795275642
0.097137014314928424307815646443
0.098159509202453990028836017245
0.099182004089979555749856388047
0.100204498977505121470876758849
0.101226993865030687191897129651
0.102249488752556252912917500453
0.103271983640081790878362255626
0.104294478527607356599382626428
0.105316973415132922320402997229
0.106339468302658488041423368031
0.107361963190184039884655931019
0.108384458077709605605676301820
0.109406952965235185204484480437
0.110429447852760750925504851239
0.111451942740286316646525222041
0.112474437627811882367545592842
0.113496932515337434210778155830
0.114519427402862999931798526632
0.115541922290388565652818897433
0.116564417177914131373839268235
0.117586912065439683217071831223
0.118609406952965248938092202025
0.119631901840490814659112572826
0.120654396728016366502345135814
0.121676891615541932223365506616
0.122699386503067497944385877418
0.123721881390593063665406248219
0.124744376278118615508638811207
0.125766871165644195107446989823
0.126789366053169733072891744996
0.127811860940695298793912115798
0.128834355828220864514932486600
0.129856850715746430235952857402
0.130879345603271995956973228203
0.131901840490797561677993599005
0.132924335378323127399013969807
0.133946830265848665364458724980
0.134969325153374231085479095782
0.135991820040899796806499466584
0.137014314928425362527519837386
0.138036809815950928248540208187
0.139059304703476493969560578989
0.140081799591002059690580949791
0.141104294478527597656025704964
0.142126789366053163377046075766
0.143149284253578729098066446568
0.144171779141104294819086817370
0.145194274028629860540107188172
0.146216768916155426261127558973
0.147239263803680991982147929775
0.148261758691206557703168300577
0.149284253578732095668613055750
0.150306748466257661389633426552
0.151329243353783227110653797354
0.152351738241308792831674168156
0.153374233128834386308270154586
0.154396728016359924273714909759
0.155419222903885489994735280561
0.156441717791411055715755651363
0.157464212678936621436776022165
0.158486707566462187157796392967
0.159509202453987752878816763769
0.160531697341513318599837134570
0.161554192229038884320857505372
0.162576687116564422286302260545
0.163599182004089988007322631347
0.164621676891615553728343002149
0.165644171779141119449363372951
0.166666666666666685170383743753
0.167689161554192250891404114554
0.168711656441717816612424485356
0.169734151329243354577869240529
0.170756646216768920298889611331
0.171779141104294486019909982133
0.172801635991820051740930352935
0.173824130879345617461950723737
0.174846625766871183182971094539
0.175869120654396748903991465340
0.176891615541922286869436220513
0.177914110429447852590456591315
0.178936605316973418311476962117
0.179959100204498984032497332919
0.180981595092024549753517703721
0.182004089979550115474538074523
0.183026584867075681195558445324
0.184049079754601246916578816126
0.185071574642126784882023571299
0.186094069529652350603043942101
0.187116564417177916324064312903
0.188139059304703482045084683705
0.189161554192229047766105054507
0.190184049079754613487125425308
0.191206543967280179208145796110
0.192229038854805717173590551283
0.193251533742331282894610922085
0.194274028629856848615631292887
0.195296523517382414336651663689
0.196319018404907980057672034491
0.197341513292433573534268020921
0.198364008179959111499712776094
0.199386503067484677220733146896
0.200408997955010242941753517698
0.201431492842535808662773888500
0.202453987730061374383794259302
0.203476482617586940104814630104
0.204498977505112505825835000905
0.205521472392638043791279756078
0.206543967280163581756724511251
0.207566462167689175233320497682
0.208588957055214713198765252855
0.209611451942740306675361239286
0.210633946830265844640805994459
0.211656441717791438117401980890
0.212678936605316976082846736062
0.213701431492842541803867106864
0.214723926380368079769311862037
0.215746421267893673245907848468
0.216768916155419211211352603641
0.217791411042944804687948590072
0.218813905930470370408968960874
0.219836400817995936129989331675
0.220858895705521501851009702477
0.221881390593047039816454457650
0.222903885480572633293050444081
0.223926380368098171258495199254
0.224948875255623764735091185685
0.225971370143149302700535940858
0.226993865030674868421556311660
0.228016359918200406387001066832
0.229038854805725999863597053263
0.230061349693251537829041808436
0.231083844580777131305637794867
0.232106339468302669271082550040
0.233128834355828262747678536471
0.234151329243353800713123291644
0.235173824130879366434143662445
0.236196319018404904399588417618
0.237218813905930497876184404049
0.238241308793456035841629159222
0.239263803680981629318225145653
0.240286298568507167283669900826
0.241308793456032733004690271628
0.242331288343558270970135026801
0.243353783231083864446731013231
0.244376278118609402412175768404
0.245398773006134995888771754835
0.246421267893660533854216510008
0.247443762781186127330812496439
0.248466257668711665296257251612
0.249488752556237231017277622414
0.250511247443762796738297993215
0.251533742331288390214893979646
0.252556237218813928180338734819
0.253578732106339466145783489992
0.254601226993865004111228245165
0.255623721881390597587824231596
0.256646216768916135553268986769
0.257668711656441729029864973199
0.258691206543967266995309728372
0.259713701431492860471905714803
0.260736196319018398437350469976
0.261758691206543991913946456407
0.262781186094069585390542442838
0.263803680981595123355987198011
0.264826175869120716832583184441
0.265848670756646254798027939614
0.266871165644171792763472694787
0.267893660531697330728917449960
0.268916155419222924205513436391
0.269938650306748462170958191564
0.270961145194274055647554177995
0.271983640081799593612998933168
0.273006134969325187089594919598
0.274028629856850725055039674771
0.275051124744376318531635661202
0.276073619631901856497080416375
0.277096114519427449973676402806
0.278118609406952987939121157979
0.279141104294478581415717144409
0.280163599182004119381161899582
0.281186094069529657346606654755
0.282208588957055195312051409928
0.283231083844580788788647396359
0.284253578732106326754092151532
0.285276073619631920230688137963
0.286298568507157458196132893136
0.287321063394683051672728879566
0.288343558282208589638173634739
0.289366053169734183114769621170
0.290388548057259721080214376343
0.291411042944785314556810362774
0.292433537832310852522255117947
0.293456032719836445998851104378
0.294478527607361983964295859550
0.295501022494887521929740614723
0.296523517382413115406336601154
0.297546012269938653371781356327
0.298568507157464191337226111500
0.299591002044989784813822097931
0.300613496932515322779266853104
0.301635991820040916255862839535
0.302658486707566454221307594707
0.303680981595092047697903581138
0.304703476482617585663348336311
0.305725971370143179139944322742
0.306748466257668772616540309173
0.307770961145194310581985064346
0.308793456032719848547429819519
0.309815950920245442024025805949
0.310838445807770979989470561122
0.311860940695296517954915316295
0.312883435582822111431511302726
0.313905930470347649396956057899
0.314928425357873242873552044330
0.315950920245398780838996799503
0.316973415132924374315592785933
0.317995910020449912281037541106
0.319018404907975505757633527537
0.320040899795501043723078282710
0.321063394683026637199674269141
0.322085889570552175165119024314
0.323108384458077768641715010745
0.324130879345603306607159765917
0.325153374233128844572604521090
0.326175869120654382538049276263
0.327198364008179976014645262694
0.328220858895705513980090017867
0.329243353783231107456686004298
0.330265848670756645422130759471
0.331288343558282238898726745902
0.332310838445807776864171501074
0.333333333333333370340767487505
0.334355828220858908306212242678
0.335378323108384501782808229109
0.336400817995910039748252984282
0.337423312883435633224848970713
0.338445807770961171190293725886
0.339468302658486709155738481059
0.340490797546012247121183236231
0.341513292433537840597779222662
0.342535787321063378563223977835
0.343558282208588972039819964266
0.344580777096114510005264719439
0.345603271983640103481860705870
0.346625766871165641447305461043
0.347648261758691234923901447473
0.348670756646216772889346202646
0.349693251533742366365942189077
0.350715746421267959842538175508
0.351738241308793497807982930681
0.352760736196319035773427685854
0.353783231083844573738872441027
0.354805725971370167215468427457
0.355828220858895705180913182630
0.356850715746421298657509169061
0.357873210633946836622953924234
0.358895705521472430099549910665
0.359918200408997968064994665838
0.360940695296523561541590652268
0.361963190184049099507035407441
0.362985685071574692983631393872
0.364008179959100230949076149045
0.365030674846625824425672135476
0.366053169734151362391116890649
0.367075664621676900356561645822
0.368098159509202493833157632253
0.369120654396728031798602387425
0.370143149284253569764047142598
0.371165644171779163240643129029
0.372188139059304701206087884202
0.373210633946830294682683870633
0.374233128834355832648128625806
0.375255623721881426124724612237
0.376278118609406964090169367410
0.377300613496932557566765353840
0.378323108384458095532210109013
0.379345603271983689008806095444
0.380368098159509226974250850617
0.381390593047034820450846837048
0.382413087934560358416291592221
0.383435582822085896381736347394
0.384458077709611434347181102567
0.385480572597137027823777088997
0.386503067484662565789221844170
0.387525562372188159265817830601
0.388548057259713697231262585774
0.389570552147239290707858572205
0.390593047034764828673303327378
0.391615541922290422149899313808
0.392638036809815960115344068981
0.393660531697341553591940055412
0.394683026584867147068536041843
0.395705521472392685033980797016
0.396728016359918222999425552189
0.397750511247443760964870307362
0.398773006134969354441466293792
0.399795501022494892406911048965
0.400817995910020485883507035396
0.401840490797546023848951790569
0.402862985685071617325547777000
0.403885480572597155290992532173
0.404907975460122748767588518604
0.405930470347648286733033273777
0.406952965235173880209629260207
0.407975460122699418175074015380
0.408997955010225011651670001811
0.410020449897750549617114756984
0.411042944785276087582559512157
0.412065439672801625548004267330
0.413087934560327163513449022503
0.414110429447852812501196240191
0.415132924335378350466640995364
0.416155419222903888432085750537
0.417177914110429426397530505710
0.418200408997955075385277723399
0.419222903885480613350722478572
0.420245398773006151316167233745
0.421267893660531689281611988918
0.422290388548057338269359206606
0.423312883435582876234803961779
0.424335378323108414200248716952
0.425357873210633952165693472125
0.426380368098159545642289458556
0.427402862985685083607734213729
0.428425357873210621573178968902
0.429447852760736159538623724075
0.430470347648261808526370941763
0.431492842535787346491815696936
0.432515337423312884457260452109
0.433537832310838422422705207282
0.434560327198364071410452424971
0.435582822085889609375897180144
0.436605316973415147341341935316
0.437627811860940740817937921747
0.438650306748466278783382676920
0.439672801635991872259978663351
0.440695296523517410225423418524
0.441717791411043003702019404955
0.442740286298568541667464160128
0.443762781186094079632908915301
0.444785276073619617598353670473
0.445807770961145266586100888162
0.446830265848670804551545643335
0.447852760736196342516990398508
0.448875255623721880482435153681
0.449897750511247529470182371369
0.450920245398773067435627126542
0.451942740286298605401071881715
0.452965235173824143366516636888
0.453987730061349736843112623319
0.455010224948875274808557378492
0.456032719836400812774002133665
0.457055214723926350739446888838
0.458077709611451999727194106526
0.459100204498977537692638861699
0.460122699386503075658083616872
0.461145194274028613623528372045
0.462167689161554262611275589734
0.463190184049079800576720344907
0.464212678936605338542165100080
0.465235173824130876507609855253
0.466257668711656525495357072941
0.467280163599182063460801828114
0.468302658486707601426246583287
0.469325153374233139391691338460
0.470347648261758732868287324891
0.471370143149284270833732080064
0.472392638036809808799176835237
0.473415132924335346764621590410
0.474437627811860995752368808098
0.475460122699386533717813563271
0.476482617586912071683258318444
0.477505112474437609648703073617
0.478527607361963258636450291306
0.479550102249488796601895046479
0.480572597137014334567339801652
0.481595092024539928043935788082
0.482617586912065466009380543255
0.483640081799591003974825298428
0.484662576687116541940270053601
0.485685071574642190928017271290
0.486707566462167728893462026463
0.487730061349693266858906781636
0.488752556237218804824351536809
0.489775051124744453812098754497
0.490797546012269991777543509670
0.491820040899795529742988264843
0.492842535787321067708433020016
0.493865030674846716696180237705
0.494887525562372254661624992877
0.495910020449897792627069748050
0.496932515337423330592514503223
0.497955010224948924069110489654
0.498977505112474462034555244827
0.500000000000000000000000000000
0.501022494887525593476595986431
0.502044989775051186953191972862
0.503067484662576780429787959292
0.504089979550102262884081483207
0.505112474437627856360677469638
0.506134969325153449837273456069
0.507157464212678932291566979984
0.508179959100204525768162966415
0.509202453987730008222456490330
0.510224948875255712721354939276
0.511247443762781195175648463191
0.512269938650306788652244449622
0.513292433537832271106537973537
0.514314928425357975605436422484
0.515337423312883458059729946399
0.516359918200409051536325932830
0.517382413087934533990619456745
0.518404907975460127467215443176
0.519427402862985720943811429606
0.520449897750511203398104953521
0.521472392638036796874700939952
0.522494887525562390351296926383
0.523517382413087983827892912814
0.524539877300613466282186436729
0.525562372188139170781084885675
0.526584867075664653235378409590
0.527607361963190246711974396021
0.528629856850715729166267919936
0.529652351738241433665166368883
0.530674846625766916119459892798
0.531697341513292509596055879229
0.532719836400817992050349403144
0.533742331288343585526945389574
0.534764826175869179003541376005
0.535787321063394661457834899920
0.536809815950920254934430886351
0.537832310838445848411026872782
0.538854805725971441887622859213
0.539877300613496924341916383128
0.540899795501022517818512369558
0.541922290388548111295108355989
0.542944785276073704771704342420
0.543967280163599187225997866335
0.544989775051124780702593852766
0.546012269938650374179189839197
0.547034764826175967655785825627
0.548057259713701450110079349543
0.549079754601227043586675335973
0.550102249488752637063271322404
0.551124744376278119517564846319
0.552147239263803712994160832750
0.553169734151329195448454356665
0.554192229038854899947352805611
0.555214723926380382401646329527
0.556237218813905975878242315957
0.557259713701431458332535839872
0.558282208588957162831434288819
0.559304703476482645285727812734
0.560327198364008238762323799165
0.561349693251533721216617323080
0.562372188139059314693213309511
0.563394683026584908169809295941
0.564417177914110390624102819856
0.565439672801635984100698806287
0.566462167689161577577294792718
0.567484662576687171053890779149
0.568507157464212653508184303064
0.569529652351738358007082752010
0.570552147239263840461376275925
0.571574642126789433937972262356
0.572597137014314916392265786271
0.573619631901840620891164235218
0.574642126789366103345457759133
0.575664621676891696822053745564
0.576687116564417179276347269479
0.577709611451942772752943255909
0.578732106339468366229539242340
0.579754601226993848683832766255
0.580777096114519442160428752686
0.581799591002045035637024739117
0.582822085889570629113620725548
0.583844580777096111567914249463
0.584867075664621705044510235894
0.585889570552147298521106222324
0.586912065439672891997702208755
0.587934560327198374451995732670
0.588957055214723967928591719101
0.589979550102249561405187705532
0.591002044989775043859481229447
0.592024539877300637336077215878
0.593047034764826230812673202308
0.594069529652351824289269188739
0.595092024539877306743562712654
0.596114519427402900220158699085
0.597137014314928382674452223000
0.598159509202454087173350671947
0.599182004089979569627644195862
0.600204498977505163104240182292
0.601226993865030645558533706208
0.602249488752556350057432155154
0.603271983640081832511725679069
0.604294478527607425988321665500
0.605316973415132908442615189415
0.606339468302658501919211175846
0.607361963190184095395807162276
0.608384458077709577850100686192
0.609406952965235171326696672622
0.610429447852760764803292659053
0.611451942740286358279888645484
0.612474437627811840734182169399
0.613496932515337545233080618345
0.614519427402863027687374142261
0.615541922290388621163970128691
0.616564417177914103618263652606
0.617586912065439697094859639037
0.618609406952965290571455625468
0.619631901840490884048051611899
0.620654396728016366502345135814
0.621676891615541959978941122245
0.622699386503067553455537108675
0.623721881390593035909830632590
0.624744376278118629386426619021
0.625766871165644222863022605452
0.626789366053169816339618591883
0.627811860940695298793912115798
0.628834355828220892270508102229
0.629856850715746485747104088659
0.630879345603272079223700075090
0.631901840490797561677993599005
0.632924335378323155154589585436
0.633946830265848748631185571867
0.634969325153374231085479095782
0.635991820040899824562075082213
0.637014314928425307016368606128
0.638036809815951011515267055074
0.639059304703476493969560578989
0.640081799591002087446156565420
0.641104294478527569900450089335
0.642126789366053274399348538282
0.643149284253578756853642062197
0.644171779141104350330238048628
0.645194274028629832784531572543
0.646216768916155537283430021489
0.647239263803681019737723545404
0.648261758691206613214319531835
0.649284253578732095668613055750
0.650306748466257689145209042181
0.651329243353783282621805028612
0.652351738241308765076098552527
0.653374233128834358552694538957
0.654396728016359952029290525388
0.655419222903885545505886511819
0.656441717791411027960180035734
0.657464212678936732459078484681
0.658486707566462214913372008596
0.659509202453987808389967995026
0.660531697341513290844261518941
0.661554192229038884320857505372
0.662576687116564477797453491803
0.663599182004089960251747015718
0.664621676891615553728343002149
0.665644171779141147204938988580
0.666666666666666740681534975010
0.667689161554192223135828498926
0.668711656441717816612424485356
0.669734151329243410089020471787
0.670756646216769003565616458218
0.671779141104294486019909982133
0.672801635991820079496505968564
0.673824130879345672973101954994
0.674846625766871266449697941425
0.675869120654396748903991465340
0.676891615541922342380587451771
0.677914110429447935857183438202
0.678936605316973418311476962117
0.679959100204499011788072948548
0.680981595092024494242366472463
0.682004089979550198741264921409
0.683026584867075681195558445324
0.684049079754601274672154431755
0.685071574642126757126447955670
0.686094069529652461625346404617
0.687116564417177944079639928532
0.688139059304703537556235914963
0.689161554192229020010529438878
0.690184049079754724509427887824
0.691206543967280206963721411739
0.692229038854805800440317398170
0.693251533742331282894610922085
0.694274028629856876371206908516
0.695296523517382469847802894947
0.696319018404907952302096418862
0.697341513292433545778692405293
0.698364008179959139255288391723
0.699386503067484732731884378154
0.700408997955010215186177902069
0.701431492842535919685076351016
0.702453987730061402139369874931
0.703476482617586995615965861361
0.704498977505112478070259385277
0.705521472392638071546855371707
0.706543967280163665023451358138
0.707566462167689147477744882053
0.708588957055214740954340868484
0.709611451942740334430936854915
0.710633946830265927907532841346
0.711656441717791410361826365261
0.712678936605317003838422351691
0.713701431492842597315018338122
0.714723926380368190791614324553
0.715746421267893673245907848468
0.716768916155419266722503834899
0.717791411042944860199099821330
0.718813905930470453675695807760
0.719836400817995936129989331675
0.720858895705521529606585318106
0.721881390593047123083181304537
0.722903885480572605537474828452
0.723926380368098199014070814883
0.724948875255623681468364338798
0.725971370143149385967262787744
0.726993865030674868421556311660
0.728016359918200461898152298090
0.729038854805725944352445822005
0.730061349693251648851344270952
0.731083844580777131305637794867
0.732106339468302724782233781298
0.733128834355828207236527305213
0.734151329243353800713123291644
0.735173824130879394189719278074
0.736196319018404987666315264505
0.737218813905930470120608788420
0.738241308793456063597204774851
0.739263803680981657073800761282
0.740286298568507139528094285197
0.741308793456032733004690271628
0.742331288343558326481286258058
0.743353783231083919957882244489
0.744376278118609402412175768404
0.745398773006135106911074217351
0.746421267893660589365367741266
0.747443762781186182841963727697
0.748466257668711665296257251612
0.749488752556237258772853238042
0.750511247443762852249449224473
0.751533742331288334703742748388
0.752556237218813928180338734819
0.753578732106339521656934721250
0.754601226993865115133530707681
0.755623721881390597587824231596
0.756646216768916191064420218026
0.757668711656441784541016204457
0.758691206543967378017612190888
0.759713701431492860471905714803
0.760736196319018453948501701234
0.761758691206544047425097687665
0.762781186094069640901693674095
0.763803680981595123355987198011
0.764826175869120716832583184441
0.765848670756646310309179170872
0.766871165644171792763472694787
0.767893660531697386240068681218
0.768916155419222868694362205133
0.769938650306748573193260654079
0.770961145194274055647554177995
0.771983640081799649124150164425
0.773006134969325131578443688340
0.774028629856850836077342137287
0.775051124744376318531635661202
0.776073619631901912008231647633
0.777096114519427394462525171548
0.778118609406952987939121157979
0.779141104294478581415717144409
0.780163599182004063870010668325
0.781186094069529657346606654755
0.782208588957055250823202641186
0.783231083844580844299798627617
0.784253578732106326754092151532
0.785276073619631920230688137963
0.786298568507157513707284124393
0.787321063394683107183880110824
0.788343558282208589638173634739
0.789366053169734294137072083686
0.790388548057259776591365607601
0.791411042944785370067961594032
0.792433537832310852522255117947
0.793456032719836445998851104378
0.794478527607362039475447090808
0.795501022494887521929740614723
0.796523517382413115406336601154
0.797546012269938708882932587585
0.798568507157464302359528574016
0.799591002044989784813822097931
0.800613496932515378290418084362
0.801635991820040971767014070792
0.802658486707566565243610057223
0.803680981595092047697903581138
0.804703476482617641174499567569
0.805725971370143234651095554000
0.806748466257668717105389077915
0.807770961145194310581985064346
0.808793456032719904058581050776
0.809815950920245497535177037207
0.810838445807770979989470561122
0.811860940695296573466066547553
0.812883435582822055920360071468
0.813905930470347760419258520415
0.814928425357873242873552044330
0.815950920245398836350148030760
0.816973415132924318804441554676
0.817995910020450023303340003622
0.819018404907975505757633527537
0.820040899795501099234229513968
0.821063394683026581688523037883
0.822085889570552175165119024314
0.823108384458077768641715010745
0.824130879345603251096008534660
0.825153374233128844572604521090
0.826175869120654327026898045006
0.827198364008179920503494031436
0.828220858895705625002392480383
0.829243353783231218478988466813
0.830265848670756700933281990729
0.831288343558282294409877977159
0.832310838445807776864171501074
0.833333333333333370340767487505
0.834355828220858852795061011420
0.835378323108384557293959460367
0.836400817995910150770555446798
0.837423312883435633224848970713
0.838445807770961226701444957143
0.839468302658486709155738481059
0.840490797546012302632334467489
0.841513292433537785086627991404
0.842535787321063378563223977835
0.843558282208589083062122426782
0.844580777096114676538718413212
0.845603271983640158993011937127
0.846625766871165752469607923558
0.847648261758691234923901447473
0.848670756646216828400497433904
0.849693251533742310854790957819
0.850715746421267904331386944250
0.851738241308793608830285393196
0.852760736196319091284578917112
0.853783231083844684761174903542
0.854805725971370167215468427457
0.855828220858895760692064413888
0.856850715746421243146357937803
0.857873210633946836622953924234
0.858895705521472319077247448149
0.859918200408998134598448359611
0.860940695296523617052741883526
0.861963190184049210529337869957
0.862985685071574692983631393872
0.864008179959100286460227380303
0.865030674846625768914520904218
0.866053169734151362391116890649
0.867075664621676844845410414564
0.868098159509202549344308863510
0.869120654396728142820904849941
0.870143149284253625275198373856
0.871165644171779218751794360287
0.872188139059304701206087884202
0.873210633946830294682683870633
0.874233128834355777136977394548
0.875255623721881481635875843494
0.876278118609407075112471829925
0.877300613496932557566765353840
0.878323108384458151043361340271
0.879345603271983744519957326702
0.880368098159509226974250850617
0.881390593047034820450846837048
0.882413087934560302905140360963
0.883435582822086007404038809909
0.884458077709611600880634796340
0.885480572597137083334928320255
0.886503067484662676811524306686
0.887525562372188159265817830601
0.888548057259713752742413817032
0.889570552147239235196707340947
0.890593047034764828673303327378
0.891615541922290533172201776324
0.892638036809816015626495300239
0.893660531697341609103091286670
0.894683026584867091557384810585
0.895705521472392685033980797016
0.896728016359918167488274320931
0.897750511247443760964870307362
0.898773006134969243419163831277
0.899795501022495058940364742739
0.900817995910020541394658266654
0.901840490797546134871254253085
0.902862985685071617325547777000
0.903885480572597210802143763431
0.904907975460122693256437287346
0.905930470347648286733033273777
0.906952965235173769187326797692
0.907975460122699473686225246638
0.908997955010225067162821233069
0.910020449897750549617114756984
0.911042944785276143093710743415
0.912065439672801625548004267330
0.913087934560327219024600253761
0.914110429447852701478893777676
0.915132924335378294955489764106
0.916155419222903999454388213053
0.917177914110429592930984199484
0.918200408997955075385277723399
0.919222903885480668861873709830
0.920245398773006151316167233745
0.921267893660531744792763220175
0.922290388548057227247056744091
0.923312883435582931745955193037
0.924335378323108525222551179468
0.925357873210634007676844703383
0.926380368098159601153440689814
0.927402862985685083607734213729
0.928425357873210677084330200159
0.929447852760736159538623724075
0.930470347648261753015219710505
0.931492842535787457514118159452
0.932515337423313050990714145883
0.933537832310838533445007669798
0.934560327198364126921603656228
0.935582822085889609375897180144
0.936605316973415202852493166574
0.937627811860940685306786690489
0.938650306748466278783382676920
0.939672801635991983282281125867
0.940695296523517465736574649782
0.941717791411043059213170636212
0.942740286298568541667464160128
0.943762781186094135144060146558
0.944785276073619617598353670473
0.945807770961145211074949656904
0.946830265848670693529243180819
0.947852760736196398028141629766
0.948875255623721991504737616197
0.949897750511247473959031140112
0.950920245398773067435627126542
0.951942740286298660912223112973
0.952965235173824143366516636888
0.953987730061349736843112623319
0.955010224948875219297406147234
0.956032719836400923796304596181
0.957055214723926517272900582611
0.958077709611451999727194106526
0.959100204498977593203790092957
0.960122699386503075658083616872
0.961145194274028669134679603303
0.962167689161554151588973127218
0.963190184049079856087871576165
0.964212678936605449564467562595
0.965235173824130932018761086510
0.966257668711656525495357072941
0.967280163599182007949650596856
0.968302658486707601426246583287
0.969325153374233083880540107202
0.970347648261758677357136093633
0.971370143149284381856034542579
0.972392638036809975332630529010
0.973415132924335457786924052925
0.974437627811861051263520039356
0.975460122699386533717813563271
0.976482617586912127194409549702
0.977505112474437609648703073617
0.978527607361963203125299060048
0.979550102249488907624197508994
0.980572597137014390078491032909
0.981595092024539983555087019340
0.982617586912065466009380543255
0.983640081799591059485976529686
0.984662576687116541940270053601
0.985685071574642135416866040032
0.986707566462167617871159563947
0.987730061349693433392360475409
0.988752556237218915846653999324
0.989775051124744509323249985755
0.990797546012269991777543509670
0.991820040899795585254139496101
0.992842535787321067708433020016
0.993865030674846661185029006447
0.994887525562372143639322530362
0.995910020449897848138220979308
0.996932515337423441614816965739
0.997955010224948924069110489654
0.998977505112474517545706476085
0.000030969997901075331568718912
0.000072091022002698353847265078
0.000113269968218463631362720456
0.000154449537757543137400997879
0.000195623807367472946636480224
0.000236790337278120811576737070
0.000277947234640605082486852773
0.000319092737158012190127470697
0.000360225123070194268304344831
0.000401342685867768131889599115
0.000442443725797463788523139483
0.000483526546620277597725995333
0.000524589454261882885341417015
0.000565630756219772583108518216
0.000606648761302828283190069492
0.000647641779526724544087390445
0.000688608122086841996714601244
0.000729546101372015244786173316
0.000770454031000832061971961284
0.000811330225870347029187845678
0.000852173002212620184225855269
0.000892980677655496636602183713
0.000933751571286142441168098838
0.000974484003716586245739950112
0.001015176297150285509782174920
0.001055826775449183324573354525
0.001096433764201628583562220243
0.001136995590790194779820532212
0.001177510584460174153029199395
0.001217977076387367647153370243
0.001258393399747037783367731301
0.001298757889781865801706595143
0.001339068883870345953029934449
0.001379324721595335265580950512
0.001419523744811945851346246528
0.001459664297716095756815568585
0.001499744726912386307351998660
0.001539763381482169837463636064
0.001579718613051673149066944646
0.001619608775859636114538564478
0.001659432226825192490532456802
0.001699187325615480982296534584
0.001738872434713229853456284424
0.001778485919484053138020507312
0.001818026148243893436520779439
0.001857491492326341329943684144
0.001896880326149279986230888895
0.001936191027282470637424505178
0.001975421976513588081386663120
0.002014571557915696004004146857
0.002053638158913225018192827420
0.002092620170348744122051920513
0.002131515986548995766902692139
0.002170324005391186146518567313
0.002209042628368906423935724703
0.002247670260658064800285416140
0.002286205311182328957925191659
0.002324646192679040782036459234
0.002362991321764204739885872897
0.002401239118998016626449487632
0.002439388008949710997391724376
0.002477436420262586411200622649
0.002515382785718617373454941699
0.002553225542303087965134711368
0.002590963131268988247496443122
0.002628593998201122702851328938
0.002666116593080207399640846333
0.002703529370346732102481368543
0.002740830788964570413623889067
0.002778019312484406901087030661
0.002815093409107186344514373033
0.002852051551747094605693266800
0.002888892218094398552791224333
0.002925613890678354506169611682
0.002962215056929450116701696416
0.002998694209241929437698148675
0.003035049845035857861430539373
0.003071280466818784166127542790
0.003107384582247769456986308256
0.003143360704190588210404921909
0.003179207350787088045412920323
0.003214923045510269770941302880
0.003250506317226979722395663330
0.003285955700258732636170888597
0.003321269734441782521539021644
0.003356446965187447669526354943
0.003391485943541991572580673875
0.003426385226246400194510810522
0.003461143375795590684806946058
0.003495758960497914995951829198
0.003530230554533877237316508158
0.003564556738015039246553206098
0.003598736097042376253646311923
0.003632767223764590911599947631
0.003666648716436210486691038568
0.003700379179475011409694573672
0.003733957223519864931232659089
0.003767381465487642123318723364
0.003800650528630551694408978847
0.003833763042592349366832760182
0.003866717643465273669678428092
0.003899512973845998577149263298
0.003932147682891485099276884796
0.003964620426374802948654707535
0.003996929866740341584507856254
0.004029074673158918908077996690
0.004061053521582713016213617152
0.004092865094799737722686128194
0.004124508082488030115408950138
0.004155981181269726223992400094
0.004187283094764694332812204891
0.004218412533643884666789691806
0.004249368215682637443808555844
0.004280148865813216373099603373
0.004310753216177506952355713565
0.004341180006179206490868338619
0.004371427982535773873462581207
0.004401495899329978603309321272
0.004431382518061269433495841241
0.004461086607696771767772592199
0.004490606944722033526395943426
0.004519942313191362484592339399
0.004549091504778024833144378647
0.004578053318823739441245646020
0.004606826562388468757069936999
0.004635410050299469848777977887
0.004663802605199913499378627790
0.004692003057597602180828211260
0.004720010245912990669292508272
0.004747823016527209262493958164
0.004775440223829347137496359466
0.004802860730263897037772835574
0.004830083406377387242325305294
0.004857107130865031749400451133
0.004883930790616847032736824730
0.004910553280763565835165262996
0.004936973504722165853597637408
0.004963190374240886680590190139
0.004989202809444258021609464038
0.005015009738877339480478401157
0.005040610099550167644277820500
0.005066002836981301979402125824
0.005091186905241286593526428561
0.005116161266995731225770693840
0.005140924893548278612476210014
0.005165476764882478109830454827
0.005189815869704347134350186366
0.005213941205483653244801001136
0.005237851778495401788848795377
0.005261546603860642670746905480
0.005285024705587076758461773096
0.005308285116609391673936357847
0.005331326878828803080001552672
0.005354149043152866584149851548
0.005376750669534280900607736697
0.005399130827009770809687960735
0.005421288593738330871540931355
0.005443223057039356382880157526
0.005464933313430067433891235140
0.005486418468662756023346283030
0.005507677637761755617962222686
0.005528709945059698607772169510
0.005549514524233721719792544746
0.005570090518341086829878783249
0.005590437079854532892442264824
0.005610553370697108320486190536
0.005630438562276685043883617254
0.005650091835520378892587789466
0.005669512380907685417108510251
0.005688699398504426692213531425
0.005707652097995452589174192326
0.005726369698717098319362683867
0.005744851429689499730524282484
0.005763096529648290174130398356
0.005781104247075926141907764588
0.005798873840232719734100186315
0.005816404577187316016217977221
0.005833695735846915371436427478
0.005850746603986821912923854683
0.005867556479280210471327627886
0.005884124669326471109009890625
0.005900450491680291759122312101
0.005916533273879276758067113917
0.005932372353472050233169632349
0.005947967078045345544479172162
0.005963316805250835385410201894
0.005978420902831690399159558780
0.005993278748648635592677358375
0.006007889730705459445381233508
0.006022253247174357351778617442
0.006036368706420579439975160341
0.006050235527026984715115442981
0.006063853137817767739725649534
0.006077220977882190518226668274
0.006090338496597571919799474216
0.006103205153651947503790076155
0.006115820419066476942848709086
0.006128183773217027452417937639
0.006140294706855767628561615368
0.006152152721132173214535487915
0.006163757327613415305800348420
0.006175108048304591562560617035
0.006186204415668324248234188900
0.006197045972644152703190378872
0.006207632272667199836713169958
0.006217962879686737137641117101
0.006228037368184000284465628994
0.006237855323189773169845206979
0.006247416340301489671993362407
0.006256720025699928633411417422
0.006265765996165266991935194341
0.006274553879093133779143443007
0.006283083312509691806257983160
0.006291353945086743636172510463
0.006299365436156030909065073331
0.006307117455723524994393169862
0.006314609684482699360208446393
0.006321841813827915566859072527
0.006328813545866949705209769661
0.006335524593433508426520983647
0.006341974680098907968250898648
0.006348163540183375010139688044
0.006354090918767125485688840314
0.006359756571700840577232582973
0.006365160265615716836395954203
0.006370301777933019306277007132
0.006375180896873388312895425400
0.006379797421465376906779543020
0.006384151161553846924590072121
0.006388241937807900144852268909
0.006392069581727930806247517381
0.006395633935653005988641872648
0.006398934852766892909803342349
0.006401972197104587557203725368
0.006404745843557532736234350068
0.006407255677878952344894702975
0.006409501596688543800794946037
0.006411483507476604080943527464
0.006413201328608108924000941187
0.006414654989325810179046083448
0.006415844429753249887615762503
0.006416769600897281704277030911
0.006417430464650032001516777314
0.006417826993790338822865049195
0.006417959171985300990959100176
0.006417826993790338822865049195
0.006417430464650032001516777314
0.006416769600897281704277030911
0.006415844429753249887615762503
0.006414654989325810179046083448
0.006413201328608108924000941187
0.006411483507476604080943527464
0.006409501596688543800794946037
0.006407255677878952344894702975
0.006404745843557532736234350068
0.006401972197104587557203725368
0.006398934852766892909803342349
0.006395633935653005988641872648
0.006392069581727930806247517381
0.006388241937807900144852268909
0.006384151161553846924590072121
0.006379797421465376906779543020
0.006375180896873388312895425400
0.006370301777933019306277007132
0.006365160265615716836395954203
0.006359756571700840577232582973
0.006354090918767125485688840314
0.006348163540183375010139688044
0.006341974680098907968250898648
0.006335524593433508426520983647
0.006328813545866949705209769661
0.006321841813827915566859072527
0.006314609684482699360208446393
0.006307117455723524994393169862
0.006299365436156030909065073331
0.006291353945086743636172510463
0.006283083312509691806257983160
0.006274553879093133779143443007
0.006265765996165266991935194341
0.006256720025699928633411417422
0.006247416340301489671993362407
0.006237855323189773169845206979
0.006228037368184000284465628994
0.006217962879686737137641117101
0.006207632272667199836713169958
0.006197045972644152703190378872
0.006186204415668324248234188900
0.006175108048304591562560617035
0.006163757327613415305800348420
0.006152152721132173214535487915
0.006140294706855767628561615368
0.006128183773217027452417937639
0.006115820419066476942848709086
0.006103205153651947503790076155
0.006090338496597571919799474216
0.006077220977882190518226668274
0.006063853137817767739725649534
0.006050235527026984715115442981
0.006036368706420579439975160341
0.006022253247174357351778617442
0.006007889730705459445381233508
0.005993278748648635592677358375
0.005978420902831690399159558780
0.005963316805250835385410201894
0.005947967078045345544479172162
0.005932372353472050233169632349
0.005916533273879276758067113917
0.005900450491680291759122312101
0.005884124669326471109009890625
0.005867556479280210471327627886
0.005850746603986821912923854683
0.005833695735846915371436427478
0.005816404577187316016217977221
0.005798873840232719734100186315
0.005781104247075926141907764588
0.005763096529648290174130398356
0.005744851429689499730524282484
0.005726369698717098319362683867
0.005707652097995452589174192326
0.005688699398504426692213531425
0.005669512380907685417108510251
0.005650091835520378892587789466
0.005630438562276685043883617254
0.005610553370697108320486190536
0.005590437079854532892442264824
0.005570090518341086829878783249
0.005549514524233721719792544746
0.005528709945059698607772169510
0.005507677637761755617962222686
0.005486418468662756023346283030
0.005464933313430067433891235140
0.005443223057039356382880157526
0.005421288593738330871540931355
0.005399130827009770809687960735
0.005376750669534280900607736697
0.005354149043152866584149851548
0.005331326878828803080001552672
0.005308285116609391673936357847
0.005285024705587076758461773096
0.005261546603860642670746905480
0.005237851778495401788848795377
0.005213941205483653244801001136
0.005189815869704347134350186366
0.005165476764882478109830454827
0.005140924893548278612476210014
0.005116161266995731225770693840
0.005091186905241286593526428561
0.005066002836981301979402125824
0.005040610099550167644277820500
0.005015009738877339480478401157
0.004989202809444258021609464038
0.004963190374240886680590190139
0.004936973504722165853597637408
0.004910553280763565835165262996
0.004883930790616847032736824730
0.004857107130865031749400451133
0.004830083406377387242325305294
0.004802860730263897037772835574
0.004775440223829347137496359466
0.004747823016527209262493958164
0.004720010245912990669292508272
0.004692003057597602180828211260
0.004663802605199913499378627790
0.004635410050299469848777977887
0.004606826562388468757069936999
0.004578053318823739441245646020
0.004549091504778024833144378647
0.004519942313191362484592339399
0.004490606944722033526395943426
0.004461086607696771767772592199
0.004431382518061269433495841241
0.004401495899329978603309321272
0.004371427982535773873462581207
0.004341180006179206490868338619
0.004310753216177506952355713565
0.004280148865813216373099603373
0.004249368215682637443808555844
0.004218412533643884666789691806
0.004187283094764694332812204891
0.004155981181269726223992400094
0.004124508082488030115408950138
0.004092865094799737722686128194
0.004061053521582713016213617152
0.004029074673158918908077996690
0.003996929866740341584507856254
0.003964620426374802948654707535
0.003932147682891485099276884796
0.003899512973845998577149263298
0.003866717643465273669678428092
0.003833763042592349366832760182
0.003800650528630551694408978847
0.003767381465487642123318723364
0.003733957223519864931232659089
0.003700379179475011409694573672
0.003666648716436210486691038568
0.003632767223764590911599947631
0.003598736097042376253646311923
0.003564556738015039246553206098
0.003530230554533877237316508158
0.003495758960497914995951829198
0.003461143375795590684806946058
0.003426385226246400194510810522
0.003391485943541991572580673875
0.003356446965187447669526354943
0.003321269734441782521539021644
0.003285955700258732636170888597
0.003250506317226979722395663330
0.003214923045510269770941302880
0.003179207350787088045412920323
0.003143360704190588210404921909
0.003107384582247769456986308256
0.003071280466818784166127542790
0.003035049845035857861430539373
0.002998694209241929437698148675
0.002962215056929450116701696416
0.002925613890678354506169611682
0.002888892218094398552791224333
0.002852051551747094605693266800
0.002815093409107186344514373033
0.002778019312484406901087030661
0.002740830788964570413623889067
0.002703529370346732102481368543
0.002666116593080207399640846333
0.002628593998201122702851328938
0.002590963131268988247496443122
0.002553225542303087965134711368
0.002515382785718617373454941699
0.002477436420262586411200622649
0.002439388008949710997391724376
0.002401239118998016626449487632
0.002362991321764204739885872897
0.002324646192679040782036459234
0.002286205311182328957925191659
0.002247670260658064800285416140
0.002209042628368906423935724703
0.002170324005391186146518567313
0.002131515986548995766902692139
0.002092620170348744122051920513
0.002053638158913225018192827420
0.002014571557915696004004146857
0.001975421976513588081386663120
0.001936191027282470637424505178
0.001896880326149279986230888895
0.001857491492326341329943684144
0.001818026148243893436520779439
0.001778485919484053138020507312
0.001738872434713229853456284424
0.001699187325615480982296534584
0.001659432226825192490532456802
0.001619608775859636114538564478
0.001579718613051673149066944646
0.001539763381482169837463636064
0.001499744726912386307351998660
0.001459664297716095756815568585
0.001419523744811945851346246528
0.001379324721595335265580950512
0.001339068883870345953029934449
0.001298757889781865801706595143
0.001258393399747037783367731301
0.001217977076387367647153370243
0.001177510584460174153029199395
0.001136995590790194779820532212
0.001096433764201628583562220243
0.001055826775449183324573354525
0.001015176297150285509782174920
0.000974484003716586245739950112
0.000933751571286142441168098838
0.000892980677655496636602183713
0.000852173002212620184225855269
0.000811330225870347029187845678
0.000770454031000832061971961284
0.000729546101372015244786173316
0.000688608122086841996714601244
0.000647641779526724544087390445
0.000606648761302828283190069492
0.000565630756219772583108518216
0.000524589454261882885341417015
0.000483526546620277597725995333
0.000442443725797463788523139483
0.000401342685867768131889599115
0.000360225123070194268304344831
0.000319092737158012190127470697
0.000277947234640605082486852773
0.000236790337278120811576737070
0.000195623807367472946636480224
0.000154449537757543137400997879
0.000113269968218463631362720456
0.000072091022002698353847265078
0.000030969997901075331568718912
