0.000794890562811489498167005774
0.001824605523596104818262464420
0.002860401507749149845744041087
0.003897571454448997378683383630
0.004935262577576712307581008332
0.005973205899236839165611367974
0.007011290163890124445267293396
0.008049461108918144411350503731
0.009087689138282964429471633139
0.010125956744836706394097269879
0.011164252912890373914400754529
0.012202570366003879370753182343
0.013240904105064909418443264144
0.014279250582290133053664504814
0.015317607210328305564206452516
0.016355972057935558999774983135
0.017394343654448043978710813917
0.018432720860229880044389716431
0.019471102778512321129777973283
0.020509488693980688217566310527
0.021547878029095982044260892962
0.022586270312450907465917637751
0.023624665155465230520492880828
0.024663062234961754398687716616
0.025701461279962985184699419960
0.026739862061562015560500782385
0.027778264385063502345252217651
0.028816668083822879337096978247
0.029855073014371048822912513288
0.030893479052520111255430990127
0.031931886090230530983458123728
0.032970294033069363903720727649
0.034008702798132554867560628509
0.035047112312338840611758428167
0.036085522511016092372937436039
0.037123933336726172571573556525
0.038162344738280624956150433036
0.039200756669912809049272084394
0.040239169090579687826370047787
0.041277581963366720418928679237
0.042315995254981551842998754864
0.043354408935320852547246062159
0.044392822977097422254555425525
0.045431237355517344045363614669
0.046469652048002817179561674266
0.047508067033949268054282555340
0.048546482294514477218161374594
0.049584897812433949282340250875
0.050623313571859680781717116815
0.051661729558217003854814208808
0.052700145758079519620054043116
0.053738562159058637923703116712
0.054776978749704323401470418275
0.055815395519418560532631801152
0.056853812458377159244626852797
0.057892229557460511690791804540
0.058930646808191246288632925143
0.059969064202679112085547785682
0.061007481733570657900234124327
0.062045899394004337679131566574
0.063084317177570223278415539880
0.064122735078273193631837045814
0.065161153090500079088087659329
0.066199571208989602122407802653
0.067237989428805280955891987560
0.068276407745310602193100635304
0.069314826154146580439174840649
0.070353244651211649385302848714
0.071391663232642135761274460037
0.072430081894796105590472734548
0.073468500634237002278048578319
0.074506919447719935356566622886
0.075545338332177719431470563904
0.076583757284709508272868561107
0.077622176302569734218650410185
0.078660595383157130844331561548
0.079699014524005851178856119077
0.080737433722776891231731610787
0.081775852977249721686980876711
0.082814272285314780019938041278
0.083852691644967017325917879589
0.084891111054299181470916835224
0.085929530511495960665158122538
0.086967950014828418470180793065
0.088006369562649122695319192644
0.089044789153387357560909265430
0.090083208785544460761585128239
0.091121628457689812785602612166
0.092160048168457145423282383945
0.093198467916540933542179914184
0.094236887700692814617831061241
0.095275307519718660520524622370
0.096313727372475815835528578646
0.097352147257869850460743066378
0.098390567174852602838619475278
0.099428987122419168476206152718
0.100467407099606401144065159770
0.101505827105489873640742359839
0.102544247139182795325318409141
0.103582667199833375337725271947
0.104621087286623712375721595436
0.105659507398767615882206882816
0.106697927535509357044318790031
0.107736347696122336525803575569
0.108774767879907016676632736107
0.109813188086190532954944387711
0.110851608314324875936840442137
0.111890028563685725582210750417
0.112928448833671687956403673070
0.113966869123703129496050223679
0.115005289433220816985858903081
0.116043709761685612247283927445
0.117082130108577125993107870272
0.118120550473393218227080581073
0.119158970855648721487440866440
0.120197391254875343702401835344
0.121235811670620474700399427093
0.122274232102446561709641059679
0.123312652549930679146683587533
0.124351073012663848604830718614
0.125389493490250220064652353358
0.126427913982306933116106506532
0.127466334488463284291270838366
0.128504755008360255219557188866
0.129543175541650290583106652775
0.130581596087996437693945495084
0.131620016647072318738409535399
0.132658437218561464643329372848
0.133696857802156954253547382905
0.134735278397561303309615254875
0.135773699004485659536101138656
0.136812119622649719374862797849
0.137850540251781644718320762877
0.138888960891617091464311783966
0.139927381541899681360874296843
0.140965802202380169338979953864
0.142004222872816360245806777129
0.143042643552972942311285464712
0.144081064242620932036587078073
0.145119484941537896238727967102
0.146157905649507424694633073159
0.147196326366318797074228541533
0.148234747091767121718319799584
0.149273167825652891549381706682
0.150311588567781817538104860432
0.151350009317964773192244365418
0.152388430076017461489712445655
0.153426850841760331611851597700
0.154465271615018412409980896882
0.155503692395621145871942303529
0.156542113183402165077495737933
0.157580533978199321953894695980
0.158618954779854409720130092865
0.159657375588212996353476569311
0.160695796403124535611794954093
0.161734217224441839677595567082
0.162772638052021412224945606795
0.163811058885722921063532453445
0.164849479725409447938844209602
0.165887900570947210976413543904
0.166926321422205314881637150393
0.167964742279056028495531904809
0.169003163141374229683222552012
0.170041584009037821667575940410
0.171080004881927150162113093756
0.172118425759925225415614136182
0.173156846642917638945391445304
0.174195267530792258225957880313
0.175233688423439448733631707000
0.176272109320751740879629210212
0.177310530222623941032367156367
0.178348951128952992739584715309
0.179387372039637782439314150906
0.180425792954579333748910130453
0.181464213873680557664869184009
0.182502634796846335829556551289
0.183541055723983159708723178483
0.184579476654999491413988721433
0.185617897589805458391509773719
0.186656318528312797910828635395
0.187694739470434857064873312993
0.188733160416086592769957519522
0.189771581365184432987902596324
0.190810002317646304481613128701
0.191848423273391438526047636515
0.192886844232340592952823499218
0.193925265194415830105612030820
0.194963686159540350306684786119
0.196002107127638797168245332614
0.197040528098636869014370631703
0.198078949072461596436767194973
0.199117370049041036983439312280
0.200155791028304247403113436121
0.201194212010181616712145569181
0.202232632994604366594160183013
0.203271053981504773444655143066
0.204309474970816001837548014919
0.205347895962472298814205373674
0.206386316956408744083262263302
0.207424737952561194509470965386
0.208463158950866506158305924146
0.209501579951262284495783205784
0.210540000953686884388460498485
0.211578421958079493370163959298
0.212616842964379992864110135997
0.213655263972528930427330351449
0.214693684982467658528548781760
0.215732105994138056992426299985
0.216770527007482755044165401159
0.217808948022444881509329661640
0.218847369038968259102873048505
0.219885790056997210140110610155
0.220924211076476612047869707567
0.221962632097351841853338783039
0.223001053119568859450794207078
0.224039474143073985556995353363
0.225077895167814123755789523784
0.226116316193736482942355792147
0.227154737220788771612234313579
0.228193158248919142350175093270
0.229231579278075997541108677069
0.230270000308208211414751076518
0.231308421339264935756574459447
0.232346842371195655418958381233
0.233385263403950216076765400430
0.234423684437478629938311769365
0.235462105471731297789972359169
0.236500526506658814707151350376
0.237538947542211997809857848551
0.238577368578341914018281499921
0.239615789614999796786065644483
0.240654210652137101611458547268
0.241692631689705395015010935822
0.242731052727656437806302847093
0.243769473765942101817216780546
0.244807894804514342146362082531
0.245846315843325252670226177543
0.246884736882327066043174568222
0.247923157921471903897270294692
0.248961578960712109909181322109
0.250000000000000000000000000000
0.251038421039287917846394293520
0.252076842078528151613880936566
0.253115263117672961712401047407
0.254153684156674775085349438086
0.255192105195485685609213533098
0.256230526234057953693934450712
0.257268947272343617704848384165
0.258307368310294660496140295436
0.259345789347862898388541452732
0.260384210385000258725085586775
0.261422631421658113737294115708
0.262461052457788002190142151449
0.263499473493341185292848649624
0.264537894528268702210027640831
0.265576315562521425572839461893
0.266614736596049839434385830828
0.267653157628804316825466003138
0.268691578660735064243425540553
0.269729999691791788585248923482
0.270768420721924030214466938560
0.271806841751080885405400522359
0.272845262779211228387765686421
0.273883683806263544813219823482
0.274922104832185931755361707474
0.275960525856926042198580262266
0.276998946880431196060357024180
0.278037367902648213657812448218
0.279075788923523415707705908062
0.280114209943002845371040621103
0.281152630961031768652702567124
0.282191051977555118490670338360
0.283229472992517272711410214470
0.284267894005861943007573700015
0.285306315017532396982602449498
0.286344736027471069572669648551
0.287383157035620062647041095261
0.288421578041920534385411656331
0.289459999046313143367115117144
0.290498420048737771015368025473
0.291536841049133521597269691483
0.292575262047438833246104650243
0.293613683043591311427888967955
0.294652104037527728941370241955
0.295690525029184025918027600710
0.296728946018495254310920472562
0.297767367005395688916991048245
0.298805787989818383287854430819
0.299844208971695780352462179508
0.300882629950958990772136303349
0.301921050927538403563232805027
0.302959471901363130985629368297
0.303997892872361230587330283015
0.305036313840459705204466445139
0.306074734805584225405539200437
0.307113155767659407047176500782
0.308151576726608589229527979114
0.309189997682353778785113718186
0.310228418634815594767673019305
0.311266839583913490496769327365
0.312305260529565198446277918265
0.313343681471687229844746980234
0.314382102410194541608490226281
0.315420523345000536341586894196
0.316458944276016895802428052775
0.317497365203153691926019064340
0.318535786126319442335130815991
0.319574207045420666251089869547
0.320612627960362217560685849094
0.321651048871047007260415284691
0.322689469777376058967632843633
0.323727890679248286875946405416
0.324766311576560606777519524258
0.325804732469207769529617735316
0.326843153357082416565759785954
0.327881574240074857851112710705
0.328919995118072905349038137501
0.329958415990962261599150906477
0.330996836858625742561201832359
0.332035257720943999260043710819
0.333073678577794685118362849607
0.334112099429052789023586456096
0.335150520274590635327882637284
0.336188941114277051180891930926
0.337227361947978643286205624463
0.338265782775558132566828817289
0.339304203596875464388205045907
0.340342624411787031402099046318
0.341381045220145618035445522764
0.342419466021800678046105304020
0.343457886816597834922504262067
0.344496307604378881883633312100
0.345534728384981615345594718747
0.346573149158239723899299633558
0.347611569923982621777014401232
0.348649990682035226807755634582
0.349688411432218293484197602083
0.350726832174347136206193908947
0.351765252908232906037255816045
0.352803673633681258436922689725
0.353842094350492630816518158099
0.354880515058462131516847648527
0.355918935757379095718988537556
0.356957356447027085444290150917
0.357995777127183723020920069757
0.359034197797619858416595661765
0.360072618458100346394701318786
0.361111039108382936291263831663
0.362149459748218383037254852752
0.363187880377350280625137202151
0.364226300995514395975050092602
0.365264721602438724445960360754
0.366303142197843045746452617095
0.367341562781438590867821858410
0.368379983352927709017166080230
0.369418403912003590061630120545
0.370456824458349764928044578483
0.371495244991639717024867195505
0.372533665511536771219880392891
0.373572086017693094639469109097
0.374610506509749863202074493529
0.375648926987336151395169281386
0.376687347450069376364467643725
0.377725767897553466045934555950
0.378764188329379580810751804165
0.379802608745124670175385972470
0.380841029144351306268134749189
0.381879449526606795650707226741
0.382917869891422901762467745357
0.383956290238314457141655111627
0.384994710566779196891928904734
0.386033130876296870503949776321
0.387071551166328353676959750373
0.388109971436314316051152673026
0.389148391685675165696522981307
0.390186811913809494800631227918
0.391225232120093024956730687336
0.392263652303877663474196424431
0.393302072464490670711256825598
0.394340492601232439628944348442
0.395378912713376329257641828008
0.396417332800166666295638151496
0.397455752860817246308045014302
0.398494172894510167992621063604
0.399532592900393612733722648045
0.400571012877580900912732886354
0.401609432825147383283592716907
0.402647852742130163417044741436
0.403686272627524267431198268241
0.404724692480281311723899762001
0.405763112299307227015532362202
0.406801532083459094213395701445
0.407839951831542868454505423870
0.408878371542310214969973003463
0.409916791214455566993990487390
0.410955210846612684072454158013
0.411993630437350877304680807356
0.413032049985171567652031399120
0.414070469488504122601568724349
0.415108888945700860162446588220
0.416147308355033052063021159483
0.417185727714685261613425382166
0.418224147022750347701958162361
0.419262566277223192034995236099
0.420300985475994204332295112181
0.421339404616842883033456246267
0.422377823697430321292500821073
0.423416242715290491727131438893
0.424454661667822363835256282982
0.425493080552280134032372416186
0.426531499365763067110890460754
0.427569918105203949920678496710
0.428608336767357933627664579035
0.429646755348788433881423998173
0.430685173845853419560825159351
0.431723592254689425562474980325
0.432762010571194732921895820255
0.433800428791010439510955620790
0.434838846909499976423063571929
0.435877264921726848001526377629
0.436915682822429762843796652305
0.437954100605995655381974529519
0.438992518266429376794235395209
0.440030935797320887914452214318
0.441069353191808788405836594393
0.442107770442539460553632579831
0.443146187541622882388736570647
0.444184604480581501917413334013
0.445223021250295669659635677817
0.446261437840941355137402979381
0.447299854241920480379945956884
0.448338270441783037778549214636
0.449376686428140381668328018350
0.450415102187566085412129268661
0.451453517705485529720732529313
0.452491932966050780517974772010
0.453530347951997203637120037456
0.454568762644482649015742481424
0.455607177022902598562126286197
0.456645591064679168269435649563
0.457684004745018524484834188115
0.458722418036633272642177416856
0.459760830909420381562568991285
0.460799243330087260339666954678
0.461837655261719437493894702129
0.462876066663273799672850827847
0.463914477488983956199319891311
0.464952887687661187143817187462
0.465991297201867438193545467584
0.467029705966930663851854887980
0.468068113909769489833223587993
0.469106520947479899152909865734
0.470144926985628985871557006249
0.471183331916177172704607301057
0.472221735614936577452027677282
0.473260137938438019133968737151
0.474298538720037077265345715205
0.475336937765038325398592178317
0.476375334844534759071166263311
0.477413729687549082125741506388
0.478452121970904031833526914852
0.479490511306019329129668449241
0.480528897221487727442479354067
0.481567279139770154650079803105
0.482605656345551969899076993897
0.483644027942064458347459776633
0.484682392789671734334433494951
0.485720749417709873885229399093
0.486759095894935100989897591717
0.487797429633996137976481577425
0.488835747087109639963387053285
0.489874043255163371668459149078
0.490912310861717049448316174676
0.491950538891081867731713828107
0.492988709836109928463798723897
0.494026794100763222417072029202
0.495064737422423351009825864821
0.496102428545551032978977445964
0.497139598492250867067809849686
0.498175394476403909926887081383
0.499205109437188543353158820537
0.000000000000000000000000000000
0.001039501039501039558743400448
0.002079002079002079117486800897
0.003118503118503118676230201345
0.004158004158004158234973601793
0.005197505197505197793717002241
0.006237006237006237352460402690
0.007276507276507277778565541126
0.008316008316008316469947203586
0.009355509355509356028690604035
0.010395010395010395587434004483
0.011434511434511435146177404931
0.012474012474012474704920805380
0.013513513513513512528940729851
0.014553014553014555557131082253
0.015592515592515593381151006724
0.016632016632016632939894407173
0.017671517671517672498637807621
0.018711018711018712057381208069
0.019750519750519751616124608518
0.020790020790020791174868008966
0.021829521829521830733611409414
0.022869022869022870292354809862
0.023908523908523909851098210311
0.024948024948024949409841610759
0.025987525987525988968585011207
0.027027027027027025057881459702
0.028066528066528071555518764058
0.029106029106029111114262164506
0.030145530145530147203558613000
0.031185031185031186762302013449
0.032224532224532226321045413897
0.033264033264033265879788814345
0.034303534303534305438532214794
0.035343035343035344997275615242
0.036382536382536384556019015690
0.037422037422037424114762416139
0.038461538461538463673505816587
0.039501039501039503232249217035
0.040540540540540542790992617483
0.041580041580041582349736017932
0.042619542619542621908479418380
0.043659043659043661467222818828
0.044698544698544701025966219277
0.045738045738045740584709619725
0.046777546777546780143453020173
0.047817047817047819702196420621
0.048856548856548859260939821070
0.049896049896049898819683221518
0.050935550935550938378426621966
0.051975051975051977937170022415
0.053014553014553010557019518956
0.054054054054054050115762919404
0.055093555093555089674506319852
0.056133056133056143111037528115
0.057172557172557182669780928563
0.058212058212058222228524329012
0.059251559251559261787267729460
0.060291060291060294407117226001
0.061330561330561333965860626449
0.062370062370062373524604026898
0.063409563409563413083347427346
0.064449064449064452642090827794
0.065488565488565492200834228242
0.066528066528066531759577628691
0.067567567567567571318321029139
0.068607068607068610877064429587
0.069646569646569650435807830036
0.070686070686070689994551230484
0.071725571725571729553294630932
0.072765072765072769112038031381
0.073804573804573808670781431829
0.074844074844074848229524832277
0.075883575883575887788268232725
0.076923076923076927347011633174
0.077962577962577966905755033622
0.079002079002079006464498434070
0.080041580041580046023241834519
0.081081081081081085581985234967
0.082120582120582125140728635415
0.083160083160083164699472035863
0.084199584199584204258215436312
0.085239085239085243816958836760
0.086278586278586283375702237208
0.087318087318087322934445637657
0.088357588357588362493189038105
0.089397089397089402051932438553
0.090436590436590441610675839001
0.091476091476091481169419239450
0.092515592515592520728162639898
0.093555093555093560286906040346
0.094594594594594599845649440795
0.095634095634095639404392841243
0.096673596673596678963136241691
0.097713097713097718521879642140
0.098752598752598758080623042588
0.099792099792099797639366443036
0.100831600831600837198109843484
0.101871101871101876756853243933
0.102910602910602916315596644381
0.103950103950103955874340044829
0.104989604989604981555295637463
0.106029106029106021114039037911
0.107068607068607060672782438360
0.108108108108108100231525838808
0.109147609147609139790269239256
0.110187110187110179349012639705
0.111226611226611246663331655782
0.112266112266112286222075056230
0.113305613305613325780818456678
0.114345114345114365339561857127
0.115384615384615404898305257575
0.116424116424116444457048658023
0.117463617463617484015792058472
0.118503118503118523574535458920
0.119542619542619563133278859368
0.120582120582120588814234452002
0.121621621621621628372977852450
0.122661122661122667931721252899
0.123700623700623707490464653347
0.124740124740124747049208053795
0.125779625779625786607951454243
0.126819126819126826166694854692
0.127858627858627865725438255140
0.128898128898128905284181655588
0.129937629937629944842925056037
0.130977130977130984401668456485
0.132016632016632023960411856933
0.133056133056133063519155257381
0.134095634095634103077898657830
0.135135135135135142636642058278
0.136174636174636182195385458726
0.137214137214137221754128859175
0.138253638253638261312872259623
0.139293139293139300871615660071
0.140332640332640340430359060520
0.141372141372141379989102460968
0.142411642411642419547845861416
0.143451143451143459106589261864
0.144490644490644498665332662313
0.145530145530145538224076062761
0.146569646569646577782819463209
0.147609147609147617341562863658
0.148648648648648656900306264106
0.149688149688149696459049664554
0.150727650727650736017793065002
0.151767151767151775576536465451
0.152806652806652815135279865899
0.153846153846153854694023266347
0.154885654885654894252766666796
0.155925155925155933811510067244
0.156964656964656973370253467692
0.158004158004158012928996868141
0.159043659043659052487740268589
0.160083160083160092046483669037
0.161122661122661131605227069485
0.162162162162162171163970469934
0.163201663201663210722713870382
0.164241164241164250281457270830
0.165280665280665289840200671279
0.166320166320166329398944071727
0.167359667359667368957687472175
0.168399168399168408516430872623
0.169438669438669448075174273072
0.170478170478170487633917673520
0.171517671517671527192661073968
0.172557172557172566751404474417
0.173596673596673606310147874865
0.174636174636174645868891275313
0.175675675675675685427634675762
0.176715176715176724986378076210
0.177754677754677764545121476658
0.178794178794178804103864877106
0.179833679833679843662608277555
0.180873180873180883221351678003
0.181912681912681922780095078451
0.182952182952182962338838478900
0.183991683991684001897581879348
0.185031185031185041456325279796
0.186070686070686081015068680244
0.187110187110187120573812080693
0.188149688149688160132555481141
0.189189189189189199691298881589
0.190228690228690239250042282038
0.191268191268191278808785682486
0.192307692307692318367529082934
0.193347193347193357926272483382
0.194386694386694397485015883831
0.195426195426195437043759284279
0.196465696465696476602502684727
0.197505197505197516161246085176
0.198544698544698555719989485624
0.199584199584199595278732886072
0.200623700623700634837476286521
0.201663201663201674396219686969
0.202702702702702713954963087417
0.203742203742203753513706487865
0.204781704781704793072449888314
0.205821205821205832631193288762
0.206860706860706872189936689210
0.207900207900207911748680089659
0.208939708939708951307423490107
0.209979209979209963110591274926
0.211018711018711030424910291003
0.212058212058212042228078075823
0.213097713097713109542397091900
0.214137214137214121345564876719
0.215176715176715188659883892797
0.216216216216216200463051677616
0.217255717255717267777370693693
0.218295218295218279580538478513
0.219334719334719346894857494590
0.220374220374220358698025279409
0.221413721413721426012344295486
0.222453222453222493326663311564
0.223492723492723505129831096383
0.224532224532224572444150112460
0.225571725571725584247317897280
0.226611226611226651561636913357
0.227650727650727663364804698176
0.228690228690228730679123714253
0.229729729729729742482291499073
0.230769230769230809796610515150
0.231808731808731821599778299969
0.232848232848232888914097316047
0.233887733887733900717265100866
0.234927234927234968031584116943
0.235966735966735979834751901763
0.237006237006237047149070917840
0.238045738045738058952238702659
0.239085239085239126266557718736
0.240124740124740138069725503556
0.241164241164241177628468904004
0.242203742203742217187212304452
0.243243243243243256745955704901
0.244282744282744296304699105349
0.245322245322245335863442505797
0.246361746361746375422185906245
0.247401247401247414980929306694
0.248440748440748454539672707142
0.249480249480249494098416107590
0.250519750519750505901583892410
0.251559251559251573215902908487
0.252598752598752585019070693306
0.253638253638253652333389709383
0.254677754677754664136557494203
0.255717255717255731450876510280
0.256756756756756743254044295099
0.257796257796257810568363311177
0.258835758835758822371531095996
0.259875259875259889685850112073
0.260914760914760901489017896893
0.261954261954261968803336912970
0.262993762993762980606504697789
0.264033264033264047920823713866
0.265072765072765059723991498686
0.266112266112266127038310514763
0.267151767151767194352629530840
0.268191268191268206155797315660
0.269230769230769273470116331737
0.270270270270270285273284116556
0.271309771309771352587603132633
0.272349272349272364390770917453
0.273388773388773431705089933530
0.274428274428274443508257718349
0.275467775467775510822576734427
0.276507276507276522625744519246
0.277546777546777589940063535323
0.278586278586278601743231320143
0.279625779625779669057550336220
0.280665280665280680860718121039
0.281704781704781748175037137116
0.282744282744282759978204921936
0.283783783783783827292523938013
0.284823284823284839095691722832
0.285862785862785906410010738909
0.286902286902286918213178523729
0.287941787941787985527497539806
0.288981288981288997330665324625
0.290020790020790064644984340703
0.291060291060291076448152125522
0.292099792099792143762471141599
0.293139293139293155565638926419
0.294178794178794222879957942496
0.295218295218295234683125727315
0.296257796257796301997444743392
0.297297297297297313800612528212
0.298336798336798381114931544289
0.299376299376299392918099329108
0.300415800415800460232418345186
0.301455301455301472035586130005
0.302494802494802539349905146082
0.303534303534303551153072930902
0.304573804573804618467391946979
0.305613305613305630270559731798
0.306652806652806697584878747875
0.307692307692307709388046532695
0.308731808731808776702365548772
0.309771309771309788505533333591
0.310810810810810855819852349669
0.311850311850311867623020134488
0.312889812889812879426187919307
0.313929313929313946740506935384
0.314968814968814958543674720204
0.316008316008316025857993736281
0.317047817047817037661161521100
0.318087318087318104975480537178
0.319126819126819116778648321997
0.320166320166320184092967338074
0.321205821205821195896135122894
0.322245322245322263210454138971
0.323284823284823275013621923790
0.324324324324324342327940939867
0.325363825363825354131108724687
0.326403326403326421445427740764
0.327442827442827433248595525583
0.328482328482328500562914541661
0.329521829521829512366082326480
0.330561330561330579680401342557
0.331600831600831591483569127377
0.332640332640332658797888143454
0.333679833679833670601055928273
0.334719334719334737915374944350
0.335758835758835749718542729170
0.336798336798336817032861745247
0.337837837837837828836029530066
0.338877338877338896150348546144
0.339916839916839907953516330963
0.340956340956340975267835347040
0.341995841995841987071003131859
0.343035343035343054385322147937
0.344074844074844066188489932756
0.345114345114345133502808948833
0.346153846153846145305976733653
0.347193347193347212620295749730
0.348232848232848224423463534549
0.349272349272349291737782550626
0.350311850311850303540950335446
0.351351351351351370855269351523
0.352390852390852382658437136342
0.353430353430353449972756152420
0.354469854469854461775923937239
0.355509355509355529090242953316
0.356548856548856596404561969393
0.357588357588357608207729754213
0.358627858627858675522048770290
0.359667359667359687325216555109
0.360706860706860754639535571187
0.361746361746361766442703356006
0.362785862785862833757022372083
0.363825363825363845560190156903
0.364864864864864912874509172980
0.365904365904365924677676957799
0.366943866943866991991995973876
0.367983367983368003795163758696
0.369022869022869071109482774773
0.370062370062370082912650559592
0.371101871101871150226969575670
0.372141372141372162030137360489
0.373180873180873229344456376566
0.374220374220374241147624161385
0.375259875259875308461943177463
0.376299376299376320265110962282
0.377338877338877387579429978359
0.378378378378378399382597763179
0.379417879417879466696916779256
0.380457380457380478500084564075
0.381496881496881545814403580152
0.382536382536382557617571364972
0.383575883575883624931890381049
0.384615384615384636735058165868
0.385654885654885704049377181946
0.386694386694386715852544966765
0.387733887733887783166863982842
0.388773388773388794970031767662
0.389812889812889862284350783739
0.390852390852390874087518568558
0.391891891891891941401837584635
0.392931392931392953205005369455
0.393970893970894020519324385532
0.395010395010395032322492170351
0.396049896049896099636811186429
0.397089397089397111439978971248
0.398128898128898178754297987325
0.399168399168399190557465772144
0.400207900207900257871784788222
0.401247401247401269674952573041
0.402286902286902281478120357860
0.403326403326403348792439373938
0.404365904365904360595607158757
0.405405405405405427909926174834
0.406444906444906439713093959654
0.407484407484407507027412975731
0.408523908523908518830580760550
0.409563409563409586144899776627
0.410602910602910597948067561447
0.411642411642411665262386577524
0.412681912681912677065554362343
0.413721413721413744379873378421
0.414760914760914756183041163240
0.415800415800415823497360179317
0.416839916839916835300527964137
0.417879417879417902614846980214
0.418918918918918914418014765033
0.419958419958419926221182549853
0.420997920997921049046652797188
0.422037422037422060849820582007
0.423076923076923072652988366826
0.424116424116424084456156151646
0.425155925155925207281626398981
0.426195426195426219084794183800
0.427234927234927230887961968619
0.428274428274428242691129753439
0.429313929313929365516600000774
0.430353430353430377319767785593
0.431392931392931389122935570413
0.432432432432432400926103355232
0.433471933471933523751573602567
0.434511434511434535554741387386
0.435550935550935547357909172206
0.436590436590436559161076957025
0.437629937629937681986547204360
0.438669438669438693789714989180
0.439708939708939705592882773999
0.440748440748440717396050558818
0.441787941787941840221520806153
0.442827442827442852024688590973
0.443866943866943863827856375792
0.444906444906444986653326623127
0.445945945945945998456494407947
0.446985446985447010259662192766
0.448024948024948022062829977585
0.449064449064449144888300224920
0.450103950103950156691468009740
0.451143451143451168494635794559
0.452182952182952180297803579379
0.453222453222453303123273826714
0.454261954261954314926441611533
0.455301455301455326729609396352
0.456340956340956338532777181172
0.457380457380457461358247428507
0.458419958419958473161415213326
0.459459459459459484964582998145
0.460498960498960496767750782965
0.461538461538461619593221030300
0.462577962577962631396388815119
0.463617463617463643199556599939
0.464656964656964655002724384758
0.465696465696465777828194632093
0.466735966735966789631362416912
0.467775467775467801434530201732
0.468814968814968813237697986551
0.469854469854469936063168233886
0.470893970893970947866336018706
0.471933471933471959669503803525
0.472972972972972971472671588344
0.474012474012474094298141835679
0.475051975051975106101309620499
0.476091476091476117904477405318
0.477130977130977129707645190138
0.478170478170478252533115437473
0.479209979209979264336283222292
0.480249480249480276139451007111
0.481288981288981287942618791931
0.482328482328482355256937808008
0.483367983367983422571256824085
0.484407484407484434374424608905
0.485446985446985446177592393724
0.486486486486486513491911409801
0.487525987525987580806230425878
0.488565488565488592609398210698
0.489604989604989659923717226775
0.490644490644490671726885011594
0.491683991683991683530052796414
0.492723492723492750844371812491
0.493762993762993818158690828568
0.494802494802494829961858613387
0.495841995841995841765026398207
0.496881496881496909079345414284
0.497920997920997976393664430361
0.498960498960498988196832215181
0.500000000000000000000000000000
0.501039501039501011803167784819
0.502079002079002134628638032154
0.503118503118503146431805816974
0.504158004158004158234973601793
0.505197505197505170038141386613
0.506237006237006292863611633948
0.507276507276507304666779418767
0.508316008316008316469947203586
0.509355509355509328273114988406
0.510395010395010451098585235741
0.511434511434511462901753020560
0.512474012474012474704920805380
0.513513513513513486508088590199
0.514553014553014609333558837534
0.515592515592515621136726622353
0.516632016632016632939894407173
0.517671517671517644743062191992
0.518711018711018767568532439327
0.519750519750519779371700224146
0.520790020790020791174868008966
0.521829521829521802978035793785
0.522869022869022925803506041120
0.523908523908523937606673825940
0.524948024948024949409841610759
0.525987525987525961213009395578
0.527027027027027084038479642913
0.528066528066528095841647427733
0.529106029106029107644815212552
0.530145530145530119447982997372
0.531185031185031242273453244707
0.532224532224532254076621029526
0.533264033264033265879788814345
0.534303534303534388705259061680
0.535343035343035400508426846500
0.536382536382536412311594631319
0.537422037422037424114762416139
0.538461538461538546940232663474
0.539501039501039558743400448293
0.540540540540540570546568233112
0.541580041580041582349736017932
0.542619542619542705175206265267
0.543659043659043716978374050086
0.544698544698544728781541834906
0.545738045738045740584709619725
0.546777546777546863410179867060
0.547817047817047875213347651879
0.548856548856548887016515436699
0.549896049896049898819683221518
0.550935550935551021645153468853
0.551975051975052033448321253672
0.553014553014553045251489038492
0.554054054054054057054656823311
0.555093555093555179880127070646
0.556133056133056191683294855466
0.557172557172557203486462640285
0.558212058212058215289630425104
0.559251559251559338115100672439
0.560291060291060349918268457259
0.561330561330561361721436242078
0.562370062370062373524604026898
0.563409563409563496350074274233
0.564449064449064508153242059052
0.565488565488565519956409843871
0.566528066528066531759577628691
0.567567567567567654585047876026
0.568607068607068666388215660845
0.569646569646569678191383445665
0.570686070686070689994551230484
0.571725571725571812820021477819
0.572765072765072824623189262638
0.573804573804573836426357047458
0.574844074844074848229524832277
0.575883575883575971054995079612
0.576923076923076982858162864432
0.577962577962577994661330649251
0.579002079002079117486800896586
0.580041580041580129289968681405
0.581081081081081141093136466225
0.582120582120582152896304251044
0.583160083160083275721774498379
0.584199584199584287524942283198
0.585239085239085299328110068018
0.586278586278586311131277852837
0.587318087318087433956748100172
0.588357588357588445759915884992
0.589397089397089457563083669811
0.590436590436590469366251454630
0.591476091476091592191721701965
0.592515592515592603994889486785
0.593555093555093615798057271604
0.594594594594594627601225056424
0.595634095634095750426695303759
0.596673596673596762229863088578
0.597713097713097774033030873397
0.598752598752598785836198658217
0.599792099792099908661668905552
0.600831600831600920464836690371
0.601871101871101932268004475191
0.602910602910602944071172260010
0.603950103950104066896642507345
0.604989604989605078699810292164
0.606029106029106090502978076984
0.607068607068607102306145861803
0.608108108108108225131616109138
0.609147609147609236934783893958
0.610187110187110248737951678777
0.611226611226611260541119463596
0.612266112266112383366589710931
0.613305613305613395169757495751
0.614345114345114406972925280570
0.615384615384615418776093065389
0.616424116424116430579260850209
0.617463617463617553404731097544
0.618503118503118565207898882363
0.619542619542619577011066667183
0.620582120582120588814234452002
0.621621621621621711639704699337
0.622661122661122723442872484156
0.623700623700623735246040268976
0.624740124740124747049208053795
0.625779625779625758852375838615
0.626819126819126881677846085950
0.627858627858627893481013870769
0.628898128898128905284181655588
0.629937629937629917087349440408
0.630977130977131039912819687743
0.632016632016632051715987472562
0.633056133056133063519155257381
0.634095634095634075322323042201
0.635135135135135087125490827020
0.636174636174636209950961074355
0.637214137214137221754128859175
0.638253638253638233557296643994
0.639293139293139245360464428813
0.640332640332640368185934676148
0.641372141372141379989102460968
0.642411642411642391792270245787
0.643451143451143403595438030607
0.644490644490644526420908277942
0.645530145530145538224076062761
0.646569646569646550027243847580
0.647609147609147561830411632400
0.648648648648648684655881879735
0.649688149688149696459049664554
0.650727650727650708262217449374
0.651767151767151720065385234193
0.652806652806652842890855481528
0.653846153846153854694023266347
0.654885654885654866497191051167
0.655925155925155878300358835986
0.656964656964657001125829083321
0.658004158004158012928996868141
0.659043659043659024732164652960
0.660083160083160036535332437779
0.661122661122661159360802685114
0.662162162162162171163970469934
0.663201663201663182967138254753
0.664241164241164194770306039572
0.665280665280665317595776286907
0.666320166320166329398944071727
0.667359667359667341202111856546
0.668399168399168464027582103881
0.669438669438669475830749888701
0.670478170478170487633917673520
0.671517671517671499437085458339
0.672557172557172622262555705674
0.673596673596673634065723490494
0.674636174636174645868891275313
0.675675675675675657672059060133
0.676715176715176780497529307468
0.677754677754677792300697092287
0.678794178794178804103864877106
0.679833679833679815907032661926
0.680873180873180938732502909261
0.681912681912681950535670694080
0.682952182952182962338838478900
0.683991683991683974142006263719
0.685031185031185096967476511054
0.686070686070686108770644295873
0.687110187110187120573812080693
0.688149688149688132376979865512
0.689189189189189255202450112847
0.690228690228690267005617897667
0.691268191268191278808785682486
0.692307692307692290611953467305
0.693347193347193413437423714640
0.694386694386694425240591499460
0.695426195426195437043759284279
0.696465696465696448846927069098
0.697505197505197571672397316433
0.698544698544698583475565101253
0.699584199584199595278732886072
0.700623700623700607081900670892
0.701663201663201729907370918227
0.702702702702702741710538703046
0.703742203742203753513706487865
0.704781704781704765316874272685
0.705821205821205888142344520020
0.706860706860706899945512304839
0.707900207900207911748680089659
0.708939708939708923551847874478
0.709979209979210046377318121813
0.711018711018711058180485906632
0.712058212058212069983653691452
0.713097713097713192809123938787
0.714137214137214204612291723606
0.715176715176715216415459508426
0.716216216216216228218627293245
0.717255717255717351044097540580
0.718295218295218362847265325399
0.719334719334719374650433110219
0.720374220374220386453600895038
0.721413721413721509279071142373
0.722453222453222521082238927193
0.723492723492723532885406712012
0.724532224532224544688574496831
0.725571725571725667514044744166
0.726611226611226679317212528986
0.727650727650727691120380313805
0.728690228690228702923548098624
0.729729729729729825749018345959
0.730769230769230837552186130779
0.731808731808731849355353915598
0.732848232848232861158521700418
0.733887733887733983983991947753
0.734927234927234995787159732572
0.735966735966736007590327517391
0.737006237006237019393495302211
0.738045738045738142218965549546
0.739085239085239154022133334365
0.740124740124740165825301119185
0.741164241164241177628468904004
0.742203742203742300453939151339
0.743243243243243312257106936158
0.744282744282744324060274720978
0.745322245322245335863442505797
0.746361746361746458688912753132
0.747401247401247470492080537952
0.748440748440748482295248322771
0.749480249480249494098416107590
0.750519750519750616923886354925
0.751559251559251628727054139745
0.752598752598752640530221924564
0.753638253638253652333389709383
0.754677754677754775158859956719
0.755717255717255786962027741538
0.756756756756756798765195526357
0.757796257796257921590665773692
0.758835758835758933393833558512
0.759875259875259945197001343331
0.760914760914760957000169128150
0.761954261954262079825639375485
0.762993762993763091628807160305
0.764033264033264103431974945124
0.765072765072765115235142729944
0.766112266112266238060612977279
0.767151767151767249863780762098
0.768191268191268261666948546917
0.769230769230769273470116331737
0.770270270270270396295586579072
0.771309771309771408098754363891
0.772349272349272419901922148711
0.773388773388773431705089933530
0.774428274428274554530560180865
0.775467775467775566333727965684
0.776507276507276578136895750504
0.777546777546777589940063535323
0.778586278586278712765533782658
0.779625779625779724568701567478
0.780665280665280736371869352297
0.781704781704781748175037137116
0.782744282744282871000507384451
0.783783783783783882803675169271
0.784823284823284894606842954090
0.785862785862785906410010738909
0.786902286902287029235480986245
0.787941787941788041038648771064
0.788981288981289052841816555883
0.790020790020790064644984340703
0.791060291060291187470454588038
0.792099792099792199273622372857
0.793139293139293211076790157676
0.794178794178794222879957942496
0.795218295218295234683125727315
0.796257796257796357508595974650
0.797297297297297369311763759470
0.798336798336798381114931544289
0.799376299376299392918099329108
0.800415800415800515743569576443
0.801455301455301527546737361263
0.802494802494802539349905146082
0.803534303534303551153072930902
0.804573804573804562956240715721
0.805613305613305685781710963056
0.806652806652806697584878747875
0.807692307692307709388046532695
0.808731808731808721191214317514
0.809771309771309844016684564849
0.810810810810810855819852349669
0.811850311850311867623020134488
0.812889812889812879426187919307
0.813929313929313891229355704127
0.814968814968815014054825951462
0.816008316008316025857993736281
0.817047817047817037661161521100
0.818087318087318049464329305920
0.819126819126819172289799553255
0.820166320166320184092967338074
0.821205821205821195896135122894
0.822245322245322207699302907713
0.823284823284823330524773155048
0.824324324324324342327940939867
0.825363825363825354131108724687
0.826403326403326365934276509506
0.827442827442827488759746756841
0.828482328482328500562914541661
0.829521829521829512366082326480
0.830561330561330524169250111299
0.831600831600831646994720358634
0.832640332640332658797888143454
0.833679833679833670601055928273
0.834719334719334682404223713093
0.835758835758835805229693960428
0.836798336798336817032861745247
0.837837837837837828836029530066
0.838877338877338840639197314886
0.839916839916839852442365099705
0.840956340956340864245532884524
0.841995841995842098093305594375
0.843035343035343109896473379195
0.844074844074844121699641164014
0.845114345114345133502808948833
0.846153846153846145305976733653
0.847193347193347157109144518472
0.848232848232848168912312303291
0.849272349272349402760085013142
0.850311850311850414563252797961
0.851351351351351426366420582781
0.852390852390852438169588367600
0.853430353430353449972756152420
0.854469854469854461775923937239
0.855509355509355473579091722058
0.856548856548856485382259506878
0.857588357588357719230032216728
0.858627858627858731033200001548
0.859667359667359742836367786367
0.860706860706860754639535571187
0.861746361746361766442703356006
0.862785862785862778245871140825
0.863825363825363790049038925645
0.864864864864864801852206710464
0.865904365904366035699979420315
0.866943866943867047503147205134
0.867983367983368059306314989954
0.869022869022869071109482774773
0.870062370062370082912650559592
0.871101871101871094715818344412
0.872141372141372106518986129231
0.873180873180873118322153914050
0.874220374220374352169926623901
0.875259875259875363973094408720
0.876299376299376375776262193540
0.877338877338877387579429978359
0.878378378378378399382597763179
0.879417879417879411185765547998
0.880457380457380422988933332817
0.881496881496881434792101117637
0.882536382536382668639873827487
0.883575883575883680443041612307
0.884615384615384692246209397126
0.885654885654885704049377181946
0.886694386694386715852544966765
0.887733887733887727655712751584
0.888773388773388739458880536404
0.889812889812889973306653246254
0.890852390852390985109821031074
0.891891891891891996912988815893
0.892931392931393008716156600713
0.893970893970894020519324385532
0.895010395010395032322492170351
0.896049896049896044125659955171
0.897089397089397055928827739990
0.898128898128898289776600449841
0.899168399168399301579768234660
0.900207900207900313382936019480
0.901247401247401325186103804299
0.902286902286902336989271589118
0.903326403326403348792439373938
0.904365904365904360595607158757
0.905405405405405372398774943576
0.906444906444906606246547653427
0.907484407484407618049715438246
0.908523908523908629852883223066
0.909563409563409641656051007885
0.910602910602910653459218792705
0.911642411642411665262386577524
0.912681912681912677065554362343
0.913721413721413688868722147163
0.914760914760914922716494857013
0.915800415800415934519662641833
0.916839916839916946322830426652
0.917879417879417958125998211472
0.918918918918918969929165996291
0.919958419958419981732333781110
0.920997920997920993535501565930
0.922037422037422005338669350749
0.923076923076923239186442060600
0.924116424116424250989609845419
0.925155925155925262792777630239
0.926195426195426274595945415058
0.927234927234927286399113199877
0.928274428274428298202280984697
0.929313929313929310005448769516
0.930353430353430321808616554335
0.931392931392931555656389264186
0.932432432432432567459557049006
0.933471933471933579262724833825
0.934511434511434591065892618644
0.935550935550935602869060403464
0.936590436590436614672228188283
0.937629937629937626475395973102
0.938669438669438860323168682953
0.939708939708939872126336467772
0.940748440748440883929504252592
0.941787941787941895732672037411
0.942827442827442907535839822231
0.943866943866943919339007607050
0.944906444906444931142175391869
0.945945945945945942945343176689
0.946985446985447176793115886539
0.948024948024948188596283671359
0.949064449064449200399451456178
0.950103950103950212202619240998
0.951143451143451224005787025817
0.952182952182952235808954810636
0.953222453222453247612122595456
0.954261954261954259415290380275
0.955301455301455382240760627610
0.956340956340956505066230874945
0.957380457380457516869398659765
0.958419958419958528672566444584
0.959459459459459540475734229403
0.960498960498960552278902014223
0.961538461538461564082069799042
0.962577962577962575885237583861
0.963617463617463698710707831196
0.964656964656964710513875616016
0.965696465696465833339345863351
0.966735966735966845142513648170
0.967775467775467856945681432990
0.968814968814968868748849217809
0.969854469854469880552017002628
0.970893970893970892355184787448
0.971933471933472015180655034783
0.972972972972973026983822819602
0.974012474012474038786990604422
0.975051975051975161612460851757
0.976091476091476173415628636576
0.977130977130977185218796421395
0.978170478170478197021964206215
0.979209979209979319847434453550
0.980249480249480331650602238369
0.981288981288981343453770023189
0.982328482328482355256937808008
0.983367983367983367060105592827
0.984407484407484489885575840162
0.985446985446985501688743624982
0.986486486486486513491911409801
0.987525987525987636317381657136
0.988565488565488648120549441956
0.989604989604989659923717226775
0.990644490644490671726885011594
0.991683991683991683530052796414
0.992723492723492695333220581233
0.993762993762993818158690828568
0.994802494802494829961858613387
0.995841995841995952787328860722
0.996881496881496964590496645542
0.997920997920997976393664430361
0.998960498960498988196832215181
0.000032007659747021324021711702
0.000074506416912661655458163801
0.000117064934096052368256608844
0.000159623933939676937139931501
0.000202177236004628030135651939
0.000244722260068521357476156730
0.000287256991178622253426538924
0.000329779549336732449166254000
0.000372288096472698560625291808
0.000414780810316488018300168372
0.000457255875623143489931698991
0.000499711480828138603256516337
0.000542145816656588444212849787
0.000584557075516056929599673087
0.000626943451232114530406736019
0.000669303138944869605887755259
0.000711634335086254368046843055
0.000753935237398859533358708163
0.000796204044978441011042036290
0.000838438958329179736227165787
0.000880638179426877104084836478
0.000922799911786593139197132363
0.000964922360533390578891943523
0.001007003732474776600339105848
0.001049042236174209342600138761
0.001091036082025574789622357486
0.001132983482327847967602307833
0.001174882651360415830935068904
0.001216731805458034446770776427
0.001258529163086673056948239235
0.001300272944918580983811318141
0.001341961373907882108802436250
0.001383592675365920635077721101
0.001425165077036779021427137515
0.001466676809172440731562914173
0.001508126104608057066816528824
0.001549511198837097121841499536
0.001590830330086380646481547529
0.001632081739391155359927831903
0.001673263670669664039333812688
0.001714374370798071563551379093
0.001755412089685057372076548710
0.001796375080346162894304185009
0.001837261598978391164208034958
0.001878069905034039904084819383
0.001918798261295208982049609325
0.001959444933947352470576808159
0.002000008192653463662269430756
0.002040486310627407685880374544
0.002080877564707562903112414432
0.002121180235430133575319500139
0.002161392607102461879686750024
0.002201512967875868514305848223
0.002241539609818646826278065731
0.002281470828988785021912422124
0.002321304925506370922527743517
0.002361040203626092130045899253
0.002400674971809371900655083465
0.002440207542796379684701957302
0.002479636233677778855977180683
0.002518959365966497426087000733
0.002558175265669136201618361071
0.002597282263357171810252976840
0.002636278694238164931051837669
0.002675162898226317569755350334
0.002713933220013591517127959918
0.002752588009139837581240595199
0.002791125620063148599081515044
0.002829544412229956576454448225
0.002867842750144812373480629475
0.002906019003439994086157582842
0.002944071546945003538253704534
0.002981998760755763967084108756
0.003019799030303300761690632470
0.003057470746422887540594270916
0.003095012305422223820167149100
0.003132422109149909320718885297
0.003169698565063344946474144237
0.003206840086296527080056417702
0.003243845091727777692203193993
0.003280712006046813088155911231
0.003317439259821943625672346911
0.003354025289566836282723061302
0.003390468537807123268479347900
0.003426767453146749558418049375
0.003462920490333807818639222376
0.003498926110326538128914020120
0.003534782780358653765662158008
0.003570488974004905075726457042
0.003606043171245597745572242232
0.003641443858531702177511180096
0.003676689528849155352147048958
0.003711778681782906385427933671
0.003746709823580963820421896315
0.003781481467217852679429945795
0.003816092132457980443116518643
0.003850540345918615752623948012
0.003884824641132679761551527164
0.003918943558611024009785683830
0.003952895645904855315144743599
0.003986679457667140213938949955
0.004020293555714566681447141860
0.004053736509088357899133203688
0.004087006894115675394163478273
0.004120103294469713330061555467
0.004153024301230280254659810169
0.004185768512943778031643038418
0.004218334535682816480162138362
0.004250720983105488008646499765
0.004282926476514445357501870149
0.004314949644915653213794737297
0.004346789125076632419319988543
0.004378443561584541982023566220
0.004409911606903853427408268573
0.004441191921433844738698049071
0.004472283173565535716043051195
0.004503184039738165368726985349
0.004533893204496022323601867043
0.004564409360543984599256628343
0.004594731208803325660239291750
0.004624857458467226435649966021
0.004654786827055322831481198875
0.004684518040468639218931734547
0.004714049833043681449196160571
0.004743380947606289609053131784
0.004772510135525269599210407279
0.004801436156765524244927068054
0.004830157779940660520145989665
0.004858673782365640139713214296
0.004886982950108744935824311995
0.004915084078043216973818996252
0.004942975969898641061539557029
0.004970657438311677604747540471
0.004998127304877075620381798871
0.005025384400197138376475969324
0.005052427563932043383387870961
0.005079255644849203082946687005
0.005105867500871941189188873977
0.005132261999128396277869423869
0.005158438015999736690753163515
0.005184394437167818593670265415
0.005210130157662770308824029541
0.005235644081910032811288946419
0.005260935123776891951530298996
0.005286002206618793837489267418
0.005310844263325229137884253561
0.005335460236365008497572137713
0.005359849077831402644478409059
0.005384009749486711772503699791
0.005407941222806464560968198185
0.005431642479023265912552176360
0.005455112509170006312997358577
0.005478350314123013077571844320
0.005501354904644342042052684860
0.005524125301424259205929079286
0.005546660535122471639979391256
0.005568959646409788605270207995
0.005591021686008699337344651781
0.005612845714733923942196813783
0.005634430803532299025793150804
0.005655776033522511535289734041
0.005676880496033947891276749687
0.005697743292645620315217680485
0.005718363535224034108206403459
0.005738740345961724532986014680
0.005758872857413786620905948865
0.005778760212535401577516047666
0.005798401564717939847548588972
0.005817796077825230713354009993
0.005836942926229196117182684844
0.005855841294844754164883315894
0.005874490379164689669855281551
0.005892889385293858563186208954
0.005911037529983060971605635103
0.005928934040662212599792635359
0.005946578155473471877234814542
0.005963969123303391323132061075
0.005981106203815172127347121744
0.005997988667479918663272275836
0.006014615795607927695165528803
0.006030986880379153591835716952
0.006047101224873343942867176537
0.006062958143099699860611995206
0.006078556960026196276380971995
0.006093897011608142427752099479
0.006108977644816624384682679505
0.006123798217666134857672943781
0.006138358099242033870390766737
0.006152656669727351972098983168
0.006166693320429163238660663637
0.006180467453804600920508338646
0.006193978483486036953897801993
0.006207225834306419331998228017
0.006220208942323412516783864845
0.006232927254843599433609124816
0.006245380230445995647925450101
0.006257567339005024042997149536
0.006269488061713036734790005511
0.006281141891102680861747042940
0.006292528331068089966771061938
0.006303646896886368547474610580
0.006314497115238007149407017948
0.006325078524227091894549523943
0.006335390673401020480981493677
0.006345433123769603223074398102
0.006355205447823830157416669095
0.006364707229553870533600434811
0.006373938064467117407818630426
0.006382897559605152371098313324
0.006391585333560527264207262732
0.006400001016492989913686528780
0.006408144250145335167612170579
0.006416014687858499591921468408
0.006423611994586464479795040461
0.006430935846910368694495652164
0.006437985933052424621092502122
0.006444761952889137626709903373
0.006451263617963964337731486154
0.006457490651499833873849798493
0.006463442788410686361266765942
0.006469119775312871800654335175
0.006474521370536062345180106092
0.006479647344133194000748154906
0.006484497477890672871569943680
0.006489071565337263883255225494
0.006493369411753299562384267318
0.006497390834178538333854024955
0.006501135661420283026745714494
0.006504603734060533139216264686
0.006507794904462716432946844947
0.006510709036778116950983097411
0.006513346006951616085078882179
0.006515705702726751029352225686
0.006517788023650927624330631005
0.006519592881079313943792907793
0.006521120198178765973995307803
0.006522369909931107975764597029
0.006523341963135890694824858826
0.006524036316412577980738962680
0.006524452940202448911199972770
0.006524591816769754852589624505
0.006524452940202448911199972770
0.006524036316412577980738962680
0.006523341963135890694824858826
0.006522369909931107975764597029
0.006521120198178765973995307803
0.006519592881079313943792907793
0.006517788023650927624330631005
0.006515705702726751029352225686
0.006513346006951616085078882179
0.006510709036778116950983097411
0.006507794904462716432946844947
0.006504603734060533139216264686
0.006501135661420283026745714494
0.006497390834178538333854024955
0.006493369411753299562384267318
0.006489071565337263883255225494
0.006484497477890672871569943680
0.006479647344133194000748154906
0.006474521370536062345180106092
0.006469119775312871800654335175
0.006463442788410686361266765942
0.006457490651499833873849798493
0.006451263617963964337731486154
0.006444761952889137626709903373
0.006437985933052424621092502122
0.006430935846910368694495652164
0.006423611994586464479795040461
0.006416014687858499591921468408
0.006408144250145335167612170579
0.006400001016492989913686528780
0.006391585333560527264207262732
0.006382897559605152371098313324
0.006373938064467117407818630426
0.006364707229553870533600434811
0.006355205447823830157416669095
0.006345433123769603223074398102
0.006335390673401020480981493677
0.006325078524227091894549523943
0.006314497115238007149407017948
0.006303646896886368547474610580
0.006292528331068089966771061938
0.006281141891102680861747042940
0.006269488061713036734790005511
0.006257567339005024042997149536
0.006245380230445995647925450101
0.006232927254843599433609124816
0.006220208942323412516783864845
0.006207225834306419331998228017
0.006193978483486036953897801993
0.006180467453804600920508338646
0.006166693320429163238660663637
0.006152656669727351972098983168
0.006138358099242033870390766737
0.006123798217666134857672943781
0.006108977644816624384682679505
0.006093897011608142427752099479
0.006078556960026196276380971995
0.006062958143099699860611995206
0.006047101224873343942867176537
0.006030986880379153591835716952
0.006014615795607927695165528803
0.005997988667479918663272275836
0.005981106203815172127347121744
0.005963969123303391323132061075
0.005946578155473471877234814542
0.005928934040662212599792635359
0.005911037529983060971605635103
0.005892889385293858563186208954
0.005874490379164689669855281551
0.005855841294844754164883315894
0.005836942926229196117182684844
0.005817796077825230713354009993
0.005798401564717939847548588972
0.005778760212535401577516047666
0.005758872857413786620905948865
0.005738740345961724532986014680
0.005718363535224034108206403459
0.005697743292645620315217680485
0.005676880496033947891276749687
0.005655776033522511535289734041
0.005634430803532299025793150804
0.005612845714733923942196813783
0.005591021686008699337344651781
0.005568959646409788605270207995
0.005546660535122471639979391256
0.005524125301424259205929079286
0.005501354904644342042052684860
0.005478350314123013077571844320
0.005455112509170006312997358577
0.005431642479023265912552176360
0.005407941222806464560968198185
0.005384009749486711772503699791
0.005359849077831402644478409059
0.005335460236365008497572137713
0.005310844263325229137884253561
0.005286002206618793837489267418
0.005260935123776891951530298996
0.005235644081910032811288946419
0.005210130157662770308824029541
0.005184394437167818593670265415
0.005158438015999736690753163515
0.005132261999128396277869423869
0.005105867500871941189188873977
0.005079255644849203082946687005
0.005052427563932043383387870961
0.005025384400197138376475969324
0.004998127304877075620381798871
0.004970657438311677604747540471
0.004942975969898641061539557029
0.004915084078043216973818996252
0.004886982950108744935824311995
0.004858673782365640139713214296
0.004830157779940660520145989665
0.004801436156765524244927068054
0.004772510135525269599210407279
0.004743380947606289609053131784
0.004714049833043681449196160571
0.004684518040468639218931734547
0.004654786827055322831481198875
0.004624857458467226435649966021
0.004594731208803325660239291750
0.004564409360543984599256628343
0.004533893204496022323601867043
0.004503184039738165368726985349
0.004472283173565535716043051195
0.004441191921433844738698049071
0.004409911606903853427408268573
0.004378443561584541982023566220
0.004346789125076632419319988543
0.004314949644915653213794737297
0.004282926476514445357501870149
0.004250720983105488008646499765
0.004218334535682816480162138362
0.004185768512943778031643038418
0.004153024301230280254659810169
0.004120103294469713330061555467
0.004087006894115675394163478273
0.004053736509088357899133203688
0.004020293555714566681447141860
0.003986679457667140213938949955
0.003952895645904855315144743599
0.003918943558611024009785683830
0.003884824641132679761551527164
0.003850540345918615752623948012
0.003816092132457980443116518643
0.003781481467217852679429945795
0.003746709823580963820421896315
0.003711778681782906385427933671
0.003676689528849155352147048958
0.003641443858531702177511180096
0.003606043171245597745572242232
0.003570488974004905075726457042
0.003534782780358653765662158008
0.003498926110326538128914020120
0.003462920490333807818639222376
0.003426767453146749558418049375
0.003390468537807123268479347900
0.003354025289566836282723061302
0.003317439259821943625672346911
0.003280712006046813088155911231
0.003243845091727777692203193993
0.003206840086296527080056417702
0.003169698565063344946474144237
0.003132422109149909320718885297
0.003095012305422223820167149100
0.003057470746422887540594270916
0.003019799030303300761690632470
0.002981998760755763967084108756
0.002944071546945003538253704534
0.002906019003439994086157582842
0.002867842750144812373480629475
0.002829544412229956576454448225
0.002791125620063148599081515044
0.002752588009139837581240595199
0.002713933220013591517127959918
0.002675162898226317569755350334
0.002636278694238164931051837669
0.002597282263357171810252976840
0.002558175265669136201618361071
0.002518959365966497426087000733
0.002479636233677778855977180683
0.002440207542796379684701957302
0.002400674971809371900655083465
0.002361040203626092130045899253
0.002321304925506370922527743517
0.002281470828988785021912422124
0.002241539609818646826278065731
0.002201512967875868514305848223
0.002161392607102461879686750024
0.002121180235430133575319500139
0.002080877564707562903112414432
0.002040486310627407685880374544
0.002000008192653463662269430756
0.001959444933947352470576808159
0.001918798261295208982049609325
0.001878069905034039904084819383
0.001837261598978391164208034958
0.001796375080346162894304185009
0.001755412089685057372076548710
0.001714374370798071563551379093
0.001673263670669664039333812688
0.001632081739391155359927831903
0.001590830330086380646481547529
0.001549511198837097121841499536
0.001508126104608057066816528824
0.001466676809172440731562914173
0.001425165077036779021427137515
0.001383592675365920635077721101
0.001341961373907882108802436250
0.001300272944918580983811318141
0.001258529163086673056948239235
0.001216731805458034446770776427
0.001174882651360415830935068904
0.001132983482327847967602307833
0.001091036082025574789622357486
0.001049042236174209342600138761
0.001007003732474776600339105848
0.000964922360533390578891943523
0.000922799911786593139197132363
0.000880638179426877104084836478
0.000838438958329179736227165787
0.000796204044978441011042036290
0.000753935237398859533358708163
0.000711634335086254368046843055
0.000669303138944869605887755259
0.000626943451232114530406736019
0.000584557075516056929599673087
0.000542145816656588444212849787
0.000499711480828138603256516337
0.000457255875623143489931698991
0.000414780810316488018300168372
0.000372288096472698560625291808
0.000329779549336732449166254000
0.000287256991178622253426538924
0.000244722260068521357476156730
0.000202177236004628030135651939
0.000159623933939676937139931501
0.000117064934096052368256608844
0.000074506416912661655458163801
0.000032007659747021324021711702
