0.007731987187063097712036441322
0.017748136697755149959743192767
0.027823436499746705824476222801
0.037912100216608214664493203827
0.048005832416448297739197670353
0.058102016425300530289010936258
0.068199569741026727642818627828
0.078297964224360430685045741939
0.088396911654269064162470215251
0.098496241380071500315374066759
0.108595845871095955659235698931
0.118695653941559647881476280418
0.128795616525718886746787461561
0.138895698638005465896938517290
0.148995874591894311711470777482
0.159096125032630902884633883332
0.169196435026962660463922816234
0.179296792793141090971431594880
0.189397188831695817423650396449
0.199497615314070703140814089238
0.209598065640927228026058060095
0.219698534113939164535977965897
0.229799015684159252392859684733
0.239899505751852537560608880085
0.250000000000000000000000000000
0.260100494248147517950542351173
0.270200984315840775362715930896
0.280301465886060863219597649731
0.290401934359072744218366324276
0.300502384685929324614761526391
0.310602811168304238087500834808
0.320703207206858909028568405120
0.330803564973037367291652799395
0.340903874967369180382092963555
0.351004125408105716044104838147
0.361104301361994561858637098339
0.371204383474281141008788154068
0.381304346058440379874099335211
0.391404154128904113729703340141
0.401503758619928541317989356685
0.411603088345730949715317592563
0.421702035775639638703893297134
0.431800430258973300112756987801
0.441897983574699504405458583278
0.451994167583551764710847464812
0.462087899783391764518825084451
0.472176563500253332339440248688
0.482251863302244898612514134584
0.492268012812936917033113104480
0.000000000000000000000000000000
0.010204081632653060410231837807
0.020408163265306120820463675614
0.030612244897959179495972037444
0.040816326530612241640927351227
0.051020408163265307255329616964
0.061224489795918358991944074887
0.071428571428571424606346340624
0.081632653061224483281854702454
0.091836734693877541957363064284
0.102040816326530614510659233929
0.112244897959183673186167595759
0.122448979591836717983888149774
0.132653061224489776659396511604
0.142857142857142849212692681249
0.153061224489795921765988850893
0.163265306122448966563709404909
0.173469387755102039117005574553
0.183673469387755083914726128569
0.193877551020408156468022298213
0.204081632653061229021318467858
0.214285714285714273819039021873
0.224489795918367346372335191518
0.234693877551020391170055745533
0.244897959183673435967776299549
0.255102040816326536276648084822
0.265306122448979553318793023209
0.275510204081632681383240424111
0.285714285714285698425385362498
0.295918367346938770978681532142
0.306122448979591843531977701787
0.316326530612244916085273871431
0.326530612244897933127418809818
0.336734693877551005680714979462
0.346938775510204078234011149107
0.357142857142857095276156087493
0.367346938775510167829452257138
0.377551020408163240382748426782
0.387755102040816312936044596427
0.397959183673469385489340766071
0.408163265306122458042636935716
0.418367346938775475084781874102
0.428571428571428547638078043747
0.438775510204081620191374213391
0.448979591836734692744670383036
0.459183673469387709786815321422
0.469387755102040782340111491067
0.479591836734693854893407660711
0.489795918367346871935552599098
0.500000000000000000000000000000
0.510204081632653072553296169644
0.520408163265306034084289876773
0.530612244897959106637586046418
0.540816326530612179190882216062
0.551020408163265362766480848222
0.561224489795918435319777017867
0.571428571428571396850770724996
0.581632653061224469404066894640
0.591836734693877541957363064284
0.602040816326530614510659233929
0.612244897959183687063955403573
0.622448979591836759617251573218
0.632653061224489832170547742862
0.642857142857142793701541449991
0.653061224489795866254837619636
0.663265306122448938808133789280
0.673469387755102011361429958924
0.683673469387755083914726128569
0.693877551020408156468022298213
0.704081632653061117999016005342
0.714285714285714190552312174987
0.724489795918367263105608344631
0.734693877551020335658904514275
0.744897959183673408212200683920
0.755102040816326480765496853564
0.765306122448979664341095485725
0.775510204081632625872089192853
0.785714285714285698425385362498
0.795918367346938770978681532142
0.806122448979591843531977701787
0.816326530612244916085273871431
0.826530612244897988638570041076
0.836734693877550950169563748204
0.846938775510204022722859917849
0.857142857142857095276156087493
0.867346938775510167829452257138
0.877551020408163240382748426782
0.887755102040816312936044596427
0.897959183673469385489340766071
0.908163265306122347020334473200
0.918367346938775419573630642844
0.928571428571428492126926812489
0.938775510204081564680222982133
0.948979591836734637233519151778
0.959183673469387709786815321422
0.969387755102040782340111491067
0.979591836734693743871105198195
0.989795918367346927446703830356
0.003027278988923087516688115173
0.007035099590086477464034864227
0.011020551031593578406031497252
0.014962144935624675096130786756
0.018843595853089336461527736333
0.022649201587446640693279675816
0.026363618927065995273251175490
0.029971884620583782998792798935
0.033459466791622149983709277876
0.036812320963000730311698305286
0.040016945766372991055703778329
0.043060436981259594957371916735
0.045930539355595947914601140383
0.048615695887828241916750471319
0.051105094330144498759871396487
0.053388710708258957371441510986
0.055457349674803591010885384094
0.057302681530187402070275481947
0.058917275760027178199695896410
0.060294630953152017482921110059
0.061429200979192959131136575479
0.062316417320057354567452989613
0.062952707465195725800022330532
0.063335509296491718234101142571
0.063463281404790600204179895627
0.063335509296491718234101142571
0.062952707465195725800022330532
0.062316417320057354567452989613
0.061429200979192959131136575479
0.060294630953152017482921110059
0.058917275760027178199695896410
0.057302681530187402070275481947
0.055457349674803591010885384094
0.053388710708258957371441510986
0.051105094330144498759871396487
0.048615695887828241916750471319
0.045930539355595947914601140383
0.043060436981259594957371916735
0.040016945766372991055703778329
0.036812320963000730311698305286
0.033459466791622149983709277876
0.029971884620583782998792798935
0.026363618927065995273251175490
0.022649201587446640693279675816
0.018843595853089336461527736333
0.014962144935624675096130786756
0.011020551031593578406031497252
0.007035099590086477464034864227
0.003027278988923087516688115173
