0.000769326251957261775943353044
0.001765924763024660478286098630
0.002768408726928800987765466601
0.003772222465656528082172949112
0.004776540619366711690196858342
0.005781102860705913427941116112
0.006785801512202420393560231560
0.007790584056365497910012773985
0.008795421848992015026458268778
0.009800297945976636782017266114
0.010805201685904635561241704522
0.011810126026351520575619069575
0.012815066128981414048104703340
0.013820018560111503938547805603
0.014824980815600794989417288150
0.015829951026317609641402839316
0.016834927768894881322525591827
0.017839909940349160666350769588
0.018844896672753581878811957040
0.019849887273798293152449190302
0.020854881184518673370442698456
0.021859877948669129144043665747
0.022864877190166384840486202279
0.023869878596227456918343889924
0.024874881904590320780279455448
0.025879886893709548589814772868
0.026884893375152509736869532730
0.027889901187634444368335095987
0.028894910192300324314196302566
0.029899920268956620833522563885
0.030904931313039344514814743548
0.031909943233152403274655029008
0.032914955949058757878056269419
0.033919969390027740474558015649
0.034924983493467690043310369674
0.035929998203787921751128919823
0.036935013471446467847592032285
0.037940029252149579108710497621
0.038945045506174155724998797723
0.039950062197793262397382818563
0.040955079294785964871827843581
0.041960096768017499102576550740
0.042965114591078101824450641288
0.043970132739972203617107027185
0.044975151192848498993281936009
0.045980169929765273006960768498
0.046985188932486834922919172186
0.047990208184304369853911964583
0.048995227669879966303501106495
0.050000247375108074210370290302
0.051005267286994553088685933062
0.052010287393549681222992830953
0.053015307683692169948841410587
0.054020328147165334875534625780
0.055025348774461114997880173405
0.056030369556753799320514275450
0.057035390485839283780666875145
0.058040411554081128286952662165
0.059045432754363150196219578447
0.060050454080044932125836965042
0.061055475524923047414560528523
0.062060497083195539924638239881
0.063065518749430393707910980083
0.064070540518536112095659973420
0.065075562385735113979379207194
0.066080584346540724438590075351
0.067085606396734637213441487802
0.068090628532347416412839891109
0.069095650749640538657025956581
0.070100673045089281765207545050
0.071105695415368513900844504860
0.072110717857337774949755271336
0.073115740368029272233663107272
0.074120762944636126023922884087
0.075125785584501128533396752118
0.076130808285107459676410712746
0.077135831044069139150742842048
0.078140853859122921809543527161
0.079145876728119943233075161970
0.080150899649019252679593705579
0.081155922619880832558081351635
0.082160945638859159134703702421
0.083165968704197998362381838433
0.084170991814224424554247150354
0.085176014967344781947389265042
0.086181038162039147465520727565
0.087186061396857694738571353810
0.088191084670416391988467808005
0.089196107981393601971120688177
0.090201131328526251706989569357
0.091206154710606765489977476591
0.092211178126479970140749742313
0.093216201575040583127140791930
0.094221225055229979039594923051
0.095226248566034163434146364580
0.096231272106481441364067563882
0.097236295675640002644790627073
0.098241319272615951208038609366
0.099246342896551500989410499187
0.100251366546622963649149085086
0.101256390222039416304511405542
0.102261413922040578228234153357
0.103266437645895770014448089569
0.104271461392902095588475219756
0.105276485162383609539560325175
0.106281508953689471375092523431
0.107286532766193293264578301205
0.108291556599291571849619231216
0.109296580452402980476733773685
0.110301604324966981418576494889
0.111306628216443395662516024913
0.112311652126310848598400582432
0.113316676054066617362892088750
0.114321699999225256938473194168
0.115326723961318211575388659185
0.116331747939892718446408537147
0.117336771934511627235586672668
0.118341795944752262159660460838
0.119346819970206019512204420607
0.120351844010477868063269113463
0.121356868065185530269900482381
0.122361892133959190842595887716
0.123366916216440900000428371186
0.124371940312284087748473382362
0.125376964421153064277447697350
0.126381988542722700774589839057
0.127387012676677985334450227128
0.128392036822713329069500787227
0.129397060980532746521376452620
0.130402085149849050749182310938
0.131407109330383659040464294776
0.132412133521866204333150562888
0.133417157724034368682097806413
0.134422181936633439169881398811
0.135427206159416169128917317721
0.136432230392142112007647369865
0.137437254634578120970900272368
0.138442278886497127654564565091
0.139447303147678808299403385718
0.140452327417908667817059154004
0.141457351696978234079082881181
0.142462375984684780361178013663
0.143467400280830936765141814249
0.144472424585224690218865362112
0.145477448897679106920577396522
0.146482473218012165805390623063
0.147487497546046619767423635494
0.148492521881609829126347221973
0.149497546224533539582779440025
0.150502570574653798951558769659
0.151507594931810901650592882106
0.152512619295848916856073174131
0.153517643666615993813806539947
0.154522668043963806727703058641
0.155527692427747915582258997347
0.156532716817827155519893267410
0.157537741214063803374401118162
0.158542765616323466648651674404
0.159547790024474861469983011375
0.160552814438389590545597229720
0.161557838857942670518497152443
0.162562863283011671544642240406
0.163567887713476772804099823588
0.164572912149221262101406182410
0.165577936590130758709449310118
0.166582961036093463169649453448
0.167587985487000074025232265740
0.168593009942743593532199497531
0.169598034403219272148177765303
0.170603058868324775065872245250
0.171608083337959710368281207593
0.172613107812025851073300941607
0.173618132290427107378150139994
0.174623156773069138081311280075
0.175628181259859655893862395715
0.176633205750708205394872152283
0.177638230245526107520248615401
0.178643254744226320784861172797
0.179648279246723691082721074963
0.180653303752934452086620353839
0.181658328262776613826190441614
0.182663352776169601865419167552
0.183668377293034507102831298653
0.184673401813293613926703073957
0.185678426336870788793120823357
0.186683450863691202670224811300
0.187688475393681247771482389908
0.188693499926768842867019770893
0.189698524462882905927685328606
0.190703549001953659436381371961
0.191708573543912519365761681911
0.192713598088691956400353433310
0.193718622636225634714435273054
0.194723647186448162171856779423
0.195728671739295256859492155854
0.196733696294703691576088999682
0.197738720852611099543238992737
0.198743745412956113183255979493
0.199748769975678280852449120175
0.200753794540718039085547275135
0.201758819108016629328972157964
0.202763843677516208963140798005
0.203768868249159657013436230955
0.204773892822890712928085577005
0.205778917398653782289130731442
0.206783941976394047834730827162
0.207788966556057441703586619042
0.208793991137590534412638021422
0.209799015720940590368215339367
0.210804040306055373577009959263
0.211809064892883480712981736360
0.212814089481374008050451607232
0.213819114071476634730828436659
0.214824138663141539495882170741
0.215829163256319539465621915042
0.216834187850961923604842240820
0.217839212447020424967547569395
0.218844237044447414985981481550
0.219849261643195542648143714359
0.220854286243218067564697548733
0.221859310844468554657638037497
0.222864335446901012938170083544
0.223869360050469951017859671083
0.224874384655130071797302093728
0.225879409260836577777453726412
0.226884433867544949015027100359
0.227889458475211081900368981223
0.228894483083791094868431059695
0.229899507693241439421072414007
0.230904532303518844615908278683
0.231909556914580317066310044538
0.232914581526383196452556489930
0.233919606138884877966077624478
0.234924630752043173131937692233
0.235929655365816004497503399762
0.236934679980161516654746378663
0.237939704595038020729091954308
0.238944729210404049890570377102
0.239949753826218220575938744332
0.240954778442439399022134693951
0.241959803059026479221671479536
0.242964827675938466189364817183
0.243969852293134586984635348017
0.244974876910574068666903713165
0.245979901528216249317893016268
0.246984926146020467019326360969
0.247989950763946143119653697795
0.248994975381952837745203055420
0.250000000000000000000000000000
0.251005024618047190010372560209
0.252010049236053856880346302205
0.253015073853979588491824870289
0.254020098471783806193258214989
0.255025123089425931333096286835
0.256030147706865440770940267612
0.257035172324061533810635182817
0.258040196940973576289479751722
0.259045221557560600977865306049
0.260050246173781807179636871297
0.261055270789595950109429622898
0.262060295404962007026483661321
0.263065320019838566611980468224
0.264070344634184051013647831496
0.265075369247956882379213539025
0.266080393861115149789497991151
0.267085418473616886814170356956
0.268090443085419682933689955462
0.269095467696481183139667336945
0.270100492306758643845654432880
0.271105516916208932887144555934
0.272110541524788973610782250034
0.273115566132455078740548515270
0.274120590739163449978121889217
0.275125615344869955958273521901
0.276130639949530076737715944546
0.277135664553098959306254300827
0.278140689155531473097937578132
0.279145713756781932435302451267
0.280150738356804485107431901270
0.281155762955552612769594134079
0.282160787552979630543603661863
0.283165812149038131906308990438
0.284170836743680543801104931845
0.285175861336858516015269060517
0.286180885928523420780322794599
0.287185910518626019705124008397
0.288190935107116519287018263640
0.289195959693944626422990040737
0.290200984279059492898511507519
0.291206008862409493342937594207
0.292211033443942558296413380958
0.293216058023606007676420404096
0.294221082601346273222020499816
0.295226107177109287071914422995
0.296231131750840370742139384674
0.297236156322483846548010433253
0.298241180891983426182179073294
0.299246205459281988670028340493
0.300251230024321746903126495454
0.301256254587043914572319636136
0.302261279147388928212336622892
0.303266303705296336179486615947
0.304271328260704798651659075404
0.305276352813551921094870067463
0.306281377363774420796715958204
0.307286401911308071355222182319
0.308291426456087480634238318089
0.309296450998046368319194243668
0.310301475537117121827890287022
0.311306500073231184888555844736
0.312311524606318779984093225721
0.313316549136308852840926419958
0.314321573663129238962454792272
0.315326598186706386073296926043
0.316331622706965520652744316976
0.317336647223830425890156448077
0.318341671737223441684960789644
0.319346696247065575668955261790
0.320351720753276336672854540666
0.321356745255773679215138827203
0.322361769754473892479751384599
0.323366794249291766849552232088
0.324371818740140371861713219914
0.325376843226930889674264335554
0.326381867709572948133001091264
0.327386892187974176682274674022
0.328391916662040317387294408036
0.329396941131675280445278986008
0.330401965596780700096246619069
0.331406990057256489734527349356
0.332412014512999953730343349889
0.333417038963906564585926162181
0.334422063409869296801701921140
0.335427087850778737898593817590
0.336432112286523254951475792041
0.337437136716988328455357759594
0.338442161142057384992654078815
0.339447185561610409454402770280
0.340452209975525221796743835512
0.341457234383676588862499556853
0.342462258785936279892325728724
0.343467283182172844480106732590
0.344472307572252112173316618282
0.345477331956036248783448172617
0.346482356333384089452920306940
0.347487380704151083143926825869
0.348492405068189181616133964781
0.349497429425346228804016845970
0.350502453775466460417220559975
0.351507478118390170873652778027
0.352512502453953380232576364506
0.353517526781987834194609376937
0.354522551102320948590573834736
0.355527575414775365292285869145
0.356532599719169063234858185751
0.357537624015315191883246370708
0.358542648303021793676492734448
0.359547672582091359938516461625
0.360552696852321219456172229911
0.361557721113502872345435434909
0.362562745365421934540250958889
0.363567769607857915747928245764
0.364572793840583886382233913537
0.365577818063366588585694216818
0.366582842275965659073477809216
0.367587866478133851178000668369
0.368592890669616368715111320853
0.369597914850151032517544535949
0.370602939019467281234199163009
0.371607963177286726441650444031
0.372612987323321986909974157243
0.373618011457277354736561392201
0.374623035578846963478127918279
0.375628059687715898373738809823
0.376633083783559141632935052257
0.377638107866040795279616304470
0.378643131934814469730099517619
0.379648155989522173570094309980
0.380653180029794035998946810651
0.381658204055247751718127346976
0.382663228065488414397776750775
0.383668252060107350942530501925
0.384673276038681843935762572073
0.385678300000774743061526805832
0.386683323945933410392683526879
0.387688347873689220790538456640
0.388693371783556618215271782901
0.389698395675033004703635697297
0.390703419547597075034417457573
0.391708443400708428150380768784
0.392713467233806734490997314424
0.393718491046310514747119668755
0.394723514837616418216015290454
0.395728538607097890533736972429
0.396733562354104285496703141689
0.397738586077959477282917077900
0.398743609777960639206639825716
0.399748633453377077984214338358
0.400753657103448512888377308627
0.401758680727384021036385775005
0.402763704324360038988572796370
0.403768727893518641902659283005
0.404773751433965822688065827606
0.405778774944769993204829461320
0.406783798424959430750647015884
0.407788821873520057614825873316
0.408793845289393220632234715595
0.409798868671473803804161661901
0.410803892018606398028879311823
0.411808915329583635767107807624
0.412813938603142360772579877448
0.413818961837960852534479272435
0.414823985032655273563761966216
0.415829008185775617079116273089
0.416834031295802043270981585010
0.417839054361140882498659721023
0.418844077380119195197494263994
0.419849100350980775075981910049
0.420854123271880098400288261473
0.421859146140877105946032088468
0.422864168955930874727044965766
0.423869191714892568079164902883
0.424874214415498885344391055696
0.425879237055363901731652731542
0.426884259631970741644124700542
0.427889282142662252805820344292
0.428894304584631513854731110769
0.429899326954910732112580262765
0.430904349250359530731913082491
0.431909371467652569709372301077
0.432914393603265390542134127827
0.433919415653459261683622116834
0.434924437614264913776196408435
0.435929459481463887904340026580
0.436934481250569606292089019917
0.437939502916804501708725183562
0.438944524475076980341015087106
0.439949545919955109507526458401
0.440954567245636919192719460625
0.441959588445918927224198569093
0.442964609514160723158227028762
0.443969630443246221496167436271
0.444974651225538919696589346131
0.445979671852834658185571470312
0.446984692316307830051158589413
0.447989712606450318777007169047
0.448994732713005495483571394288
0.449999752624891946606311421419
0.451004772330120096146544028670
0.452009791815695671779451458860
0.453014811067513178954868635628
0.454019830070234775565296558852
0.455024848807151549578975391341
0.456029867260027810260680780630
0.457034885408921953686700589969
0.458039903231982514775211257074
0.459044920705214076761535579863
0.460049937802206820869344028324
0.461054954493825885908364625720
0.462059970747850434769077310193
0.463064986528553546030195775529
0.464070001796212106004446695806
0.465075016506532379345628669398
0.466080030609972328914381023424
0.467085044050941255999731538395
0.468090056766847617542026682713
0.469095068686960714465783439664
0.470100079731043452024863427141
0.471105089807699717319167120877
0.472110098812365541753877096198
0.473115106624847514549259130945
0.474120113106290486104654746669
0.475125118095409693097508352366
0.476130121403772532673315254215
0.477135122809833611690066845767
0.478140122051330884733744142068
0.479145118815481330099004253498
0.480150112726201783175383752678
0.481155103327246425060081946867
0.482160090059650825455861422597
0.483165072231105163780284783570
0.484170048973682431991960584128
0.485175019184399203275859235873
0.486179981439888497796175670373
0.487184933871018632789429148033
0.488189873973648491567445262262
0.489194798314095347091523535710
0.490199702054023411790240061237
0.491204578151007986708265207199
0.492209415943634542855988911469
0.493214198487797572667545864533
0.494218897139294177645041372671
0.495223459380633335147336993032
0.496227777534343494902913107580
0.497231591273071260594917930575
0.498234075236975326728128266041
0.499230673748042752535525323765
0.000000000000000000000000000000
0.001006036217303823022267694753
0.002012072434607646044535389507
0.003018108651911468633122215266
0.004024144869215292089070779014
0.005030181086519115545019342761
0.006036217303822937266244430532
0.007042253521126761589554732268
0.008048289738430584178141558027
0.009054325955734406766728383786
0.010060362173038231090038685522
0.011066398390342051943902035305
0.012072434607645874532488861064
0.013078470824949697121075686823
0.014084507042253523179109464536
0.015090543259557345767696290295
0.016096579476861168356283116054
0.017102615694164990944869941814
0.018108651911468813533456767573
0.019114688128772639591490545286
0.020120724346076462180077371045
0.021126760563380284768664196804
0.022132796780684103887804070609
0.023138832997987926476390896369
0.024144869215291749064977722128
0.025150905432595575123011499841
0.026156941649899394242151373646
0.027162977867203223769632103313
0.028169014084507046358218929072
0.029175050301810868946805754831
0.030181086519114691535392580590
0.031187122736418514123979406349
0.032193158953722336712566232109
0.033199195171026159301153057868
0.034205231388329981889739883627
0.035211267605633804478326709386
0.036217303822937627066913535145
0.037223340040241449655500360905
0.038229376257545279182981090571
0.039235412474849101771567916330
0.040241448692152924360154742089
0.041247484909456746948741567849
0.042253521126760569537328393608
0.043259557344064385187021315460
0.044265593561368207775608141219
0.045271629778672030364194966978
0.046277665995975852952781792737
0.047283702213279675541368618497
0.048289738430583498129955444256
0.049295774647887327657436173922
0.050301810865191150246022999681
0.051307847082494965895715921533
0.052313883299798788484302747293
0.053319919517102611072889573052
0.054325955734406447539264206625
0.055331991951710270127851032385
0.056338028169014092716437858144
0.057344064386317915305024683903
0.058350100603621737893611509662
0.059356136820925560482198335421
0.060362173038229383070785161181
0.061368209255533205659371986940
0.062374245472837028247958812699
0.063380281690140843897651734551
0.064386317907444673425132464217
0.065392354124748489074825386069
0.066398390342052318602306115736
0.067404426559356134251999037588
0.068410462776659963779479767254
0.069416498993963779429172689106
0.070422535211267608956653418772
0.071428571428571424606346340624
0.072434607645875254133827070291
0.073440643863179069783519992143
0.074446680080482899311000721809
0.075452716297786728838481451476
0.076458752515090558365962181142
0.077464788732394374015655102994
0.078470824949698203543135832660
0.079476861167002019192828754512
0.080482897384305848720309484179
0.081488933601609664370002406031
0.082494969818913493897483135697
0.083501006036217309547176057549
0.084507042253521139074656787216
0.085513078470824954724349709068
0.086519114688128770374042630920
0.087525150905432599901523360586
0.088531187122736415551216282438
0.089537223340040245078697012104
0.090543259557344060728389933956
0.091549295774647890255870663623
0.092555331991951705905563585475
0.093561368209255535433044315141
0.094567404426559351082737236993
0.095573440643863180610217966660
0.096579476861166996259910888512
0.097585513078470839665179425992
0.098591549295774655314872347844
0.099597585513078484842353077511
0.100603621730382300492045999363
0.101609657947686116141738921215
0.102615694164989931791431843067
0.103621730382293761318912572733
0.104627766599597576968605494585
0.105633802816901406496086224251
0.106639839034205222145779146103
0.107645875251509065551047683584
0.108651911468812895078528413251
0.109657947686116710728221335103
0.110663983903420540255702064769
0.111670020120724355905394986621
0.112676056338028185432875716288
0.113682092555332001082568638139
0.114688128772635830610049367806
0.115694164989939646259742289658
0.116700201207243475787223019324
0.117706237424547291436915941176
0.118712273641851120964396670843
0.119718309859154936614089592695
0.120724346076458766141570322361
0.121730382293762581791263244213
0.122736418511066411318743973879
0.123742454728370226968436895731
0.124748490945674056495917625398
0.125754527162977886023398355064
0.126760563380281687795303469102
0.127766599597585517322784198768
0.128772635814889346850264928435
0.129778672032193176377745658101
0.130784708249496978149650772139
0.131790744466800807677131501805
0.132796780684104637204612231471
0.133802816901408466732092961138
0.134808853118712268503998075175
0.135814889336016098031478804842
0.136820925553319927558959534508
0.137826961770623757086440264175
0.138832997987927558858345378212
0.139839034205231388385826107879
0.140845070422535217913306837545
0.141851106639839047440787567211
0.142857142857142849212692681249
0.143863179074446678740173410915
0.144869215291750508267654140582
0.145875251509054337795134870248
0.146881287726358139567039984286
0.147887323943661969094520713952
0.148893360160965798622001443619
0.149899396378269628149482173285
0.150905432595573457676962902951
0.151911468812877287204443632618
0.152917505030181116731924362284
0.153923541247484918503829476322
0.154929577464788748031310205988
0.155935613682092577558790935655
0.156941649899396407086271665321
0.157947686116700208858176779358
0.158953722334004038385657509025
0.159959758551307867913138238691
0.160965794768611697440618968358
0.161971830985915499212524082395
0.162977867203219328740004812062
0.163983903420523158267485541728
0.164989939637826987794966271395
0.165995975855130789566871385432
0.167002012072434619094352115098
0.168008048289738448621832844765
0.169014084507042278149313574431
0.170020120724346079921218688469
0.171026156941649909448699418135
0.172032193158953738976180147802
0.173038229376257540748085261839
0.174044265593561370275565991506
0.175050301810865199803046721172
0.176056338028169029330527450838
0.177062374245472831102432564876
0.178068410462776660629913294542
0.179074446680080490157394024209
0.180080482897384319684874753875
0.181086519114688121456779867913
0.182092555331991950984260597579
0.183098591549295780511741327246
0.184104627766599610039222056912
0.185110663983903411811127170949
0.186116700201207241338607900616
0.187122736418511070866088630282
0.188128772635814900393569359949
0.189134808853118702165474473986
0.190140845070422531692955203653
0.191146881287726361220435933319
0.192152917505030190747916662986
0.193158953722333992519821777023
0.194164989939637849802878122318
0.195171026156941679330358851985
0.196177062374245481102263966022
0.197183098591549310629744695689
0.198189134808853140157225425355
0.199195171026156969684706155022
0.200201207243460771456611269059
0.201207243460764600984091998725
0.202213279678068430511572728392
0.203219315895372232283477842429
0.204225352112676061810958572096
0.205231388329979863582863686133
0.206237424547283720865920031429
0.207243460764587522637825145466
0.208249496981891352165305875133
0.209255533199195153937210989170
0.210261569416499011220267334465
0.211267605633802812992172448503
0.212273641851106642519653178169
0.213279678068410444291558292207
0.214285714285714301574614637502
0.215291750503018131102095367169
0.216297786720321932874000481206
0.217303822937625790157056826502
0.218309859154929591928961940539
0.219315895372233421456442670205
0.220321931589537223228347784243
0.221327967806841080511404129538
0.222334004024144882283309243576
0.223340040241448711810789973242
0.224346076458752513582695087280
0.225352112676056370865751432575
0.226358148893360172637656546613
0.227364185110664002165137276279
0.228370221327967803937042390316
0.229376257545271661220098735612
0.230382293762575462992003849649
0.231388329979879292519484579316
0.232394366197183094291389693353
0.233400402414486951574446038649
0.234406438631790753346351152686
0.235412474849094582873831882353
0.236418511066398384645736996390
0.237424547283702241928793341685
0.238430583501006043700698455723
0.239436619718309873228179185389
0.240442655935613675000084299427
0.241448692152917532283140644722
0.242454728370221334055045758760
0.243460764587525163582526488426
0.244466800804828965354431602464
0.245472837022132822637487947759
0.246478873239436624409393061796
0.247484909456740453936873791463
0.248490945674044255708778905500
0.249496981891348112991835250796
0.250503018108651887008164749204
0.251509054325955772046796710129
0.252515090543259546063126208537
0.253521126760563375590606938204
0.254527162977867205118087667870
0.255533199195171034645568397536
0.256539235412474864173049127203
0.257545271629778693700529856869
0.258551307847082523228010586536
0.259557344064386352755491316202
0.260563380281690182282972045869
0.261569416498993956299301544277
0.262575452716297841337933505201
0.263581488933601615354263003610
0.264587525150905444881743733276
0.265593561368209274409224462943
0.266599597585513103936705192609
0.267605633802816933464185922276
0.268611670020120762991666651942
0.269617706237424537007996150351
0.270623742454728422046628111275
0.271629778672032196062957609684
0.272635814889336025590438339350
0.273641851106639855117919069016
0.274647887323943684645399798683
0.275653923541247514172880528349
0.276659959758551343700361258016
0.277665995975855117716690756424
0.278672032193159002755322717348
0.279678068410462776771652215757
0.280684104627766606299132945423
0.281690140845070435826613675090
0.282696177062374265354094404756
0.283702213279678094881575134423
0.284708249496981924409055864089
0.285714285714285698425385362498
0.286720321931589583464017323422
0.287726358148893357480346821831
0.288732394366197187007827551497
0.289738430583501016535308281163
0.290744466800804846062789010830
0.291750503018108675590269740496
0.292756539235412505117750470163
0.293762575452716279134079968571
0.294768611670020164172711929496
0.295774647887323938189041427904
0.296780684104627767716522157571
0.297786720321931597244002887237
0.298792756539235426771483616903
0.299798792756539256298964346570
0.300804828973843085826445076236
0.301810865191146915353925805903
0.302816901408450744881406535569
0.303822937625754574408887265236
0.304828973843058348425216763644
0.305835010060362233463848724568
0.306841046277666007480178222977
0.307847082494969837007658952643
0.308853118712273666535139682310
0.309859154929577496062620411976
0.310865191146881325590101141643
0.311871227364185155117581871309
0.312877263581488929133911369718
0.313883299798792814172543330642
0.314889336016096588188872829051
0.315895372233400417716353558717
0.316901408450704247243834288383
0.317907444668008076771315018050
0.318913480885311906298795747716
0.319919517102615735826276477383
0.320925553319919509842605975791
0.321931589537223394881237936715
0.322937625754527168897567435124
0.323943661971830998425048164790
0.324949698189134827952528894457
0.325955734406438657480009624123
0.326961770623742487007490353790
0.327967806841046316534971083456
0.328973843058350090551300581865
0.329979879275653975589932542789
0.330985915492957749606262041198
0.331991951710261579133742770864
0.332997987927565408661223500530
0.334004024144869238188704230197
0.335010060362173012205033728605
0.336016096579476897243665689530
0.337022132796780671259995187938
0.338028169014084556298627148863
0.339034205231388330314956647271
0.340040241448692159842437376938
0.341046277665995989369918106604
0.342052313883299818897398836270
0.343058350100603592913728334679
0.344064386317907477952360295603
0.345070422535211307479841025270
0.346076458752515081496170523678
0.347082494969818966534802484603
0.348088531187122740551131983011
0.349094567404426625589763943935
0.350100603621730399606093442344
0.351106639839034229133574172010
0.352112676056338058661054901677
0.353118712273641888188535631343
0.354124748490945662204865129752
0.355130784708249547243497090676
0.356136820925553321259826589085
0.357142857142857206298458550009
0.358148893360160980314788048418
0.359154929577464809842268778084
0.360160965794768639369749507750
0.361167002012072468897230237417
0.362173038229376242913559735825
0.363179074446680127952191696750
0.364185110663983901968521195158
0.365191146881287731496001924825
0.366197183098591561023482654491
0.367203219315895390550963384158
0.368209255533199220078444113824
0.369215291750503049605924843490
0.370221327967806823622254341899
0.371227364185110708660886302823
0.372233400402414482677215801232
0.373239436619718312204696530898
0.374245472837022141732177260565
0.375251509054325971259657990231
0.376257545271629800787138719897
0.377263581488933630314619449564
0.378269617706237404330948947973
0.379275653923541289369580908897
0.380281690140845063385910407305
0.381287726358148892913391136972
0.382293762575452722440871866638
0.383299798792756551968352596305
0.384305835010060381495833325971
0.385311871227364211023314055637
0.386317907444667985039643554046
0.387323943661971870078275514970
0.388329979879275699605756244637
0.389336016096579473622085743045
0.390342052313883358660717703970
0.391348088531187132677047202378
0.392354124748490962204527932045
0.393360160965794791732008661711
0.394366197183098621259489391377
0.395372233400402450786970121044
0.396378269617706280314450850710
0.397384305835010054330780349119
0.398390342052313939369412310043
0.399396378269617713385741808452
0.400402414486921542913222538118
0.401408450704225372440703267785
0.402414486921529201968183997451
0.403420523138833031495664727117
0.404426559356136861023145456784
0.405432595573440635039474955192
0.406438631790744464566955684859
0.407444668008048349605587645783
0.408450704225352123621917144192
0.409456740442655953149397873858
0.410462776659959727165727372267
0.411468812877263612204359333191
0.412474849094567441731840062857
0.413480885311871215748169561266
0.414486921529175045275650290932
0.415492957746478930314282251857
0.416498993963782704330611750265
0.417505030181086533858092479932
0.418511066398390307874421978340
0.419517102615694192913053939265
0.420523138832998022440534668931
0.421529175050301796456864167340
0.422535211267605625984344897006
0.423541247484909511022976857930
0.424547283702213285039306356339
0.425553319919517114566787086005
0.426559356136820888583116584414
0.427565392354124773621748545338
0.428571428571428603149229275004
0.429577464788732377165558773413
0.430583501006036262204190734337
0.431589537223340091731671464004
0.432595573440643865748000962412
0.433601609657947695275481692079
0.434607645875251580314113653003
0.435613682092555354330443151412
0.436619718309859183857923881078
0.437625754527162957874253379487
0.438631790744466842912885340411
0.439637826961770672440366070077
0.440643863179074446456695568486
0.441649899396378275984176298152
0.442655935613682161022808259077
0.443661971830985935039137757485
0.444668008048289764566618487152
0.445674044265593538582947985560
0.446680080482897423621579946484
0.447686116700201253149060676151
0.448692152917505027165390174559
0.449698189134808856692870904226
0.450704225352112741731502865150
0.451710261569416515747832363559
0.452716297786720345275313093225
0.453722334004024119291642591634
0.454728370221328004330274552558
0.455734406438631833857755282224
0.456740442655935607874084780633
0.457746478873239437401565510299
0.458752515090543322440197471224
0.459758551307847096456526969632
0.460764587525150925984007699299
0.461770623742454700000337197707
0.462776659959758585038969158632
0.463782696177062414566449888298
0.464788732394366188582779386707
0.465794768611670018110260116373
0.466800804828973903148892077297
0.467806841046277677165221575706
0.468812877263581506692702305372
0.469818913480885280709031803781
0.470824949698189165747663764705
0.471830985915492995275144494371
0.472837022132796769291473992780
0.473843058350100654330105953704
0.474849094567404483857586683371
0.475855130784708257873916181779
0.476861167002012087401396911446
0.477867203219315972440028872370
0.478873239436619746456358370779
0.479879275653923575983839100445
0.480885311871227350000168598854
0.481891348088531235038800559778
0.482897384305835064566281289444
0.483903420523138838582610787853
0.484909456740442668110091517519
0.485915492957746553148723478444
0.486921529175050327165052976852
0.487927565392354156692533706519
0.488933601609657930708863204927
0.489939637826961815747495165851
0.490945674044265645274975895518
0.491951710261569419291305393926
0.492957746478873248818786123593
0.493963782696177133857418084517
0.494969818913480907873747582926
0.495975855130784737401228312592
0.496981891348088511417557811001
0.497987927565392396456189771925
0.498993963782696225983670501591
0.500000000000000000000000000000
0.501006036217303774016329498409
0.502012072434607659054961459333
0.503018108651911544093593420257
0.504024144869215318109922918666
0.505030181086519092126252417074
0.506036217303822977164884377999
0.507042253521126751181213876407
0.508048289738430636219845837331
0.509054325955734410236175335740
0.510060362173038295274807296664
0.511066398390342069291136795073
0.512072434607645843307466293481
0.513078470824949728346098254406
0.514084507042253613384730215330
0.515090543259557387401059713739
0.516096579476861161417389212147
0.517102615694165046456021173071
0.518108651911468820472350671480
0.519114688128772705510982632404
0.520120724346076479527312130813
0.521126760563380364565944091737
0.522132796780684138582273590146
0.523138832997987912598603088554
0.524144869215291797637235049478
0.525150905432595682675867010403
0.526156941649899456692196508811
0.527162977867203230708526007220
0.528169014084507004724855505629
0.529175050301810889763487466553
0.530181086519114774802119427477
0.531187122736418548818448925886
0.532193158953722322834778424294
0.533199195171026207873410385218
0.534205231388329981889739883627
0.535211267605633866928371844551
0.536217303822937640944701342960
0.537223340040241525983333303884
0.538229376257545299999662802293
0.539235412474849074015992300701
0.540241448692152959054624261626
0.541247484909456844093256222550
0.542253521126760618109585720958
0.543259557344064392125915219367
0.544265593561368166142244717776
0.545271629778672051180876678700
0.546277665995975936219508639624
0.547283702213279710235838138033
0.548289738430583484252167636441
0.549295774647887369290799597366
0.550301810865191143307129095774
0.551307847082495028345761056698
0.552313883299798802362090555107
0.553319919517102687400722516031
0.554325955734406461417052014440
0.555331991951710235433381512848
0.556338028169014120472013473773
0.557344064386318005510645434697
0.558350100603621779526974933106
0.559356136820925553543304431514
0.560362173038229438581936392438
0.561368209255533212598265890847
0.562374245472837097636897851771
0.563380281690140871653227350180
0.564386317907444756691859311104
0.565392354124748530708188809513
0.566398390342052304724518307921
0.567404426559356189763150268845
0.568410462776660074801782229770
0.569416498993963848818111728178
0.570422535211267622834441226587
0.571428571428571396850770724996
0.572434607645875281889402685920
0.573440643863179166928034646844
0.574446680080482940944364145253
0.575452716297786714960693643661
0.576458752515090599999325604585
0.577464788732394374015655102994
0.578470824949698259054287063918
0.579476861167002033070616562327
0.580482897384305918109248523251
0.581488933601609692125578021660
0.582494969818913466141907520068
0.583501006036217351180539480993
0.584507042253521236219171441917
0.585513078470825010235500940325
0.586519114688128784251830438734
0.587525150905432558268159937143
0.588531187122736443306791898067
0.589537223340040328345423858991
0.590543259557344102361753357400
0.591549295774647876378082855808
0.592555331991951761416714816733
0.593561368209255535433044315141
0.594567404426559420471676276065
0.595573440643863194488005774474
0.596579476861167079526637735398
0.597585513078470853542967233807
0.598591549295774627559296732215
0.599597585513078512597928693140
0.600603621730382397636560654064
0.601609657947686171652890152473
0.602615694164989945669219650881
0.603621730382293830707851611805
0.604627766599597604724181110214
0.605633802816901489762813071138
0.606639839034205263779142569547
0.607645875251509148817774530471
0.608651911468812922834104028880
0.609657947686116696850433527288
0.610663983903420581889065488213
0.611670020120724466927697449137
0.612676056338028240944026947545
0.613682092555332014960356445954
0.614688128772635788976685944363
0.615694164989939674015317905287
0.616700201207243559053949866211
0.617706237424547333070279364620
0.618712273641851107086608863028
0.619718309859154992125240823952
0.620724346076458766141570322361
0.621730382293762651180202283285
0.622736418511066425196531781694
0.623742454728370310235163742618
0.624748490945674084251493241027
0.625754527162977858267822739435
0.626760563380281743306454700360
0.627766599597585628345086661284
0.628772635814889402361416159692
0.629778672032193176377745658101
0.630784708249496950394075156510
0.631790744466800835432707117434
0.632796780684104720471339078358
0.633802816901408494487668576767
0.634808853118712268503998075175
0.635814889336016153542630036100
0.636820925553319927558959534508
0.637826961770623812597591495432
0.638832997987927586613920993841
0.639839034205231471652552954765
0.640845070422535245668882453174
0.641851106639839019685211951582
0.642857142857142904723843912507
0.643863179074446789762475873431
0.644869215291750563778805371840
0.645875251509054337795134870248
0.646881287726358222833766831172
0.647887323943661996850096329581
0.648893360160965881888728290505
0.649899396378269655905057788914
0.650905432595573540943689749838
0.651911468812877314960019248247
0.652917505030181088976348746655
0.653923541247484974014980707580
0.654929577464788859053612668504
0.655935613682092633069942166912
0.656941649899396407086271665321
0.657947686116700181102601163730
0.658953722334004066141233124654
0.659959758551307951179865085578
0.660965794768611725196194583987
0.661971830985915499212524082395
0.662977867203219384251156043319
0.663983903420523158267485541728
0.664989939637827043306117502652
0.665995975855130817322447001061
0.667002012072434702361078961985
0.668008048289738476377408460394
0.669014084507042250393737958802
0.670020120724346024410067457211
0.671026156941650020471001880651
0.672032193158953794487331379059
0.673038229376257568503660877468
0.674044265593561342519990375877
0.675050301810865227558622336801
0.676056338028169112597254297725
0.677062374245472886613583796134
0.678068410462776660629913294542
0.679074446680080545668545255467
0.680080482897384319684874753875
0.681086519114688093701204252284
0.682092555331991978739836213208
0.683098591549295863778468174132
0.684104627766599637794797672541
0.685110663983903411811127170949
0.686116700201207185827456669358
0.687122736418511181888391092798
0.688128772635814955904720591207
0.689134808853118729921050089615
0.690140845070422614959682050539
0.691146881287726388976011548948
0.692152917505030162992341047357
0.693158953722334048030973008281
0.694164989939637933069604969205
0.695171026156941707085934467614
0.696177062374245481102263966022
0.697183098591549255118593464431
0.698189134808853251179527887871
0.699195171026157025195857386279
0.700201207243460799212186884688
0.701207243460764573228516383097
0.702213279678068458267148344021
0.703219315895372232283477842429
0.704225352112676117322109803354
0.705231388329979891338439301762
0.706237424547283776377071262687
0.707243460764587550393400761095
0.708249496981891324409730259504
0.709255533199195209448362220428
0.710261569416499094486994181352
0.711267605633802868503323679761
0.712273641851106642519653178169
0.713279678068410416535982676578
0.714285714285714412596917100018
0.715291750503018186613246598426
0.716297786720321960629576096835
0.717303822937625734645905595244
0.718309859154929619684537556168
0.719315895372233393700867054577
0.720321931589537278739499015501
0.721327967806841052755828513909
0.722334004024144937794460474834
0.723340040241448711810789973242
0.724346076458752485827119471651
0.725352112676056370865751432575
0.726358148893360255904383393499
0.727364185110664029920712891908
0.728370221327967803937042390316
0.729376257545271577953371888725
0.730382293762575462992003849649
0.731388329979879348030635810574
0.732394366197183122046965308982
0.733400402414487007085597269906
0.734406438631790781101926768315
0.735412474849094555118256266724
0.736418511066398440156888227648
0.737424547283702325195520188572
0.738430583501006099211849686981
0.739436619718309873228179185389
0.740442655935613647244508683798
0.741448692152917532283140644722
0.742454728370221417321772605646
0.743460764587525191338102104055
0.744466800804828965354431602464
0.745472837022132850393063563388
0.746478873239436624409393061796
0.747484909456740509448025022721
0.748490945674044283464354521129
0.749496981891348168502986482054
0.750503018108651942519315980462
0.751509054325955716535645478871
0.752515090543259601574277439795
0.753521126760563486612909400719
0.754527162977867260629238899128
0.755533199195171034645568397536
0.756539235412474808661897895945
0.757545271629778693700529856869
0.758551307847082578739161817794
0.759557344064386352755491316202
0.760563380281690126771820814611
0.761569416498994011810452775535
0.762575452716297785826782273944
0.763581488933601670865414234868
0.764587525150905444881743733276
0.765593561368209329920375694201
0.766599597585513103936705192609
0.767605633802816877953034691018
0.768611670020120762991666651942
0.769617706237424648030298612866
0.770623742454728422046628111275
0.771629778672032196062957609684
0.772635814889335970079287108092
0.773641851106639855117919069016
0.774647887323943740156551029941
0.775653923541247514172880528349
0.776659959758551399211512489273
0.777665995975855173227841987682
0.778672032193158947244171486091
0.779678068410462832282803447015
0.780684104627766717321435407939
0.781690140845070491337764906348
0.782696177062374265354094404756
0.783702213279678039370423903165
0.784708249496981924409055864089
0.785714285714285809447687825013
0.786720321931589583464017323422
0.787726358148893357480346821831
0.788732394366197242518978782755
0.789738430583501016535308281163
0.790744466800804901573940242088
0.791750503018108675590269740496
0.792756539235412560628901701421
0.793762575452716334645231199829
0.794768611670020108661560698238
0.795774647887323993700192659162
0.796780684104627878738824620086
0.797786720321931652755154118495
0.798792756539235426771483616903
0.799798792756539200787813115312
0.800804828973843085826445076236
0.801810865191146970865077037161
0.802816901408450744881406535569
0.803822937625754518897736033978
0.804828973843058403936367994902
0.805835010060362177952697493311
0.806841046277666062991329454235
0.807847082494969837007658952643
0.808853118712273722046290913568
0.809859154929577496062620411976
0.810865191146881270078949910385
0.811871227364185155117581871309
0.812877263581488929133911369718
0.813883299798792703150240868126
0.814889336016096699211175291566
0.815895372233400473227504789975
0.816901408450704247243834288383
0.817907444668008132282466249308
0.818913480885311906298795747716
0.819919517102615680315125246125
0.820925553319919454331454744533
0.821931589537223450392389167973
0.822937625754527224408718666382
0.823943661971831109447350627306
0.824949698189134883463680125715
0.825955734406438657480009624123
0.826961770623742431496339122532
0.827967806841046316534971083456
0.828973843058350090551300581865
0.829979879275654086612235005305
0.830985915492957860628564503713
0.831991951710261634644894002122
0.832997987927565408661223500530
0.834004024144869293699855461455
0.835010060362173067716184959863
0.836016096579476841732514458272
0.837022132796780615748843956681
0.838028169014084611809778380120
0.839034205231388385826107878529
0.840040241448692270864739839453
0.841046277665996044881069337862
0.842052313883299818897398836270
0.843058350100603592913728334679
0.844064386317907477952360295603
0.845070422535211251968689794012
0.846076458752515248029624217452
0.847082494969819022045953715860
0.848088531187122796062283214269
0.849094567404426570078612712678
0.850100603621730455117244673602
0.851106639839034229133574172010
0.852112676056338003149903670419
0.853118712273641777166233168828
0.854124748490945773227167592268
0.855130784708249547243497090676
0.856136820925553432282129051600
0.857142857142857206298458550009
0.858148893360160980314788048418
0.859154929577464754331117546826
0.860160965794768639369749507750
0.861167002012072524408381468675
0.862173038229376409447013429599
0.863179074446680183463342928007
0.864185110663983957479672426416
0.865191146881287731496001924825
0.866197183098591616534633885749
0.867203219315895390550963384158
0.868209255533199164567292882566
0.869215291750503160628227306006
0.870221327967806934644556804415
0.871227364185110708660886302823
0.872233400402414593699518263747
0.873239436619718367715847762156
0.874245472837022141732177260565
0.875251509054325915748506758973
0.876257545271629800787138719897
0.877263581488933685825770680822
0.878269617706237570864402641746
0.879275653923541344880732140155
0.880281690140845118897061638563
0.881287726358148892913391136972
0.882293762575452777952023097896
0.883299798792756551968352596305
0.884305835010060325984682094713
0.885311871227364322045616518153
0.886317907444668096061946016562
0.887323943661971870078275514970
0.888329979879275755116907475895
0.889336016096579529133236974303
0.890342052313883303149566472712
0.891348088531187077165895971120
0.892354124748490962204527932045
0.893360160965794847243159892969
0.894366197183098732281791853893
0.895372233400402506298121352302
0.896378269617706280314450850710
0.897384305835010054330780349119
0.898390342052313939369412310043
0.899396378269617713385741808452
0.900402414486921487402071306860
0.901408450704225483463005730300
0.902414486921529257479335228709
0.903420523138833031495664727117
0.904426559356136916534296688042
0.905432595573440690550626186450
0.906438631790744464566955684859
0.907444668008048238583285183267
0.908450704225352234644219606707
0.909456740442656008660549105116
0.910462776659959893699181066040
0.911468812877263667715510564449
0.912474849094567441731840062857
0.913480885311871215748169561266
0.914486921529175100786801522190
0.915492957746478874803131020599
0.916498993963782870864065444039
0.917505030181086644880394942447
0.918511066398390418896724440856
0.919517102615694192913053939265
0.920523138832998077951685900189
0.921529175050301851968015398597
0.922535211267605625984344897006
0.923541247484909400000674395415
0.924547283702213396061608818854
0.925553319919517170077938317263
0.926559356136821055116570278187
0.927565392354124829132899776596
0.928571428571428603149229275004
0.929577464788732377165558773413
0.930583501006036262204190734337
0.931589537223340036220520232746
0.932595573440644032281454656186
0.933601609657947806297784154594
0.934607645875251580314113653003
0.935613682092555354330443151412
0.936619718309859239369075112336
0.937625754527163013385404610744
0.938631790744466787401734109153
0.939637826961770561418063607562
0.940643863179074557478998031002
0.941649899396378331495327529410
0.942655935613682216533959490334
0.943661971830985990550288988743
0.944668008048289764566618487152
0.945674044265593538582947985560
0.946680080482897423621579946484
0.947686116700201308660211907409
0.948692152917505193698843868333
0.949698189134808967715173366742
0.950704225352112741731502865150
0.951710261569416515747832363559
0.952716297786720400786464324483
0.953722334004024174802793822892
0.954728370221327948819123321300
0.955734406438631944880057744740
0.956740442655935718896387243149
0.957746478873239492912716741557
0.958752515090543377951348702481
0.959758551307847151967678200890
0.960764587525150925984007699299
0.961770623742454700000337197707
0.962776659959758585038969158632
0.963782696177062470077601119556
0.964788732394366355116233080480
0.965794768611670129132562578889
0.966800804828973903148892077297
0.967806841046277677165221575706
0.968812877263581562203853536630
0.969818913480885336220183035039
0.970824949698189110236512533447
0.971830985915493106297446956887
0.972837022132796880313776455296
0.973843058350100654330105953704
0.974849094567404539368737914629
0.975855130784708313385067413037
0.976861167002012087401396911446
0.977867203219315861417726409854
0.978873239436619635434055908263
0.979879275653923631494990331703
0.980885311871227516533622292627
0.981891348088531290549951791036
0.982897384305835064566281289444
0.983903420523138838582610787853
0.984909456740442723621242748777
0.985915492957746497637572247186
0.986921529175050271653901745594
0.987927565392354267714836169034
0.988933601609658041731165667443
0.989939637826961815747495165851
0.990945674044265700786127126776
0.991951710261569474802456625184
0.992957746478873248818786123593
0.993963782696177022835115622001
0.994969818913481018896050045441
0.995975855130784792912379543850
0.996981891348088677951011504774
0.997987927565392451967341003183
0.998993963782696225983670501591
0.000029981990249917695752880989
0.000069791205985914479001733235
0.000109656587685807226464386466
0.000149522716906745091729885599
0.000189383911738253416564420339
0.000229237862604724467038494473
0.000269082789384220610797576745
0.000308917038317170261543104237
0.000348738994858867400010449256
0.000388547059196109377619127168
0.000428339638018827677246047614
0.000468115141378100646073895374
0.000507871981374663841735106473
0.000547608571581384862697605698
0.000587323326786388369077918092
0.000627014662888091163506221193
0.000666680996864024385563374242
0.000706320746780698233667494801
0.000745932331824101222707279479
0.000785514172342782908929625929
0.000825064689898302250706252359
0.000864582307319792793369461759
0.000904065448761688520221135867
0.000943512539762482731371673328
0.000982922007305144992961309924
0.001022292279878113472474376877
0.001061621787536494356668503869
0.001100908961963843919751315781
0.001140152236534118642893864681
0.001179350046373345718003777804
0.001218500828422013461740935902
0.001257603021496879512966526882
0.001296655066353033600862199037
0.001335655405746011921072624595
0.001374602484493652604369273718
0.001413494749538072182276637889
0.001452330650007488312830394861
0.001491108637278072647155968689
0.001529827165035368063614185097
0.001568484689336371818921267440
0.001607079668670784514117322317
0.001645610564022294622366082706
0.001684075838930305371241025192
0.001722473959551043629773170451
0.001760803394718530451301674589
0.001799062616005763035748055145
0.001837250097785755528767559497
0.001875364317292157415734132897
0.001913403754680181563865848382
0.001951366893087028977701868904
0.001989252218692369716251944212
0.002027058220778939386097494690
0.002064783391792399461217577539
0.002102426227401848774639647743
0.002139985226559541590940494160
0.002177458891560758984934365046
0.002214845728103676750914141635
0.002252144245348738915701858332
0.002289352955978386436330929143
0.002326470376256097212508411332
0.002363495026085679368704761671
0.002400425429070257056507475824
0.002437260112571202480546972424
0.002473997607766719678684674832
0.002510636449710561008547005102
0.002547175177390397123045051586
0.002583612333786071153102215092
0.002619946465927672912821222440
0.002656176124953452642729612165
0.002692299866167669700894871099
0.002728316249098205331646838090
0.002764223837553991119930785203
0.002800021199682127797520037049
0.002835706908025231731684812075
0.002871279539578149107154070308
0.002906737675844888683235334170
0.002942079902894924846312729727
0.002977304811419884903594956782
0.003012410996789567640963269923
0.003047397059107905068625621325
0.003082261603268924166770803552
0.003117003239012251965267541465
0.003151620580978778049519029025
0.003186112248765562461605416189
0.003220476866981106158632774950
0.003254713065300176948191346327
0.003288819478518508789000041048
0.003322794746606971567209898311
0.003356637514765983300313312299
0.003390346433479758843365647891
0.003423920158569686029298440033
0.003457357351248242175595359882
0.003490656678172268309601200542
0.003523816811496077727738907015
0.003556836428924562820003130170
0.003589714213765840024328301894
0.003622448854983697022480448879
0.003655039047249879907708347559
0.003687483490996284942603500312
0.003719780892466671966961611062
0.003751929963768200863849511251
0.003783929422922935499606911236
0.003815777993918784312399328229
0.003847474406760547586264786801
0.003879017397520518033865455365
0.003910405708388817701270934180
0.003941638087723499384029679504
0.003972713290100721335307287774
0.004003630076364172139802288797
0.004034387213674475204661096228
0.004064983475558513019432194113
0.004095417641958234468424482344
0.004125688499279260915142408805
0.004155794840439376060248211076
0.004185735464916584720740377890
0.004215509178797122169513045264
0.004245114794822871066848346544
0.004274551132438666502244561940
0.004303817017839792723188363510
0.004332911284018309792942513781
0.004361832770809743672901781508
0.004390580324939472728340561503
0.004419152800068638919928076803
0.004447549056839705979016219572
0.004475767962922208402509749448
0.004503808393057527267866468890
0.004531669229104233302674042960
0.004559349360081999674720876214
0.004586847682216735160032339280
0.004614163098983860289425962264
0.004641294521152515908934965694
0.004668240866828709222102755660
0.004695001061498616824751994869
0.004721574038071421966500373912
0.004747958736921762366856025750
0.004774154105931985477007106766
0.004800159100534382924929666103
0.004825972683752388463218618853
0.004851593826242287660344132405
0.004877021506334138292726443353
0.004902254710072492978334413039
0.004927292431256855530230520657
0.004952133671481811182102372726
0.004976777440176763898926903806
0.005001222754645623380653773893
0.005025468640105768686199283479
0.005049514129727141094339248895
0.005073358264670502562609932795
0.005097000094125951792645157212
0.005120438675350738599867383982
0.005143673073706781645464403141
0.005166702362698140198193907935
0.005189525624007631544876151253
0.005212141947533802284475701327
0.005234550431426961136782693984
0.005256750182125348794248687057
0.005278740314390573118430438626
0.005300519951342987957920716013
0.005322088224496723286860433433
0.005343444273794252172282703839
0.005364587247640610796761695411
0.005385516302937645369275365681
0.005406230605117167027640068255
0.005426729328174730374034773206
0.005447011654702176887410391970
0.005467076775920462830549162447
0.005486923891711772451051931654
0.005506552210651534905172521661
0.005525960950039963265334463927
0.005545149335933195408609996946
0.005564116603174108777185580266
0.005582861995423089168655295111
0.005601384765187933031937994599
0.005619684173853680374255414876
0.005637759491712289808273972369
0.005655609997991395063166031321
0.005673234980883364204917729268
0.005690633737573488892813600160
0.005707805574268067817789162888
0.005724749806222104164810104976
0.005741465757766559853403354197
0.005757952762335266302939906780
0.005774210162491653919314416044
0.005790237309954815447810005935
0.005806033565625379373742465106
0.005821598299611087552751786944
0.005836930891251855893497868522
0.005852030729144443860212376762
0.005866897211167017289756842047
0.005881529744502924511584396328
0.005895927745664578285833545834
0.005910090640516566656836872085
0.005924017864298585997473445275
0.005937708861647970730313073062
0.005951163086621767683848105435
0.005964380002718693354890611147
0.005977359082900309678043626604
0.005990099809612204999342832679
0.006002601674804477691060888844
0.006014864179952108744209304803
0.006026886836074935374640837438
0.006038669163756778084095611092
0.006050210693165034361862275603
0.006061510964069117927965901771
0.006072569525858806903373388053
0.006083385937562356925167872390
0.006093959767864015782123932041
0.006104290595121152941671116565
0.006114378007381223410765525017
0.006124221602398038574732730410
0.006133820987647938156872573501
0.006143175780345370637358648480
0.006152285607458117186463475434
0.006161150105722246715644896398
0.006169768921656638115125215194
0.006178141711576887531998103498
0.006186268141609274628933690110
0.006194147887703844133910902059
0.006201780635647418868372504619
0.006209166081076198176469382872
0.006216303929487735323300423573
0.006223193896252857647277689779
0.006229835706626982161360217560
0.006236229095760824001071220835
0.006242373808711339060184553063
0.006248269600451676099306386192
0.006253916235880903340405012614
0.006259313489833531231332219846
0.006264461147088300554952589039
0.006269359002377105846703919667
0.006274006860392779098833937468
0.006278404535797044334899386087
0.006282551853228048911736980386
0.006286448647307132410466667949
0.006290094762645500117703711851
0.006293490053850538286372984231
0.006296634385531394741131183679
0.006299527632304580300470764342
0.006302169678798788705897937490
0.006304560419659725224728052950
0.006306699759554034931396948593
0.006308587613173284765200055091
0.006310223905237336700091432817
0.006311608570497335805871141901
0.006312741553738303659781827548
0.006313622809781330169620616743
0.006314252303485417584794081591
0.006314630009748830111182549274
0.006314755913510176378589111579
0.006314630009748830111182549274
0.006314252303485417584794081591
0.006313622809781330169620616743
0.006312741553738303659781827548
0.006311608570497335805871141901
0.006310223905237336700091432817
0.006308587613173284765200055091
0.006306699759554034931396948593
0.006304560419659725224728052950
0.006302169678798788705897937490
0.006299527632304580300470764342
0.006296634385531394741131183679
0.006293490053850538286372984231
0.006290094762645500117703711851
0.006286448647307132410466667949
0.006282551853228048911736980386
0.006278404535797044334899386087
0.006274006860392779098833937468
0.006269359002377105846703919667
0.006264461147088300554952589039
0.006259313489833531231332219846
0.006253916235880903340405012614
0.006248269600451676099306386192
0.006242373808711339060184553063
0.006236229095760824001071220835
0.006229835706626982161360217560
0.006223193896252857647277689779
0.006216303929487735323300423573
0.006209166081076198176469382872
0.006201780635647418868372504619
0.006194147887703844133910902059
0.006186268141609274628933690110
0.006178141711576887531998103498
0.006169768921656638115125215194
0.006161150105722246715644896398
0.006152285607458117186463475434
0.006143175780345370637358648480
0.006133820987647938156872573501
0.006124221602398038574732730410
0.006114378007381223410765525017
0.006104290595121152941671116565
0.006093959767864015782123932041
0.006083385937562356925167872390
0.006072569525858806903373388053
0.006061510964069117927965901771
0.006050210693165034361862275603
0.006038669163756778084095611092
0.006026886836074935374640837438
0.006014864179952108744209304803
0.006002601674804477691060888844
0.005990099809612204999342832679
0.005977359082900309678043626604
0.005964380002718693354890611147
0.005951163086621767683848105435
0.005937708861647970730313073062
0.005924017864298585997473445275
0.005910090640516566656836872085
0.005895927745664578285833545834
0.005881529744502924511584396328
0.005866897211167017289756842047
0.005852030729144443860212376762
0.005836930891251855893497868522
0.005821598299611087552751786944
0.005806033565625379373742465106
0.005790237309954815447810005935
0.005774210162491653919314416044
0.005757952762335266302939906780
0.005741465757766559853403354197
0.005724749806222104164810104976
0.005707805574268067817789162888
0.005690633737573488892813600160
0.005673234980883364204917729268
0.005655609997991395063166031321
0.005637759491712289808273972369
0.005619684173853680374255414876
0.005601384765187933031937994599
0.005582861995423089168655295111
0.005564116603174108777185580266
0.005545149335933195408609996946
0.005525960950039963265334463927
0.005506552210651534905172521661
0.005486923891711772451051931654
0.005467076775920462830549162447
0.005447011654702176887410391970
0.005426729328174730374034773206
0.005406230605117167027640068255
0.005385516302937645369275365681
0.005364587247640610796761695411
0.005343444273794252172282703839
0.005322088224496723286860433433
0.005300519951342987957920716013
0.005278740314390573118430438626
0.005256750182125348794248687057
0.005234550431426961136782693984
0.005212141947533802284475701327
0.005189525624007631544876151253
0.005166702362698140198193907935
0.005143673073706781645464403141
0.005120438675350738599867383982
0.005097000094125951792645157212
0.005073358264670502562609932795
0.005049514129727141094339248895
0.005025468640105768686199283479
0.005001222754645623380653773893
0.004976777440176763898926903806
0.004952133671481811182102372726
0.004927292431256855530230520657
0.004902254710072492978334413039
0.004877021506334138292726443353
0.004851593826242287660344132405
0.004825972683752388463218618853
0.004800159100534382924929666103
0.004774154105931985477007106766
0.004747958736921762366856025750
0.004721574038071421966500373912
0.004695001061498616824751994869
0.004668240866828709222102755660
0.004641294521152515908934965694
0.004614163098983860289425962264
0.004586847682216735160032339280
0.004559349360081999674720876214
0.004531669229104233302674042960
0.004503808393057527267866468890
0.004475767962922208402509749448
0.004447549056839705979016219572
0.004419152800068638919928076803
0.004390580324939472728340561503
0.004361832770809743672901781508
0.004332911284018309792942513781
0.004303817017839792723188363510
0.004274551132438666502244561940
0.004245114794822871066848346544
0.004215509178797122169513045264
0.004185735464916584720740377890
0.004155794840439376060248211076
0.004125688499279260915142408805
0.004095417641958234468424482344
0.004064983475558513019432194113
0.004034387213674475204661096228
0.004003630076364172139802288797
0.003972713290100721335307287774
0.003941638087723499384029679504
0.003910405708388817701270934180
0.003879017397520518033865455365
0.003847474406760547586264786801
0.003815777993918784312399328229
0.003783929422922935499606911236
0.003751929963768200863849511251
0.003719780892466671966961611062
0.003687483490996284942603500312
0.003655039047249879907708347559
0.003622448854983697022480448879
0.003589714213765840024328301894
0.003556836428924562820003130170
0.003523816811496077727738907015
0.003490656678172268309601200542
0.003457357351248242175595359882
0.003423920158569686029298440033
0.003390346433479758843365647891
0.003356637514765983300313312299
0.003322794746606971567209898311
0.003288819478518508789000041048
0.003254713065300176948191346327
0.003220476866981106158632774950
0.003186112248765562461605416189
0.003151620580978778049519029025
0.003117003239012251965267541465
0.003082261603268924166770803552
0.003047397059107905068625621325
0.003012410996789567640963269923
0.002977304811419884903594956782
0.002942079902894924846312729727
0.002906737675844888683235334170
0.002871279539578149107154070308
0.002835706908025231731684812075
0.002800021199682127797520037049
0.002764223837553991119930785203
0.002728316249098205331646838090
0.002692299866167669700894871099
0.002656176124953452642729612165
0.002619946465927672912821222440
0.002583612333786071153102215092
0.002547175177390397123045051586
0.002510636449710561008547005102
0.002473997607766719678684674832
0.002437260112571202480546972424
0.002400425429070257056507475824
0.002363495026085679368704761671
0.002326470376256097212508411332
0.002289352955978386436330929143
0.002252144245348738915701858332
0.002214845728103676750914141635
0.002177458891560758984934365046
0.002139985226559541590940494160
0.002102426227401848774639647743
0.002064783391792399461217577539
0.002027058220778939386097494690
0.001989252218692369716251944212
0.001951366893087028977701868904
0.001913403754680181563865848382
0.001875364317292157415734132897
0.001837250097785755528767559497
0.001799062616005763035748055145
0.001760803394718530451301674589
0.001722473959551043629773170451
0.001684075838930305371241025192
0.001645610564022294622366082706
0.001607079668670784514117322317
0.001568484689336371818921267440
0.001529827165035368063614185097
0.001491108637278072647155968689
0.001452330650007488312830394861
0.001413494749538072182276637889
0.001374602484493652604369273718
0.001335655405746011921072624595
0.001296655066353033600862199037
0.001257603021496879512966526882
0.001218500828422013461740935902
0.001179350046373345718003777804
0.001140152236534118642893864681
0.001100908961963843919751315781
0.001061621787536494356668503869
0.001022292279878113472474376877
0.000982922007305144992961309924
0.000943512539762482731371673328
0.000904065448761688520221135867
0.000864582307319792793369461759
0.000825064689898302250706252359
0.000785514172342782908929625929
0.000745932331824101222707279479
0.000706320746780698233667494801
0.000666680996864024385563374242
0.000627014662888091163506221193
0.000587323326786388369077918092
0.000547608571581384862697605698
0.000507871981374663841735106473
0.000468115141378100646073895374
0.000428339638018827677246047614
0.000388547059196109377619127168
0.000348738994858867400010449256
0.000308917038317170261543104237
0.000269082789384220610797576745
0.000229237862604724467038494473
0.000189383911738253416564420339
0.000149522716906745091729885599
0.000109656587685807226464386466
0.000069791205985914479001733235
0.000029981990249917695752880989
