0.000757150964135847709922388926
0.001737977397129791433047496518
0.002724596140313448062314494180
0.003712523613424536985533341849
0.004700947518690617825398714302
0.005689611648678999204775674770
0.006678410030012901961449234278
0.007667290976333825634758678547
0.008656226296764279320994361910
0.009645199315352043223370515079
0.010634199539409356152774854820
0.011623220037966352363723032681
0.012612256049257383402895094093
0.013601304193940571760079727426
0.014590362007506465016892782671
0.015579427650402878982593968260
0.016568499721790339723748175516
0.017557577136140253143414824422
0.018546659039262180374008082140
0.019535744749802633896118564394
0.020524833717643582720047135126
0.021513925493759567669771470833
0.022503019708019929984166296322
0.023492116052591820174466619164
0.024481214269363383434496839186
0.025470314140296372584781892101
0.026459415479939830950772972074
0.027448518129561814277161957421
0.028437621952504692907082173292
0.029426726830477967916666059978
0.030415832660572020978984042472
0.031404939352837564492393340743
0.032394046828307619667608463487
0.033383155017370866324277756121
0.034372263858426725657846390050
0.035361373296764066209707522148
0.036350483283625632802138483157
0.037339593775418400412036135094
0.038328704733048356290137093083
0.039317816121354043357172258766
0.040306927908624647083346559384
0.041296040066186430472772173061
0.042285152568048219035024004597
0.043274265390594209013119808560
0.044263378512318866941921413627
0.045252491913596433470434732271
0.046241605576480118711124589481
0.047230719484525576778999322869
0.048219833622637812975408877492
0.049208947976934640233803719411
0.050198062534627947706145079110
0.051187177283917861814188654535
0.052176292213898661787041532989
0.053165407314475991717994673991
0.054154522576292794810992603516
0.055143637990662901227079117916
0.056132753549512318103076324860
0.057121869245325966601978251447
0.058110985071100115795239560157
0.059100101020299694587478711583
0.060089217086819697588584432424
0.061078333264950254721803446500
0.062067449549345510284581450833
0.063056565934994590616469167799
0.064045682417195909374996176666
0.065034798991533943057774536101
0.066023915653857317975550245137
0.067013032400259686660604074859
0.068002149227061700620389217420
0.068991266130794995370401068158
0.069980383108186994256527668767
0.070969500156147183322907778802
0.071958617271755079269901500538
0.072947734452248266800999942916
0.073936851695011920893030321622
0.074925968997569300511507606188
0.075915086357572436615015476491
0.076904203772793833238097249705
0.077893321241119223286020201158
0.078882438760540102284934960153
0.079871556329147205821605837173
0.080860673945124486583502232406
0.081849791606743868555007281884
0.082838909312359154668570226931
0.083828027060402002246242147976
0.084817144849376899240489535714
0.085806262677857139675730024919
0.086795380544480896234382782950
0.087784498447947612032038477992
0.088773616387014545048295133256
0.089762734360493312557593981182
0.090751852367247476394140903722
0.091740970406189323305135019382
0.092730088476277366948963276627
0.093719206576513947037909701976
0.094708324705942925625379302801
0.095697442863647411148697585759
0.096686561048748079216785811241
0.097675679260400938286323935245
0.098664797497795636571638056012
0.099653915760153949365829362250
0.100643034046727988806146925072
0.101632152356798829972994724358
0.102621270689675123111150867317
0.103610389044691761362138038294
0.104599507421208645641108603286
0.105588625818609366247002867567
0.106577744236300508973158684967
0.107566862673710017528350135763
0.108555981130286707814214253176
0.109545099605499102191075166957
0.110534218098834555177312211072
0.111523336609798448537667070468
0.112512455137913428004914351277
0.113501573682718612245956535389
0.114490692243768843461282358476
0.115479810820634007373364227078
0.116468929412898533626297137289
0.117458048020160688018620476214
0.118447166642031948002866670322
0.119436285278136392062897641608
0.120425403928110477669299882564
0.121414522591602250245479410751
0.122403641268270968467390957812
0.123392759957786507518662233451
0.124381878659829372968381733244
0.125370997374089798714891230702
0.126360116100267483307817428795
0.127349234838071395659042650550
0.128338353587219372586858412433
0.129327472347437494315514072696
0.130316591118460195497519293895
0.131305709900029571324253652165
0.132294828691895460792693484109
0.133283947493814752816021496074
0.134273066305551413979202379778
0.135262185126876099960924193510
0.136251303957566044511295899611
0.137240422797404587607061898780
0.138229541646181258718328876967
0.139218660503691166185902261532
0.140207779369735302532617993165
0.141196898244119767307225288278
0.142186017126656127906869642175
0.143175136017160697932126822707
0.144164254915454981276212720331
0.145153373821364894968866110503
0.146142492734720963465377963075
0.147131611655358124357562132900
0.148120730583115450817999203537
0.149109849517836234866763334139
0.150098968459367571037788025023
0.151088087407560467401168580182
0.152077206362269484740679104107
0.153066325323352819820499348680
0.154055444290672249874063481911
0.155044563264092744026001469138
0.156033682243482352269836610503
0.157022801228712566290468544139
0.158011920219657681085934086695
0.159001039216194933745285311488
0.159990158218204558959740779756
0.160979277225569317177900074967
0.161968396238174661139197496595
0.162957515255908735873902060121
0.163946634278662128902936956365
0.164935753306327814726728320238
0.165924872338801043802902768221
0.166913991375979481324165476508
0.167903110417762846395817177836
0.168892229464053106324783470882
0.169881348514754254575009895234
0.170870467569772171989583853247
0.171859586629014848835339535071
0.172848705692392135002677377997
0.173837824759815517960959141419
0.174826943831198539092142141271
0.175816062906456238579266937450
0.176805181985505405206637874471
0.177794301068264437581945003330
0.178783420154653344136264081499
0.179772539244593548835027263522
0.180761658338008085467052410422
0.181750777434821292333211317782
0.182739896534959006535459025145
0.183729015638348341932228890983
0.184718134744917772405159439586
0.185707253854596909814489436030
0.186696372967316809310389658094
0.187685492083009608510479893084
0.188674611201608638522131400350
0.189663730323048285164588833140
0.190652849447264099991272701118
0.191641968574192717023052523473
0.192631087703771686214793135150
0.193620206835939723255535227509
0.194609325970636320990436729517
0.195598445107802110243255810929
0.196587564247378526749443494737
0.197576683389307894422870504059
0.198565802533533425355827262138
0.199554921679999081041145814197
0.200544040828649794416804752473
0.201533159979431164554597444294
0.202522279132289595438010110229
0.203511398287172157184343745939
0.204500517444026697067016584697
0.205489636602801811759988481754
0.206478755763446625293155989311
0.207467874925910983341381665923
0.208456994090145453224494076494
0.209446113256101018595956020363
0.210435232423729412509771918849
0.211424351592982839864731658963
0.212413470763814171693439902810
0.213402589936176612095408700043
0.214391709110024114570691722292
0.215380828285311021197401259997
0.216369947461992007120556991140
0.217359066640022524641295831316
0.218348185819358220349784005521
0.219337304999955212680973204442
0.220326424181770119670176200088
0.221315543364759920175188767644
0.222304662548881953876289685468
0.223293781734093893520665119468
0.224282900920353883700286701242
0.225272020107620207785004140533
0.226261139295851759767330690920
0.227250258485007405884203990354
0.228239377675046678506376451878
0.229228496865929026737873641650
0.230217616057614371527506591519
0.231206735250062883624266873994
0.232195854443234928066175370986
0.233184973637091119691433505068
0.234174092831592267627272008212
0.235163212026699430801102153055
0.236152331222373779162637674744
0.237141450418576732461772849092
0.238130569615269849226280030052
0.239119688812414854517385265353
0.240108808009973584418617065239
0.241097927207907986035806402469
0.242087046406180228519389174835
0.243076165604752481019801280127
0.244065284803587023709781078651
0.245054404002646247784369393230
0.246043523201892599949758277944
0.247032642401288582423291018131
0.248021761600796752933462130386
0.249010880800379669208766131305
0.250000000000000000000000000000
0.250989119199620303035658253066
0.251978238399203302577689100872
0.252967357598711473087860213127
0.253956476798107455561392953314
0.254945595997353779971206222399
0.255934715196413031801370152607
0.256923834395247574491349951131
0.257912953593819771480610825165
0.258902072792091986208617981902
0.259891191990026415581382934761
0.260880311187585145482614734647
0.261869430384730150773719969948
0.262858549581423295293802766537
0.263847668777626220837362325256
0.264836787973300569198897846945
0.265825907168407760128303607416
0.266815026362908880308566494932
0.267804145556765071933824629014
0.268793264749937144131308741635
0.269782383942385683983644639738
0.270771503134071001017701973979
0.271760622324953349249199163751
0.272749741514992594115796009646
0.273738860704148267988244924709
0.274727979892379847726147090725
0.275717099079646144055288914387
0.276706218265906134234910496161
0.277695337451118073879285930161
0.278684456635240052069235616727
0.279673575818229935840975031169
0.280662695000044815074602411187
0.281651814180641835161367225737
0.282640933359977475358704168684
0.283630052538007992879443008860
0.284619171714689034313749971261
0.285608290889975913184883893337
0.286597410063823387904591299957
0.287586529236185883817711328447
0.288575648407017160135268341037
0.289564767576270587490228081151
0.290553886743898981404043979637
0.291543005909854602286657154764
0.292532125074089044414193949706
0.293521244236553402462419626318
0.294510363397198215995587133875
0.295499482555973358444134646561
0.296488601712827870571231869690
0.297477720867710404561989889771
0.298466840020568835445402555706
0.299455959171350261094346478785
0.300445078320000946714429801432
0.301434197466466602399748353491
0.302423316610692105577129495941
0.303412435752621501006132120892
0.304401554892197945267895420329
0.305390674029363706765138886112
0.306379793164060332255616003749
0.307368912296228313785206864850
0.308358031425807310732523092156
0.309347150552735927764302914511
0.310336269676951770346562398117
0.311325388798391389233444215279
0.312314507916990391489520106916
0.313303627032683218445185957535
0.314292746145403090185510563970
0.315281865255082283105991791672
0.316270984361651685823346724646
0.317260103465041021220116590484
0.318249222565178735422364297847
0.319238341661991942288523205207
0.320227460755406478920548352107
0.321216579845346683619311534130
0.322205698931735617929206227927
0.323194818014494622548937741158
0.324183937093543816931884293808
0.325173056168801488663433474358
0.326162175240184537550192089839
0.327151294307607976019625084518
0.328140413370985151164660464929
0.329129532430227911277142993640
0.330118651485245773180565720395
0.331107770535946921430792144747
0.332096889582237153604182822164
0.333086008624020601942561370379
0.334075127661199011708248463037
0.335064246693672240784422911020
0.336053365721337982119365506151
0.337042484744091264126097939879
0.338031603761825394371953734662
0.339020722774430738333251156291
0.340009841781795441040259220244
0.340998960783805094010290304141
0.341988079780342402180792760191
0.342977198771287461465107071490
0.343966317756517647730163389497
0.344955436735907283729574146491
0.345944555709327805637087749346
0.346933674676647207935076266949
0.347922793637730598526047742780
0.348911912592439532598831419818
0.349901031540632456717787590605
0.350890150482163820644387897119
0.351879269416884632448727643350
0.352868388344641903398013482729
0.353857507265279036534622036925
0.354846626178635160542285120755
0.355835745084545074234938510926
0.356824863982839302067873177293
0.357813982873343872093130357825
0.358803101755880260448350327351
0.359792220630264725222957622464
0.360781339496308806058522122839
0.361770458353818713526095507405
0.362759577202595440148513716849
0.363748696042433983244279716018
0.364737814873123955550227037747
0.365726933694448641531948851480
0.366716052506185274939554119555
0.367705171308104539207306515891
0.368694290099970456431321963464
0.369683408881539832258056321734
0.370672527652562588951212774191
0.371661646412780599657565971938
0.372650765161928632096532965079
0.373639883899732516692182571205
0.374629002625910201285108769298
0.375618121340170640909406074570
0.376607240042213520236913382178
0.377596358731729087043760273446
0.378585477408397763632308397064
0.379574596071889536208487925251
0.380563714721863621814890166206
0.381552833357968079752708945307
0.382541951979839311981379523786
0.383531070587101508007066286154
0.384520189179366089771150427623
0.385509307756231212049868872782
0.386498426317281429387406888054
0.387487544862086641384024687795
0.388476663390201593095696352975
0.389465781901165486456051212372
0.390454900394500925564500448672
0.391444018869713306063573554638
0.392433137326290037982801095495
0.393422255763699491026841315033
0.394411374181390661508572748062
0.395400492578791395992254820158
0.396389610955308280271225385150
0.397378729310324918522212556127
0.398367847643201156149217467828
0.399356965953272080582792114001
0.400346084239846078389746253379
0.401335202502204391183937559617
0.402324320739599117224827296013
0.403313438951251934661001996574
0.404302557136352602729090222056
0.405291675294057129885771928457
0.406280793423486052962090298024
0.407269911523722660806612339002
0.408259029593810718328228404062
0.409248147632752579117010327536
0.410237265639506742953557250075
0.411226383612985468829492674558
0.412215501552052387967961522008
0.413204619455519117643405024864
0.414193737322142929713209014153
0.415182855150623142392873887729
0.416171972939598067142696891096
0.417161090687640900842581004326
0.418150208393256117567204910301
0.419139326054875527294285575408
0.420128443670852835811757586271
0.421117561239459925470640655476
0.422106678758880859980706645729
0.423095796227206166761902750295
0.424084913642427563384984523509
0.425074031002430741121855817255
0.426063148304988148495908717450
0.427052265547751774832363480527
0.428041382728244934607886307276
0.429030499843852830554880029013
0.430019616891813061254623562490
0.431008733869205018507386739657
0.431997850772938285501822974766
0.432986967599740313339395925141
0.433976084346142654268874139234
0.434965201008466084697801079528
0.435954317582804173891730670221
0.436943434065005464894682063459
0.437932550450654489715418549167
0.438921666735049786911559976943
0.439910782913180364861460702741
0.440899898979700333168096904046
0.441889014928899870326972632029
0.442878130754674081970279075904
0.443867246450487751285862714212
0.444856362009337147345178209434
0.445845477423707226005689108206
0.446834592685524001343111422102
0.447823707786101421479685313898
0.448812822716082193696962576723
0.449801937465372114743900056055
0.450791052023065352827302376681
0.451780166377362235596848449859
0.452769280515474437098788484946
0.453758394423519895166663218333
0.454747508086403573468459171636
0.455736621487681181630335913724
0.456725734609405853436925326605
0.457714847431951787903869899310
0.458703959933813576466121730846
0.459693072091375387611122960152
0.460682183878646012153978972492
0.461671295266951720037695849896
0.462660406224581599587963864906
0.463649516716374388014543228564
0.464638626703235968484761997388
0.465627736141573322914410937301
0.466616844982629175309085667323
0.467605953171692401149073248234
0.468595060647162442446500563165
0.469584167339428038001614140740
0.470573273169522021674993084162
0.471562378047495400767985529455
0.472551481870438216947860610162
0.473540584520060203743696547463
0.474529685859703620476324203992
0.475518785730636661668313536211
0.476507883947408228397790708186
0.477496980291980066546386751725
0.478486074506240421921887673307
0.479475166282356424218846768781
0.480464255250197425084479618818
0.481453340960737830034332773721
0.482442422863859798898289454883
0.483431500278209635990123160809
0.484420572349597178263280738975
0.485409637992493592228981924563
0.486398695806059433444090700505
0.487387743950742635679063141652
0.488376779962033658044617823180
0.489365800460590694154205948507
0.490354800684647984532205100550
0.491343773703235786598497725208
0.492332709023666215131243006908
0.493321589969987150947616783014
0.494310388351321072786248578268
0.495299052481309398654474307477
0.496287476386575443498827553412
0.497275403859686604413070654118
0.498262022602870224829985090764
0.499242849035864189044531258332
0.000000000000000000000000000000
0.000990099009900990111032736962
0.001980198019801980222065473924
0.002970297029702970333098210887
0.003960396039603960444130947849
0.004950495049504950555163684811
0.005940594059405940666196421773
0.006930693069306931644590896724
0.007920792079207920888261895698
0.008910891089108910131932894672
0.009900990099009901110327369622
0.010891089108910892088721844573
0.011881188118811881332392843547
0.012871287128712870576063842520
0.013861386138613863289181793448
0.014851485148514852532852792422
0.015841584158415841776523791395
0.016831683168316832754918266346
0.017821782178217820263865789343
0.018811881188118814711707216247
0.019801980198019802220654739244
0.020792079207920793199049214195
0.021782178217821784177443689146
0.022772277227722771686391212143
0.023762376237623762664785687093
0.024752475247524753643180162044
0.025742574257425741152127685041
0.026732673267326735599969111945
0.027722772277227726578363586896
0.028712871287128714087311109893
0.029702970297029705065705584843
0.030693069306930696044100059794
0.031683168316831683553047582791
0.032673267326732674531442057742
0.033663366336633665509836532692
0.034653465346534656488231007643
0.035643564356435640527731578686
0.036633663366336631506126053637
0.037623762376237629423414432495
0.038613861386138620401808907445
0.039603960396039604441309478489
0.040594059405940595419703953439
0.041584158415841586398098428390
0.042574257425742577376492903340
0.043564356435643568354887378291
0.044554455445544552394387949334
0.045544554455445543372782424285
0.046534653465346534351176899236
0.047524752475247525329571374186
0.048514851485148516307965849137
0.049504950495049507286360324088
0.050495049504950491325860895131
0.051485148514851482304255370082
0.052475247524752473282649845032
0.053465346534653471199938223890
0.054455445544554462178332698841
0.055445544554455453156727173791
0.056435643564356444135121648742
0.057425742574257428174622219785
0.058415841584158419153016694736
0.059405940594059410131411169687
0.060396039603960401109805644637
0.061386138613861392088200119588
0.062376237623762376127700690631
0.063366336633663367106095165582
0.064356435643564358084489640532
0.065346534653465349062884115483
0.066336633663366340041278590434
0.067326732673267331019673065384
0.068316831683168321998067540335
0.069306930693069312976462015286
0.070297029702970290077068682422
0.071287128712871281055463157372
0.072277227722772272033857632323
0.073267326732673263012252107274
0.074257425742574267868434390039
0.075247524752475258846828864989
0.076237623762376249825223339940
0.077227722772277240803617814890
0.078217821782178217904224482027
0.079207920792079208882618956977
0.080198019801980199861013431928
0.081188118811881190839407906878
0.082178217821782181817802381829
0.083168316831683172796196856780
0.084158415841584163774591331730
0.085148514851485154752985806681
0.086138613861386145731380281632
0.087128712871287136709774756582
0.088118811881188113810381423718
0.089108910891089104788775898669
0.090099009900990095767170373620
0.091089108910891086745564848570
0.092079207920792077723959323521
0.093069306930693068702353798471
0.094059405940594059680748273422
0.095049504950495050659142748373
0.096039603960396041637537223323
0.097029702970297032615931698274
0.098019801980198023594326173225
0.099009900990099014572720648175
0.099999999999999991673327315311
0.100990099009900982651721790262
0.101980198019801973630116265213
0.102970297029702964608510740163
0.103960396039603955586905215114
0.104950495049504946565299690064
0.105940594059405951421481972829
0.106930693069306942399876447780
0.107920792079207933378270922731
0.108910891089108924356665397681
0.109900990099009915335059872632
0.110891089108910906313454347583
0.111881188118811897291848822533
0.112871287128712888270243297484
0.113861386138613865370849964620
0.114851485148514856349244439571
0.115841584158415847327638914521
0.116831683168316838306033389472
0.117821782178217829284427864422
0.118811881188118820262822339373
0.119801980198019811241216814324
0.120792079207920802219611289274
0.121782178217821793198005764225
0.122772277227722784176400239176
0.123762376237623775154794714126
0.124752475247524752255401381262
0.125742574257425743233795856213
0.126732673267326734212190331164
0.127722772277227725190584806114
0.128712871287128716168979281065
0.129702970297029707147373756015
0.130693069306930698125768230966
0.131683168316831689104162705917
0.132673267326732680082557180867
0.133663366336633671060951655818
0.134653465346534662039346130769
0.135643564356435653017740605719
0.136633663366336643996135080670
0.137623762376237634974529555620
0.138613861386138625952924030571
0.139603960396039589175742889893
0.140594059405940580154137364843
0.141584158415841571132531839794
0.142574257425742562110926314745
0.143564356435643553089320789695
0.144554455445544544067715264646
0.145544554455445535046109739596
0.146534653465346526024504214547
0.147524752475247517002898689498
0.148514851485148535736868780077
0.149504950495049526715263255028
0.150495049504950517693657729978
0.151485148514851508672052204929
0.152475247524752499650446679880
0.153465346534653490628841154830
0.154455445544554481607235629781
0.155445544554455444830054489103
0.156435643564356435808448964053
0.157425742574257426786843439004
0.158415841584158417765237913954
0.159405940594059408743632388905
0.160396039603960399722026863856
0.161386138613861390700421338806
0.162376237623762381678815813757
0.163366336633663372657210288708
0.164356435643564363635604763658
0.165346534653465354613999238609
0.166336633663366345592393713559
0.167326732673267336570788188510
0.168316831683168327549182663461
0.169306930693069318527577138411
0.170297029702970309505971613362
0.171287128712871300484366088313
0.172277227722772291462760563263
0.173267326732673282441155038214
0.174257425742574273419549513164
0.175247524752475264397943988115
0.176237623762376227620762847437
0.177227722772277218599157322387
0.178217821782178209577551797338
0.179207920792079200555946272289
0.180198019801980191534340747239
0.181188118811881182512735222190
0.182178217821782173491129697140
0.183168316831683164469524172091
0.184158415841584155447918647042
0.185148514851485146426313121992
0.186138613861386137404707596943
0.187128712871287128383102071894
0.188118811881188119361496546844
0.189108910891089110339891021795
0.190099009900990101318285496745
0.191089108910891120052255587325
0.192079207920792083275074446647
0.193069306930693074253468921597
0.194059405940594065231863396548
0.195049504950495056210257871498
0.196039603960396047188652346449
0.197029702970297038167046821400
0.198019801980198029145441296350
0.199009900990099020123835771301
0.199999999999999983346654630623
0.200990099009901002080624721202
0.201980198019801965303443580524
0.202970297029702984037413671103
0.203960396039603947260232530425
0.204950495049504965994202621005
0.205940594059405929217021480326
0.206930693069306947950991570906
0.207920792079207911173810430228
0.208910891089108929907780520807
0.209900990099009893130599380129
0.210891089108910911864569470708
0.211881188118811902842963945659
0.212871287128712866065782804981
0.213861386138613884799752895560
0.214851485148514848022571754882
0.215841584158415866756541845461
0.216831683168316829979360704783
0.217821782178217848713330795363
0.218811881188118811936149654684
0.219801980198019830670119745264
0.220792079207920793892938604586
0.221782178217821812626908695165
0.222772277227722775849727554487
0.223762376237623794583697645066
0.224752475247524757806516504388
0.225742574257425776540486594968
0.226732673267326739763305454289
0.227722772277227730741699929240
0.228712871287128721720094404191
0.229702970297029712698488879141
0.230693069306930703676883354092
0.231683168316831694655277829042
0.232673267326732657878096688364
0.233663366336633676612066778944
0.234653465346534639834885638265
0.235643564356435658568855728845
0.236633663366336621791674588167
0.237623762376237640525644678746
0.238613861386138603748463538068
0.239603960396039622482433628647
0.240594059405940585705252487969
0.241584158415841604439222578549
0.242574257425742567662041437870
0.243564356435643586396011528450
0.244554455445544549618830387772
0.245544554455445568352800478351
0.246534653465346531575619337673
0.247524752475247550309589428252
0.248514851485148513532408287574
0.249504950495049504510802762525
0.250495049504950495489197237475
0.251485148514851486467591712426
0.252475247524752477445986187377
0.253465346534653468424380662327
0.254455445544554459402775137278
0.255445544554455450381169612228
0.256435643564356441359564087179
0.257425742574257432337958562130
0.258415841584158423316353037080
0.259405940594059414294747512031
0.260396039603960405273141986981
0.261386138613861396251536461932
0.262376237623762387229930936883
0.263366336633663378208325411833
0.264356435643564369186719886784
0.265346534653465360165114361735
0.266336633663366351143508836685
0.267326732673267342121903311636
0.268316831683168333100297786586
0.269306930693069324078692261537
0.270297029702970315057086736488
0.271287128712871306035481211438
0.272277227722772297013875686389
0.273267326732673287992270161340
0.274257425742574278970664636290
0.275247524752475269949059111241
0.276237623762376260927453586191
0.277227722772277251905848061142
0.278217821782178242884242536093
0.279207920792079178351485779785
0.280198019801980224841031485994
0.281188118811881160308274729687
0.282178217821782206797820435895
0.283168316831683142265063679588
0.284158415841584188754609385796
0.285148514851485124221852629489
0.286138613861386170711398335698
0.287128712871287106178641579390
0.288118811881188152668187285599
0.289108910891089088135430529292
0.290099009900990134624976235500
0.291089108910891070092219479193
0.292079207920792116581765185401
0.293069306930693052049008429094
0.294059405940594098538554135303
0.295049504950495034005797378995
0.296039603960396024984191853946
0.297029702970297071473737560154
0.298019801980198006940980803847
0.299009900990099053430526510056
0.299999999999999988897769753748
0.300990099009901035387315459957
0.301980198019801970854558703650
0.302970297029703017344104409858
0.303960396039603952811347653551
0.304950495049504999300893359759
0.305940594059405934768136603452
0.306930693069306981257682309661
0.307920792079207916724925553353
0.308910891089108963214471259562
0.309900990099009898681714503255
0.310891089108910889660108978205
0.311881188118811880638503453156
0.312871287128712871616897928106
0.313861386138613862595292403057
0.314851485148514853573686878008
0.315841584158415844552081352958
0.316831683168316835530475827909
0.317821782178217826508870302860
0.318811881188118817487264777810
0.319801980198019808465659252761
0.320792079207920799444053727711
0.321782178217821790422448202662
0.322772277227722781400842677613
0.323762376237623772379237152563
0.324752475247524763357631627514
0.325742574257425754336026102465
0.326732673267326745314420577415
0.327722772277227736292815052366
0.328712871287128727271209527316
0.329702970297029718249604002267
0.330693069306930709227998477218
0.331683168316831700206392952168
0.332673267326732691184787427119
0.333663366336633682163181902069
0.334653465346534673141576377020
0.335643564356435608608819620713
0.336633663366336655098365326921
0.337623762376237590565608570614
0.338613861386138637055154276823
0.339603960396039628033548751773
0.340594059405940619011943226724
0.341584158415841609990337701674
0.342574257425742600968732176625
0.343564356435643591947126651576
0.344554455445544582925521126526
0.345544554455445573903915601477
0.346534653465346564882310076428
0.347524752475247555860704551378
0.348514851485148546839099026329
0.349504950495049537817493501279
0.350495049504950528795887976230
0.351485148514851519774282451181
0.352475247524752455241525694873
0.353465346534653501731071401082
0.354455445544554437198314644775
0.355445544554455483687860350983
0.356435643564356419155103594676
0.357425742574257465644649300884
0.358415841584158401111892544577
0.359405940594059447601438250786
0.360396039603960383068681494478
0.361386138613861429558227200687
0.362376237623762365025470444380
0.363366336633663411515016150588
0.364356435643564346982259394281
0.365346534653465393471805100489
0.366336633663366328939048344182
0.367326732673267319917442819133
0.368316831683168310895837294083
0.369306930693069301874231769034
0.370297029702970292852626243985
0.371287128712871283831020718935
0.372277227722772274809415193886
0.373267326732673265787809668836
0.374257425742574256766204143787
0.375247524752475247744598618738
0.376237623762376238722993093688
0.377227722772277229701387568639
0.378217821782178220679782043590
0.379207920792079211658176518540
0.380198019801980202636570993491
0.381188118811881193614965468441
0.382178217821782240104511174650
0.383168316831683175571754418343
0.384158415841584166550148893293
0.385148514851485157528543368244
0.386138613861386148506937843194
0.387128712871287139485332318145
0.388118811881188130463726793096
0.389108910891089121442121268046
0.390099009900990112420515742997
0.391089108910891103398910217948
0.392079207920792094377304692898
0.393069306930693085355699167849
0.394059405940594076334093642799
0.395049504950495067312488117750
0.396039603960396058290882592701
0.397029702970297049269277067651
0.398019801980198040247671542602
0.399009900990099031226066017553
0.399999999999999966693309261245
0.400990099009901013182854967454
0.401980198019802004161249442404
0.402970297029702995139643917355
0.403960396039603930606887161048
0.404950495049504977096432867256
0.405940594059405968074827342207
0.406930693069306959053221817157
0.407920792079207894520465060850
0.408910891089108941010010767059
0.409900990099009931988405242009
0.410891089108910867455648485702
0.411881188118811858434042960653
0.412871287128712904923588666861
0.413861386138613895901983141812
0.414851485148514831369226385505
0.415841584158415822347620860455
0.416831683168316868837166566664
0.417821782178217859815561041614
0.418811881188118795282804285307
0.419801980198019786261198760258
0.420792079207920832750744466466
0.421782178217821823729138941417
0.422772277227722759196382185110
0.423762376237623805685927891318
0.424752475247524796664322366269
0.425742574257425732131565609961
0.426732673267326723109960084912
0.427722772277227769599505791120
0.428712871287128760577900266071
0.429702970297029696045143509764
0.430693069306930687023537984714
0.431683168316831733513083690923
0.432673267326732724491478165874
0.433663366336633659958721409566
0.434653465346534650937115884517
0.435643564356435697426661590725
0.436633663366336688405056065676
0.437623762376237623872299309369
0.438613861386138614850693784319
0.439603960396039661340239490528
0.440594059405940596807482734221
0.441584158415841587785877209171
0.442574257425742578764271684122
0.443564356435643625253817390330
0.444554455445544560721060634023
0.445544554455445551699455108974
0.446534653465346542677849583924
0.447524752475247589167395290133
0.448514851485148524634638533826
0.449504950495049515613033008776
0.450495049504950451080276252469
0.451485148514851553080973189935
0.452475247524752488548216433628
0.453465346534653479526610908579
0.454455445544554414993854152272
0.455445544554455461483399858480
0.456435643564356452461794333431
0.457425742574257443440188808381
0.458415841584158378907432052074
0.459405940594059425396977758282
0.460396039603960416375372233233
0.461386138613861407353766708184
0.462376237623762342821009951876
0.463366336633663389310555658085
0.464356435643564380288950133036
0.465346534653465315756193376728
0.466336633663366417756890314195
0.467326732673267353224133557887
0.468316831683168344202528032838
0.469306930693069279669771276531
0.470297029702970381670468213997
0.471287128712871317137711457690
0.472277227722772308116105932640
0.473267326732673243583349176333
0.474257425742574290072894882542
0.475247524752475281051289357492
0.476237623762376272029683832443
0.477227722772277207496927076136
0.478217821782178253986472782344
0.479207920792079244964867257295
0.480198019801980180432110500988
0.481188118811881171410504975938
0.482178217821782217900050682147
0.483168316831683208878445157097
0.484158415841584144345688400790
0.485148514851485135324082875741
0.486138613861386181813628581949
0.487128712871287172792023056900
0.488118811881188108259266300593
0.489108910891089099237660775543
0.490099009900990145727206481752
0.491089108910891136705600956702
0.492079207920792072172844200395
0.493069306930693063151238675346
0.494059405940594109640784381554
0.495049504950495100619178856505
0.496039603960396036086422100198
0.497029702970297027064816575148
0.498019801980198073554362281357
0.499009900990099009021605525049
0.500000000000000000000000000000
0.500990099009900990978394474951
0.501980198019801981956788949901
0.502970297029702972935183424852
0.503960396039603963913577899802
0.504950495049504954891972374753
0.505940594059405945870366849704
0.506930693069306936848761324654
0.507920792079207927827155799605
0.508910891089108918805550274556
0.509900990099009909783944749506
0.510891089108910900762339224457
0.511881188118811891740733699407
0.512871287128712882719128174358
0.513861386138613873697522649309
0.514851485148514864675917124259
0.515841584158415855654311599210
0.516831683168316846632706074161
0.517821782178217837611100549111
0.518811881188118828589495024062
0.519801980198019819567889499012
0.520792079207920810546283973963
0.521782178217821801524678448914
0.522772277227722792503072923864
0.523762376237623783481467398815
0.524752475247524774459861873765
0.525742574257425765438256348716
0.526732673267326756416650823667
0.527722772277227747395045298617
0.528712871287128738373439773568
0.529702970297029729351834248519
0.530693069306930720330228723469
0.531683168316831711308623198420
0.532673267326732702287017673370
0.533663366336633693265412148321
0.534653465346534684243806623272
0.535643564356435675222201098222
0.536633663366336666200595573173
0.537623762376237657178990048124
0.538613861386138648157384523074
0.539603960396039639135778998025
0.540594059405940630114173472975
0.541584158415841621092567947926
0.542574257425742612070962422877
0.543564356435643492027054435312
0.544554455445544594027751372778
0.545544554455445585006145847728
0.546534653465346575984540322679
0.547524752475247455940632335114
0.548514851485148557941329272580
0.549504950495049548919723747531
0.550495049504950539898118222482
0.551485148514851530876512697432
0.552475247524752521854907172383
0.553465346534653512833301647333
0.554455445544554503811696122284
0.555445544554455494790090597235
0.556435643564356485768485072185
0.557425742574257476746879547136
0.558415841584158356702971559571
0.559405940594059458703668497037
0.560396039603960449682062971988
0.561386138613861440660457446938
0.562376237623762320616549459373
0.563366336633663422617246396840
0.564356435643564413595640871790
0.565346534653465404574035346741
0.566336633663366284530127359176
0.567326732673267386530824296642
0.568316831683168377509218771593
0.569306930693069368487613246543
0.570297029702970248443705258978
0.571287128712871350444402196445
0.572277227722772341422796671395
0.573267326732673221378888683830
0.574257425742574212357283158781
0.575247524752475314357980096247
0.576237623762376305336374571198
0.577227722772277185292466583633
0.578217821782178176270861058583
0.579207920792079278271557996050
0.580198019801980269249952471000
0.581188118811881149206044483435
0.582178217821782140184438958386
0.583168316831683242185135895852
0.584158415841584233163530370803
0.585148514851485113119622383238
0.586138613861386104098016858188
0.587128712871287206098713795654
0.588118811881188197077108270605
0.589108910891089077033200283040
0.590099009900990068011594757991
0.591089108910891170012291695457
0.592079207920792049968383707892
0.593069306930693040946778182843
0.594059405940594142947475120309
0.595049504950495133925869595259
0.596039603960396013881961607694
0.597029702970297004860356082645
0.598019801980198106861053020111
0.599009900990099097839447495062
0.599999999999999977795539507497
0.600990099009900968773933982447
0.601980198019802070774630919914
0.602970297029703061753025394864
0.603960396039603941709117407299
0.604950495049504932687511882250
0.605940594059406034688208819716
0.606930693069306914644300832151
0.607920792079207905622695307102
0.608910891089108896601089782052
0.609900990099009998601786719519
0.610891089108910878557878731954
0.611881188118811869536273206904
0.612871287128712860514667681855
0.613861386138613962515364619321
0.614851485148514842471456631756
0.615841584158415833449851106707
0.616831683168316824428245581657
0.617821782178217926428942519124
0.618811881188118806385034531559
0.619801980198019797363429006509
0.620792079207920788341823481460
0.621782178217821779320217956410
0.622772277227722770298612431361
0.623762376237623761277006906312
0.624752475247524752255401381262
0.625742574257425743233795856213
0.626732673267326734212190331164
0.627722772277227725190584806114
0.628712871287128716168979281065
0.629702970297029707147373756015
0.630693069306930698125768230966
0.631683168316831689104162705917
0.632673267326732680082557180867
0.633663366336633671060951655818
0.634653465346534662039346130769
0.635643564356435653017740605719
0.636633663366336755018437543185
0.637623762376237634974529555620
0.638613861386138625952924030571
0.639603960396039616931318505522
0.640594059405940607909712980472
0.641584158415841598888107455423
0.642574257425742589866501930373
0.643564356435643580844896405324
0.644554455445544571823290880275
0.645544554455445562801685355225
0.646534653465346553780079830176
0.647524752475247544758474305127
0.648514851485148535736868780077
0.649504950495049526715263255028
0.650495049504950517693657729978
0.651485148514851508672052204929
0.652475247524752499650446679880
0.653465346534653490628841154830
0.654455445544554481607235629781
0.655445544554455472585630104732
0.656435643564356463564024579682
0.657425742574257454542419054633
0.658415841584158445520813529583
0.659405940594059436499208004534
0.660396039603960427477602479485
0.661386138613861418455996954435
0.662376237623762409434391429386
0.663366336633663400412785904336
0.664356435643564391391180379287
0.665346534653465382369574854238
0.666336633663366373347969329188
0.667326732673267364326363804139
0.668316831683168355304758279090
0.669306930693069346283152754040
0.670297029702970337261547228991
0.671287128712871217217639241426
0.672277227722772319218336178892
0.673267326732673310196730653843
0.674257425742574301175125128793
0.675247524752475181131217141228
0.676237623762376283131914078695
0.677227722772277274110308553645
0.678217821782178265088703028596
0.679207920792079256067097503546
0.680198019801980247045491978497
0.681188118811881238023886453448
0.682178217821782229002280928398
0.683168316831683219980675403349
0.684158415841584210959069878299
0.685148514851485201937464353250
0.686138613861386081893556365685
0.687128712871287183894253303151
0.688118811881188174872647778102
0.689108910891089165851042253053
0.690099009900990045807134265488
0.691089108910891147807831202954
0.692079207920792138786225677904
0.693069306930693129764620152855
0.694059405940594009720712165290
0.695049504950495111721409102756
0.696039603960396102699803577707
0.697029702970297093678198052658
0.698019801980197973634290065093
0.699009900990099075634987002559
0.700000000000000066613381477509
0.700990099009901057591775952460
0.701980198019801937547867964895
0.702970297029703039548564902361
0.703960396039604030526959377312
0.704950495049504910483051389747
0.705940594059405901461445864697
0.706930693069307003462142802164
0.707920792079207994440537277114
0.708910891089108874396629289549
0.709900990099009865375023764500
0.710891089108910967375720701966
0.711881188118811958354115176917
0.712871287128712838310207189352
0.713861386138613829288601664302
0.714851485148514931289298601769
0.715841584158415922267693076719
0.716831683168316802223785089154
0.717821782178217793202179564105
0.718811881188118895202876501571
0.719801980198019775158968514006
0.720792079207920766137362988957
0.721782178217821868138059926423
0.722772277227722859116454401374
0.723762376237623739072546413809
0.724752475247524730050940888759
0.725742574257425832051637826225
0.726732673267326823030032301176
0.727722772277227702986124313611
0.728712871287128693964518788562
0.729702970297029795965215726028
0.730693069306930786943610200979
0.731683168316831666899702213414
0.732673267326732657878096688364
0.733663366336633759878793625830
0.734653465346534639834885638265
0.735643564356435630813280113216
0.736633663366336621791674588167
0.737623762376237723792371525633
0.738613861386138603748463538068
0.739603960396039594726858013019
0.740594059405940585705252487969
0.741584158415841687705949425435
0.742574257425742567662041437870
0.743564356435643558640435912821
0.744554455445544549618830387772
0.745544554455445651619527325238
0.746534653465346531575619337673
0.747524752475247522554013812623
0.748514851485148513532408287574
0.749504950495049615533105225040
0.750495049504950495489197237475
0.751485148514851486467591712426
0.752475247524752477445986187377
0.753465346534653468424380662327
0.754455445544554459402775137278
0.755445544554455450381169612228
0.756435643564356441359564087179
0.757425742574257432337958562130
0.758415841584158423316353037080
0.759405940594059414294747512031
0.760396039603960405273141986981
0.761386138613861396251536461932
0.762376237623762387229930936883
0.763366336633663378208325411833
0.764356435643564480209022349300
0.765346534653465360165114361735
0.766336633663366351143508836685
0.767326732673267342121903311636
0.768316831683168333100297786586
0.769306930693069324078692261537
0.770297029702970315057086736488
0.771287128712871306035481211438
0.772277227722772297013875686389
0.773267326732673287992270161340
0.774257425742574278970664636290
0.775247524752475269949059111241
0.776237623762376260927453586191
0.777227722772277251905848061142
0.778217821782178242884242536093
0.779207920792079233862637011043
0.780198019801980224841031485994
0.781188118811881215819425960944
0.782178217821782206797820435895
0.783168316831683197776214910846
0.784158415841584188754609385796
0.785148514851485179733003860747
0.786138613861386170711398335698
0.787128712871287161689792810648
0.788118811881188152668187285599
0.789108910891089143646581760549
0.790099009900990134624976235500
0.791089108910891125603370710451
0.792079207920792116581765185401
0.793069306930693107560159660352
0.794059405940594098538554135303
0.795049504950495089516948610253
0.796039603960396080495343085204
0.797029702970297071473737560154
0.798019801980198062452132035105
0.799009900990098942408224047540
0.799999999999999933386618522491
0.800990099009900924365012997441
0.801980198019802026365709934907
0.802970297029703017344104409858
0.803960396039604008322498884809
0.804950495049504999300893359759
0.805940594059405990279287834710
0.806930693069306870235379847145
0.807920792079207861213774322096
0.808910891089109074236773722077
0.809900990099009954192865734512
0.810891089108910945171260209463
0.811881188118811936149654684414
0.812871287128712927128049159364
0.813861386138613918106443634315
0.814851485148514798062535646750
0.815841584158415789040930121701
0.816831683168316891041627059167
0.817821782178217882020021534117
0.818811881188118872998416009068
0.819801980198019863976810484019
0.820792079207920854955204958969
0.821782178217821734911296971404
0.822772277227722725889691446355
0.823762376237623716868085921305
0.824752475247524818868782858772
0.825742574257425809847177333722
0.826732673267326800825571808673
0.827722772277227791803966283624
0.828712871287128782782360758574
0.829702970297029662738452771009
0.830693069306930653716847245960
0.831683168316831644695241720910
0.832673267326732746695938658377
0.833663366336633737674333133327
0.834653465346534728652727608278
0.835643564356435719631122083229
0.836633663366336599587214095664
0.837623762376237590565608570614
0.838613861386138581544003045565
0.839603960396039572522397520515
0.840594059405940674523094457982
0.841584158415841665501488932932
0.842574257425742656479883407883
0.843564356435643647458277882833
0.844554455445544527414369895268
0.845544554455445518392764370219
0.846534653465346509371158845170
0.847524752475247611371855782636
0.848514851485148602350250257587
0.849504950495049593328644732537
0.850495049504950584307039207488
0.851485148514851464263131219923
0.852475247524752455241525694873
0.853465346534653446219920169824
0.854455445544554437198314644775
0.855445544554455539199011582241
0.856435643564356530177406057192
0.857425742574257521155800532142
0.858415841584158512134195007093
0.859405940594059392090287019528
0.860396039603960383068681494478
0.861386138613861374047075969429
0.862376237623762365025470444380
0.863366336633663467026167381846
0.864356435643564458004561856796
0.865346534653465448982956331747
0.866336633663366328939048344182
0.867326732673267319917442819133
0.868316831683168310895837294083
0.869306930693069301874231769034
0.870297029702970292852626243985
0.871287128712871394853323181451
0.872277227722772385831717656401
0.873267326732673376810112131352
0.874257425742574256766204143787
0.875247524752475247744598618738
0.876237623762376238722993093688
0.877227722772277229701387568639
0.878217821782178220679782043590
0.879207920792079322680478981056
0.880198019801980313658873456006
0.881188118811881193614965468441
0.882178217821782184593359943392
0.883168316831683175571754418343
0.884158415841584166550148893293
0.885148514851485157528543368244
0.886138613861386037484635380679
0.887128712871287250507634780661
0.888118811881188241486029255611
0.889108910891089121442121268046
0.890099009900990112420515742997
0.891089108910891103398910217948
0.892079207920792094377304692898
0.893069306930693085355699167849
0.894059405940594187356396105315
0.895049504950495178334790580266
0.896039603960396058290882592701
0.897029702970297049269277067651
0.898019801980198040247671542602
0.899009900990099031226066017553
0.900000000000000022204460492503
0.900990099009900902160552504938
0.901980198019802115183551904920
0.902970297029703106161946379871
0.903960396039603986118038392306
0.904950495049504977096432867256
0.905940594059405968074827342207
0.906930693069306959053221817157
0.907920792079207950031616292108
0.908910891089108829987708304543
0.909900990099010043010707704525
0.910891089108910922966799716960
0.911881188118811913945194191911
0.912871287128712904923588666861
0.913861386138613895901983141812
0.914851485148514886880377616762
0.915841584158415766836469629197
0.916831683168316757814864104148
0.917821782178217970837863504130
0.918811881188118850793955516565
0.919801980198019841772349991516
0.920792079207920832750744466466
0.921782178217821823729138941417
0.922772277227722814707533416367
0.923762376237623694663625428802
0.924752475247524685642019903753
0.925742574257425898665019303735
0.926732673267326778621111316170
0.927722772277227769599505791120
0.928712871287128760577900266071
0.929702970297029751556294741022
0.930693069306930631512386753457
0.931683168316831622490781228407
0.932673267326732835513780628389
0.933663366336633715469872640824
0.934653465346534706448267115775
0.935643564356435697426661590725
0.936633663366336688405056065676
0.937623762376237679383450540627
0.938613861386138559339542553062
0.939603960396039550317937028012
0.940594059405940763340936427994
0.941584158415841643297028440429
0.942574257425742634275422915380
0.943564356435643625253817390330
0.944554455445544616232211865281
0.945544554455445496188303877716
0.946534653465346487166698352667
0.947524752475247478145092827617
0.948514851485148580145789765083
0.949504950495049571124184240034
0.950495049504950562102578714985
0.951485148514851553080973189935
0.952475247524752544059367664886
0.953465346534653424015459677321
0.954455445544554414993854152272
0.955445544554455405972248627222
0.956435643564356507972945564688
0.957425742574257498951340039639
0.958415841584158489929734514590
0.959405940594059480908128989540
0.960396039603960360864221001975
0.961386138613861351842615476926
0.962376237623762342821009951876
0.963366336633663333799404426827
0.964356435643564435800101364293
0.965346534653465426778495839244
0.966336633663366417756890314195
0.967326732673267408735284789145
0.968316831683168288691376801580
0.969306930693069279669771276531
0.970297029702970270648165751481
0.971287128712871261626560226432
0.972277227722772363627257163898
0.973267326732673354605651638849
0.974257425742574345584046113800
0.975247524752475336562440588750
0.976237623762376216518532601185
0.977227722772277207496927076136
0.978217821782178198475321551086
0.979207920792079300476018488553
0.980198019801980291454412963503
0.981188118811881282432807438454
0.982178217821782273411201913405
0.983168316831683153367293925839
0.984158415841584144345688400790
0.985148514851485135324082875741
0.986138613861386126302477350691
0.987128712871287228303174288158
0.988118811881188219281568763108
0.989108910891089210259963238059
0.990099009900990201238357713009
0.991089108910891081194449725444
0.992079207920792072172844200395
0.993069306930693063151238675346
0.994059405940594054129633150296
0.995049504950495156130330087763
0.996039603960396147108724562713
0.997029702970297138087119037664
0.998019801980198018043211050099
0.999009900990099009021605525049
0.000029040518530098761626999371
0.000067599710754515560085474435
0.000106213389886235148374706017
0.000144827926051487813202678367
0.000183437864102813119084045557
0.000222041015317806563617031301
0.000260635703783397066658766850
0.000299220375959487173110618041
0.000337793516263671538858714971
0.000376353623353153227126810521
0.000414899202150659370761515143
0.000453428760797924736841713056
0.000491940809380873585003601800
0.000530433859366842628928206960
0.000568906423352176873232954879
0.000607357014956120644204318193
0.000645784148787647074851925311
0.000684186340450710305492731944
0.000722562106570143387364313359
0.000760909964829739474470593485
0.000799228434017185932099203161
0.000837516034073318340474889609
0.000875771286144191364077260520
0.000913992712634143400669828328
0.000952178837260969786714104313
0.000990328185110697341644869773
0.001028439282693646185384839242
0.001066510658000219529534247087
0.001104540840557271781999237881
0.001142528361484264690095535855
0.001180471753549736492819310918
0.001218369551227746136468077509
0.001256220290754021069387635912
0.001294022510182659714550457153
0.001331774749442311139846495394
0.001369475550392334995894461080
0.001407123456879362825497348233
0.001444717014793129271355009990
0.001482254772122883331939013907
0.001519735279013210245066534121
0.001557157087820163236455139888
0.001594518753167025772177201048
0.001631818832000130623308131739
0.001669055883644771304599729866
0.001706228469860490096904337420
0.001743335154896942648314328572
0.001780374505549133738041556185
0.001817345091212803093877470317
0.001854245483939814679100188677
0.001891074258493084976617826243
0.001927829992401778854207994307
0.001964511266016267555800656197
0.002001116662562770973088355220
0.002037644768198247548912638294
0.002074094172064968894658720799
0.002110463466345049304839776028
0.002146751246314607727144752047
0.002182956110398271039330087007
0.002219076660223219792794635552
0.002255111500673132474831250605
0.002291059239942235155329530727
0.002326918489588804695583634796
0.002362687864589029743817016893
0.002398365983390405090092123430
0.002433951467965108240304461518
0.002469442943863153511890873304
0.002504839040265667560181128692
0.002540138390037478387933900237
0.002575339629780419494625709476
0.002610441399885567170802147530
0.002645442344585896294467675105
0.002680341112008662041166218160
0.002715136354227759476337444866
0.002749826727315384054112223922
0.002784410891394387306541080562
0.002818887510689685807485638236
0.002853255253580120297252076256
0.002887512792649655612303716268
0.002921658804738814802642865587
0.002955691970995735079474897589
0.002989610976927058964142114306
0.003023414512448811125588932214
0.003057101271936845873766763759
0.003090669954277439068768273955
0.003124119262917448517496987748
0.003157447905914351638650972021
0.003190654595986301342303015360
0.003223738050561627231649364234
0.003256696991828691555709296424
0.003289530146784822722816343799
0.003322236247285774869003605048
0.003354814030094747673987898295
0.003387262236930925225070199147
0.003419579614518305447218304849
0.003451764914634049448427521867
0.003483816894156566319751267002
0.003515734315113587093309943654
0.003547515944730267323237171695
0.003579160555476269649222142988
0.003610666925113711119704751340
0.003642033836743815977676774764
0.003673260078854538156906128776
0.003704344445366799468827290198
0.003735285735681385683309985168
0.003766082754725410229601489931
0.003796734312997965179320436491
0.003827239226616725893681536519
0.003857596317363079421042248995
0.003887804412728172731572584553
0.003917862345957773967386472691
0.003947768956097477167921372398
0.003977523088037656327775604126
0.004007123592557961487548023882
0.004036569326371707705503055763
0.004065859152170028974204729622
0.004094991938665989636425557308
0.004123966560637839715020014353
0.004152781898973031786403975474
0.004181436840711059976793961823
0.004209930279086551360712142866
0.004238261113571947097389269743
0.004266428249920359641600420275
0.004294430600207192229300634523
0.004322267082872779248026162691
0.004349936622763860873119856620
0.004377438151175087194255652889
0.004404770605890450350938802870
0.004431932931224145943982506424
0.004458924078061480417156658973
0.004485743003899332614903272543
0.004512388672886408040596517566
0.004538860055863311836199525118
0.004565156130402189815775670922
0.004591275880846344345509457696
0.004617218298349316796258534623
0.004642982380914048058662135787
0.004668567133431333025794796043
0.004693971567718607275365716447
0.004719194702557644345575216249
0.004744235563732799448866117586
0.004769093184068629552585516507
0.004793766603467145698269646914
0.004818254868944763479043924548
0.004842557034669462551201846168
0.004866672161996974700637341726
0.004890599319507297169928872194
0.004914337583040461789052333330
0.004937886035732361351968666696
0.004961243768050080729659079282
0.004984409877827195890775957565
0.005007383470298271480047880289
0.005030163658133888354706542145
0.005052749561474458549203969682
0.005075140307964538105567342541
0.005097335032786321114273153654
0.005119332878693236971168190053
0.005141132996042845071382743072
0.005162734542829747717840316312
0.005184136684718200320520775648
0.005205338595074141330720784993
0.005226339454997357483745368256
0.005247138453352820711139692378
0.005267734786802356385104761927
0.005288127659835419047684723637
0.005308316284799823904505533534
0.005328299881932373367743327464
0.005348077679388725524933789757
0.005367648913273437814852595551
0.005387012827669275180642038947
0.005406168674666501743064639385
0.005425115714391759609569465539
0.005443853215036664056070137008
0.005462380452886055233474582593
0.005480696712345774559982380936
0.005498801285970782853906868581
0.005516693474491881146737348729
0.005534372586843107170995192945
0.005551837940188438826061290143
0.005569088859947887888701689718
0.005586124679823849595305951254
0.005602944741826639506176999106
0.005619548396299971389222793761
0.005635935001946195711808318407
0.005652103925850740159808616170
0.005668054543506881488845738915
0.005683786238839714198556318792
0.005699298404229903233786380667
0.005714590440537342143356713819
0.005729661757123975969474560799
0.005744511771876936387370982118
0.005759139911230891882565341433
0.005773545610190190628674411499
0.005787728312350626930227193156
0.005801687469921082765389463987
0.005815422543744599472026468590
0.005828933003319092080729557637
0.005842218326818164261804433579
0.005855278001110768813786133791
0.005868111521781529948960098864
0.005880718393150041224670676598
0.005893098128289725456951941851
0.005905250249047135253921414488
0.005917174286059997609377170136
0.005928869778775644472368355764
0.005940336275468660089116301748
0.005951573333258275075308141311
0.005962580518125614771618447918
0.005973357404930333507120376879
0.005983903577427164728608222077
0.005994218628281904742705066269
0.006004302159087037370210904186
0.006014153780377505184584485676
0.006023773111645256035651119220
0.006033159781354348154269739979
0.006042313426955008351382225840
0.006051233694897894047071140733
0.006059920240647489672602965527
0.006068372728695612360050315459
0.006076590832574290529377591952
0.006084574234868383134366975895
0.006092322627227780840186710520
0.006099835710379427657079620673
0.006107113194138867259819214439
0.006114154797421310523486415178
0.006120960248252644078648110337
0.006127529283779861203618199994
0.006133861650281287151986742145
0.006139957103176267583233283176
0.006145815407034634948735263293
0.006151436335585991864449706412
0.006156819671728145336453419389
0.006161965207535731806065548710
0.006166872744268130090983248692
0.006171542092377180037388040290
0.006175973071514444939777987997
0.006180165510538304825260969011
0.006184119247520446054078302467
0.006187834129752149692205165366
0.006191310013750228602447123194
0.006194546765262477078239911066
0.006197544259272983434294612692
0.006200302380006882281560098846
0.006202821020934803225577169883
0.006205100084777015988224402321
0.006207139483507195625022756502
0.006208939138355891972087530206
0.006210498979813367653735056706
0.006211818947632501142219751955
0.006212898990830982917654701225
0.006213739067693359839628097774
0.006214339145772567775394268352
0.006214699201891308970313598792
0.006214819222142774560180278343
0.006214699201891308970313598792
0.006214339145772567775394268352
0.006213739067693359839628097774
0.006212898990830982917654701225
0.006211818947632501142219751955
0.006210498979813367653735056706
0.006208939138355891972087530206
0.006207139483507195625022756502
0.006205100084777015988224402321
0.006202821020934803225577169883
0.006200302380006882281560098846
0.006197544259272983434294612692
0.006194546765262477078239911066
0.006191310013750228602447123194
0.006187834129752149692205165366
0.006184119247520446054078302467
0.006180165510538304825260969011
0.006175973071514444939777987997
0.006171542092377180037388040290
0.006166872744268130090983248692
0.006161965207535731806065548710
0.006156819671728145336453419389
0.006151436335585991864449706412
0.006145815407034634948735263293
0.006139957103176267583233283176
0.006133861650281287151986742145
0.006127529283779861203618199994
0.006120960248252644078648110337
0.006114154797421310523486415178
0.006107113194138867259819214439
0.006099835710379427657079620673
0.006092322627227780840186710520
0.006084574234868383134366975895
0.006076590832574290529377591952
0.006068372728695612360050315459
0.006059920240647489672602965527
0.006051233694897894047071140733
0.006042313426955008351382225840
0.006033159781354348154269739979
0.006023773111645256035651119220
0.006014153780377505184584485676
0.006004302159087037370210904186
0.005994218628281904742705066269
0.005983903577427164728608222077
0.005973357404930333507120376879
0.005962580518125614771618447918
0.005951573333258275075308141311
0.005940336275468660089116301748
0.005928869778775644472368355764
0.005917174286059997609377170136
0.005905250249047135253921414488
0.005893098128289725456951941851
0.005880718393150041224670676598
0.005868111521781529948960098864
0.005855278001110768813786133791
0.005842218326818164261804433579
0.005828933003319092080729557637
0.005815422543744599472026468590
0.005801687469921082765389463987
0.005787728312350626930227193156
0.005773545610190190628674411499
0.005759139911230891882565341433
0.005744511771876936387370982118
0.005729661757123975969474560799
0.005714590440537342143356713819
0.005699298404229903233786380667
0.005683786238839714198556318792
0.005668054543506881488845738915
0.005652103925850740159808616170
0.005635935001946195711808318407
0.005619548396299971389222793761
0.005602944741826639506176999106
0.005586124679823849595305951254
0.005569088859947887888701689718
0.005551837940188438826061290143
0.005534372586843107170995192945
0.005516693474491881146737348729
0.005498801285970782853906868581
0.005480696712345774559982380936
0.005462380452886055233474582593
0.005443853215036664056070137008
0.005425115714391759609569465539
0.005406168674666501743064639385
0.005387012827669275180642038947
0.005367648913273437814852595551
0.005348077679388725524933789757
0.005328299881932373367743327464
0.005308316284799823904505533534
0.005288127659835419047684723637
0.005267734786802356385104761927
0.005247138453352820711139692378
0.005226339454997357483745368256
0.005205338595074141330720784993
0.005184136684718200320520775648
0.005162734542829747717840316312
0.005141132996042845071382743072
0.005119332878693236971168190053
0.005097335032786321114273153654
0.005075140307964538105567342541
0.005052749561474458549203969682
0.005030163658133888354706542145
0.005007383470298271480047880289
0.004984409877827195890775957565
0.004961243768050080729659079282
0.004937886035732361351968666696
0.004914337583040461789052333330
0.004890599319507297169928872194
0.004866672161996974700637341726
0.004842557034669462551201846168
0.004818254868944763479043924548
0.004793766603467145698269646914
0.004769093184068629552585516507
0.004744235563732799448866117586
0.004719194702557644345575216249
0.004693971567718607275365716447
0.004668567133431333025794796043
0.004642982380914048058662135787
0.004617218298349316796258534623
0.004591275880846344345509457696
0.004565156130402189815775670922
0.004538860055863311836199525118
0.004512388672886408040596517566
0.004485743003899332614903272543
0.004458924078061480417156658973
0.004431932931224145943982506424
0.004404770605890450350938802870
0.004377438151175087194255652889
0.004349936622763860873119856620
0.004322267082872779248026162691
0.004294430600207192229300634523
0.004266428249920359641600420275
0.004238261113571947097389269743
0.004209930279086551360712142866
0.004181436840711059976793961823
0.004152781898973031786403975474
0.004123966560637839715020014353
0.004094991938665989636425557308
0.004065859152170028974204729622
0.004036569326371707705503055763
0.004007123592557961487548023882
0.003977523088037656327775604126
0.003947768956097477167921372398
0.003917862345957773967386472691
0.003887804412728172731572584553
0.003857596317363079421042248995
0.003827239226616725893681536519
0.003796734312997965179320436491
0.003766082754725410229601489931
0.003735285735681385683309985168
0.003704344445366799468827290198
0.003673260078854538156906128776
0.003642033836743815977676774764
0.003610666925113711119704751340
0.003579160555476269649222142988
0.003547515944730267323237171695
0.003515734315113587093309943654
0.003483816894156566319751267002
0.003451764914634049448427521867
0.003419579614518305447218304849
0.003387262236930925225070199147
0.003354814030094747673987898295
0.003322236247285774869003605048
0.003289530146784822722816343799
0.003256696991828691555709296424
0.003223738050561627231649364234
0.003190654595986301342303015360
0.003157447905914351638650972021
0.003124119262917448517496987748
0.003090669954277439068768273955
0.003057101271936845873766763759
0.003023414512448811125588932214
0.002989610976927058964142114306
0.002955691970995735079474897589
0.002921658804738814802642865587
0.002887512792649655612303716268
0.002853255253580120297252076256
0.002818887510689685807485638236
0.002784410891394387306541080562
0.002749826727315384054112223922
0.002715136354227759476337444866
0.002680341112008662041166218160
0.002645442344585896294467675105
0.002610441399885567170802147530
0.002575339629780419494625709476
0.002540138390037478387933900237
0.002504839040265667560181128692
0.002469442943863153511890873304
0.002433951467965108240304461518
0.002398365983390405090092123430
0.002362687864589029743817016893
0.002326918489588804695583634796
0.002291059239942235155329530727
0.002255111500673132474831250605
0.002219076660223219792794635552
0.002182956110398271039330087007
0.002146751246314607727144752047
0.002110463466345049304839776028
0.002074094172064968894658720799
0.002037644768198247548912638294
0.002001116662562770973088355220
0.001964511266016267555800656197
0.001927829992401778854207994307
0.001891074258493084976617826243
0.001854245483939814679100188677
0.001817345091212803093877470317
0.001780374505549133738041556185
0.001743335154896942648314328572
0.001706228469860490096904337420
0.001669055883644771304599729866
0.001631818832000130623308131739
0.001594518753167025772177201048
0.001557157087820163236455139888
0.001519735279013210245066534121
0.001482254772122883331939013907
0.001444717014793129271355009990
0.001407123456879362825497348233
0.001369475550392334995894461080
0.001331774749442311139846495394
0.001294022510182659714550457153
0.001256220290754021069387635912
0.001218369551227746136468077509
0.001180471753549736492819310918
0.001142528361484264690095535855
0.001104540840557271781999237881
0.001066510658000219529534247087
0.001028439282693646185384839242
0.000990328185110697341644869773
0.000952178837260969786714104313
0.000913992712634143400669828328
0.000875771286144191364077260520
0.000837516034073318340474889609
0.000799228434017185932099203161
0.000760909964829739474470593485
0.000722562106570143387364313359
0.000684186340450710305492731944
0.000645784148787647074851925311
0.000607357014956120644204318193
0.000568906423352176873232954879
0.000530433859366842628928206960
0.000491940809380873585003601800
0.000453428760797924736841713056
0.000414899202150659370761515143
0.000376353623353153227126810521
0.000337793516263671538858714971
0.000299220375959487173110618041
0.000260635703783397066658766850
0.000222041015317806563617031301
0.000183437864102813119084045557
0.000144827926051487813202678367
0.000106213389886235148374706017
0.000067599710754515560085474435
0.000029040518530098761626999371
