0.000745355042454377099067630574
0.001710900834814627806748643657
0.002682148696927256874278366894
0.003654684899799574317180717031
0.004627709800738932441332984524
0.005600971183853685475551031914
0.006574364726764474198272836247
0.007547839548357063513273068622
0.008521367896944976802475757438
0.009494933356380115194173008319
0.010468525597442315464014050974
0.011442137797141481089790993053
0.012415765267898634313659123052
0.013389404683019207747962653343
0.014363053616389835631661497928
0.015336710257117382866232091487
0.016310373226186267170412236283
0.017284041454980431790078299059
0.018257714102616898893538532889
0.019231390498357901069903519442
0.020205070100655697640235075596
0.021178752467480421034506932187
0.022152437234468119048313994313
0.023126124098581855859091405136
0.024099812805731132825393103758
0.025073503141275210737148881890
0.026047194922651915882649831246
0.027020887993602322324493414385
0.027994582219598364292156844613
0.028968277484192582471589361148
0.029941973686078409561117652515
0.030915670736708433102846171892
0.031889368558346113668999777246
0.032863067082464697543642273558
0.033836766248423286174151769501
0.034810466002363420201515253893
0.035784166296287618636018379448
0.036757867087282035389872447695
0.037731568336861975865303975297
0.038705270010414072334725688052
0.039678972076721392980847014087
0.040652674507557613747810165705
0.041626377277336021331954896141
0.042600080362809239487020818160
0.043573783742806911079004095200
0.044547487398009316672542468041
0.045521191310748929104157411984
0.046494895464838474630209219640
0.047468599845417604188302362900
0.048442304438821096046474679042
0.049416009232460048061774671169
0.050389714214718557550032329573
0.051363419374861080113348066334
0.052337124702950599264283937373
0.053310830189776094167886100195
0.054284535826786745049687965547
0.055258241606034742832154194048
0.056231947520122095574013343366
0.057205653562154339109024903109
0.058179359725698528982285040456
0.059153066004744805916892858022
0.060126772393672645034001789099
0.061100478887219464296798321357
0.062074185480452702401432674151
0.063047892168744262830770708206
0.064021598947747518359996377058
0.064995305813375897630024269347
0.065969012761784254217367617912
0.066942719789350749182155198014
0.067916426892661113656757265744
0.068890134068493980024072698143
0.069863841313807267807689527217
0.070837548625726137752067756992
0.071811256001531334480780799367
0.072784963438649041833627961751
0.073758670934641251681895823822
0.074732378487196840510797812840
0.075706086094123256624577322782
0.076679793753339262063484227383
0.077653501462867785543053855690
0.078627209220829760716320322445
0.079600917025437534224607816213
0.080574624874990133371888134661
0.081548332767867090509206207116
0.082522040702524918076576909698
0.083495748677491474221135092648
0.084469456691362590494698281418
0.085443164742797894639636524516
0.086416872830517230119617977380
0.087390580953297380961686258161
0.088364289109968893742852458217
0.089337997299413163254655501078
0.090311705520559573678873732661
0.091285413772383222630324439706
0.092259122053902048454787632181
0.093232830364175234283408144620
0.094206538702300335330619418528
0.095180247067412029893240799083
0.096153955458679621348672128534
0.097127663875305650376112964750
0.098101372316524229622025643494
0.099075080781599350610022725050
0.100048789269823690251115522187
0.101022497780516806731299084277
0.101996206313024237455344689351
0.102969914866716041879080023591
0.103943623440985802308667018679
0.104917332035249555310940650088
0.105891040648944348423476924381
0.106864749281527948721048915104
0.107838457932477427281270365711
0.108812166601288271006175989442
0.109785875287474077310889697401
0.110759583990564958178026699898
0.111733292710107567913269122073
0.112707001445664062311280417816
0.113680710196811238232861285269
0.114654418963140325438132549607
0.115628127744256056774752039473
0.116601836539776362866582815059
0.117575545349331483935273467978
0.118549254172563761633441004051
0.119522963009127070055370722912
0.120496671858686218992140481987
0.121470380720916704131440155834
0.122444089595504165823847131378
0.123417798482144014382555496923
0.124391507380541041505317423344
0.125365216290409003940808929656
0.126338925211470415321812765796
0.127312634143456004931493907861
0.128286343086104731581187365919
0.129260052039163020332068754215
0.130233761002384929028607984947
0.131207469975531482164754493169
0.132181178958370698639512852424
0.133154887950677230934459771561
0.134128596952231948780109860309
0.135102305962822161200520554303
0.136076014982240922623901724364
0.137049724010286949615888829612
0.138023433046764620879542917464
0.138997142091483588677292004832
0.139970851144258612297477384345
0.140944560204909419276475546212
0.141918269273260511109668868812
0.142891978349140996717991924925
0.143865687432384536936780250471
0.144839396522828928182136110081
0.145813105620316241228806575236
0.146786814724692599165578599241
0.147760523835807983106249707816
0.148734232953515982389447458445
0.149707942077674072134385596655
0.150681651208143030373776127817
0.151655360344787132342858626544
0.152629069487473956190370927288
0.153602778636074216445095430572
0.154576487790461764015859102983
0.155550196950513308635777320887
0.156523906116108529884556332945
0.157497615287129966166190797594
0.158471324463462681642056395503
0.159445033644994543786665985863
0.160418742831615918076337834464
0.161392452023219473700166304297
0.162366161219700461115778011845
0.163339870420956351226848823899
0.164313579626886863138679473195
0.165287288837393853135893095896
0.166260998052381370193586462847
0.167234707271755378421573823289
0.168208416495424034620143061147
0.169182125723297049901816535566
0.170155834955286328069590240375
0.171129544191305521527723954023
0.172103253431269864748287545808
0.173076962675096507338068363424
0.174050671922704097704936998525
0.175024381174012921835725364872
0.175998090428944820029499851444
0.176971799687423186897561322439
0.177945508949372804829991423503
0.178919218214719982773530659870
0.179892927483392195409095393188
0.180866636755318527240987691584
0.181840346030429172996534248341
0.182814055308655715181842538186
0.183787764589930846526044661005
0.184761473874188453248024188724
0.185735183161363698323143012203
0.186708892451392771683060800569
0.187682601744212945726886232478
0.188656311039762547565601380484
0.189630020337981042288788557926
0.190603729638808727653298547011
0.191577438942186983883431139475
0.192551148248058079381905827177
0.193524857556365198485437417730
0.194498566867052441464736034504
0.195472276180064769013355885363
0.196445985495347863469817184523
0.197419694812848434128937924470
0.198393404132513745397048410268
0.199367113454291949858898647108
0.200340822778131977255355877787
0.201314532103983395705526504571
0.202288241431796439462331704817
0.203261950761522119934809893493
0.204235660093112059154663029403
0.205209369426518489776256615187
0.206183078761694255076619697320
0.207156788098592836711020481744
0.208130497437168271446239486977
0.209104206777375234427296391004
0.210077916119168761621693874986
0.211051625462504527375173779546
0.212025334807338761144990257890
0.212999044153628108722031697653
0.213972753501329687741971952164
0.214946462850401143196421571702
0.215920172200800453143898494091
0.216893881552486095243281738476
0.217867590905417018998235789695
0.218841300259552423712605673245
0.219815009614851952779446264685
0.220788718971275804703324752154
0.221762428328784122477657092531
0.222736137687337770740825249050
0.223709847046897836175816109971
0.224683556407425627510221488592
0.225657265768882814294116201381
0.226630975131231371388906836728
0.227604684494433551211756139310
0.228578393858451855980007394464
0.229552103223249009955608812561
0.230525812588787987200689144629
0.231499521955032094844284529245
0.232473231321944695526582336242
0.233446940689489429443526091745
0.234420650057630214346815478166
0.235394359426330967988150177916
0.236368068795555913430561645328
0.237341778165269384759383797245
0.238315487535435910348979859918
0.239289196906020046329288675224
0.240262906276986654141580856958
0.241236615648300511960400172029
0.242210325019926620004895312377
0.243184034391830061760941816829
0.244157743763976003981142071098
0.245131453136329641173674076526
0.246105162508856278869018296973
0.247078871881521222597655196296
0.248052581254289861156792085239
0.249026290627127666610363121436
0.250000000000000000000000000000
0.250973709372872333389636878564
0.251947418745710194354359146018
0.252921128118478832913496034962
0.253894837491143776642132934285
0.254868546863670386581901539103
0.255842256236024023774433544531
0.256815965608169938239058183171
0.257789674980073379995104687623
0.258763384351699543550751059229
0.259737093723013401369570374300
0.260710803093979981426286940405
0.261684512464564089651020140082
0.262658221834730642996191818384
0.263631931204444114325013970301
0.264605640573669087523001053341
0.265579349942369813408760137463
0.266553059310510598312049523884
0.267526768678055304473417663758
0.268500478044967960666866702013
0.269474187411212040554886471000
0.270447896776751017799966803068
0.271421606141548199531143836793
0.272395315505566504299395091948
0.273369024868768628611093163272
0.274342734231117213461459414248
0.275316443592574455756505358295
0.276290152953102219335335121286
0.277263862312662201503599135322
0.278237571671215933033494138726
0.279211281028724278563402094733
0.280184990385148047220553735315
0.281158699740447604042969942384
0.282132409094582981001764210305
0.283106118447513932512293877153
0.284079827799199602367252737167
0.285053537149598912314729659556
0.286027246498670340013603663465
0.287000955846371919033543917976
0.287974665192661238855009742110
0.288948374537495500380401836082
0.289922083880831293889457356272
0.290895793222624821083854840253
0.291869502562831728553760513023
0.292843211901407218800130749514
0.293816921238305772678955918309
0.294790630573481537979319000442
0.295764339906887940845336970597
0.296738049238477907820765722136
0.297711758568203588293243910812
0.298685467896016632050049111058
0.299659177221868022744644122213
0.300632886545708077896676968521
0.301606595867486337869678436618
0.302580305187151621382213306788
0.303554014504652136530182815477
0.304527723819935258742219730266
0.305501433132947586290839581125
0.306475142443634829270138197899
0.307448851751941976129245404081
0.308422561057813016116568860525
0.309396270361191272346701452989
0.310369979662019013222362673332
0.311343688960237452434398619516
0.312317398255787082028689383151
0.313291107548607283828090430688
0.314264816838636329432432603426
0.315238526125811546751975811276
0.316212235410069208985106570253
0.317185944691344312573733077443
0.318159653969570799247890136030
0.319133363244681500514587924044
0.320107072516607804590904606812
0.321080781785280044982044955759
0.322054491050627222925584192126
0.323028200312576840858014293190
0.324001909571055235481651379814
0.324975618825987078164274635128
0.325949328077295930050638617104
0.326923037324903464906356020947
0.327896746568730135251712454192
0.328870455808694506227851661606
0.329844165044713699685985375254
0.330817874276703005609334695691
0.331791583504575993135432554482
0.332765292728244621578426176711
0.333739001947618685317564768411
0.334712711162606257886409366620
0.335686420373113192372471758063
0.336660129579043621017575560472
0.337633838780299566639797603784
0.338607547976780554055409311331
0.339581257168384109679237781165
0.340554966355005483968909629766
0.341528675536537373869094835754
0.342502384712870089344960433664
0.343476093883891497871019282684
0.344449803049486746875373910370
0.345423512209538263739716512646
0.346397221363925811310480185057
0.347370930512526099320780303970
0.348344639655212895412716989085
0.349318348791857025137375103441
0.350292057922325927865614403345
0.351265767046484045366128157184
0.352239476164192044649325907812
0.353213185275307428589997016388
0.354186894379683758771193424764
0.355160603477171099573439505548
0.356134312567615518574370980787
0.357108021650859031037583690704
0.358081730726739544401482362446
0.359055439795090580723524453788
0.360029148855741387702522615655
0.361002857908516439078283610797
0.361976566953235379120457082536
0.362950275989713133650838017275
0.363923985017759132887249506894
0.364897694037177866555055061326
0.365871403047768051219890139691
0.366845112049322796821115844068
0.367818821041629329116062763205
0.368792530024468601101972353717
0.369766238997615126482543246311
0.370739947960837035179082477043
0.371713656913895296174388249710
0.372687365856543995068506092139
0.373661074788529612433762849832
0.374634783709591023814766685973
0.375608492619459000128046000100
0.376582201517855985617444503077
0.377555910404495875809516292065
0.378529619279083295868559844166
0.379503328141313767130071710199
0.380477036990872929944629277088
0.381450745827436266122134611578
0.382424454650668543820302147651
0.383398163460223651011204992756
0.384371872255743984858611383970
0.385345581036859730073018681651
0.386319289803188747889350906917
0.387292998554335965444295197813
0.388266707289892432086730877927
0.389240416009435097333124531360
0.390214124712525978200261533857
0.391187833398711770627187434002
0.392161542067522572718729634289
0.393135250718472051278951084896
0.394108959351055665454310883433
0.395082667964750500200210581170
0.396056376559014211569120789136
0.397030085133283971998707784223
0.398003793686975804178018734092
0.398977502219483248779852146981
0.399951210730176365260035709071
0.400924919218400677145552890579
0.401898627683475839766913395579
0.402872336124694363501674843064
0.403846044541320392529115679281
0.404819752932588039495698239989
0.405793461297699720180531812730
0.406767169635824765716591855380
0.407740877946097979300787983448
0.408714586227616805125251175923
0.409688294479440495710065306412
0.410662002700586892256495730180
0.411635710890031092379359733968
0.412609419046702619038313741839
0.413583127169482811513745446064
0.414556835257202160871514706741
0.415530543308637423383089526396
0.416504251322508511901077099537
0.417477959297475109678998705931
0.418451667232132951124157216327
0.419425375125009880505899673153
0.420399082974562465775392183787
0.421372790779170280917043100999
0.422346498537132242212521759939
0.423320206246660779569879196060
0.424293913905876785008786100661
0.425267621512803173366989994975
0.426241329065358776073679791807
0.427215036561351013677523269507
0.428188743998468734908158239705
0.429162451374273890003507858637
0.430136158686192759947886088412
0.431109865931506075487078533115
0.432083573107338858587667118627
0.433057280210649320206783841058
0.434030987238215759660420189903
0.435004694186624130125551346282
0.435978401052252551028942662015
0.436952107831255709413653676165
0.437925814519547318415249037571
0.438899521112780577336565102087
0.439873227606327354965998210901
0.440846933995255263472046181050
0.441820640274301457139927151729
0.442794346437845653952081192983
0.443768052479877939120456176170
0.444741758393965291862315325488
0.445715464173213282705887650081
0.446689169810223940526583419341
0.447662875297049456246867293885
0.448636580625138947642227549295
0.449610285785281449388861574334
0.450583990767540021327164367904
0.451557695561178917831313128772
0.452531400154582430506167156636
0.453505104535161573942048107710
0.454478808689251112529206011459
0.455452512601990711083033147588
0.456426216257193151371041039965
0.457399919637190788268554797469
0.458373622722664020301408527303
0.459347325492442448702234969460
0.460321027923278669469198121078
0.461294729989585927665274311948
0.462268431663138024134696024703
0.463242132912717985426809264027
0.464215833703712388302875524460
0.465189533997636628370742073457
0.466163233751576755459211653942
0.467136932917535274700782110813
0.468110631441653934903257550104
0.469084329263291577305494683969
0.470058026313921628602798818974
0.471031722515807438345092350573
0.472005417780401725913463906181
0.472979112006397695022741345383
0.473952805077348104934031880475
0.474926496858724844774002349368
0.475900187194268908807970319685
0.476873875901418164957590306585
0.477847562765531919115602477177
0.478821247532519589373833923673
0.479794929899344302359764924404
0.480768609501642130155119048140
0.481742285897383104575908419065
0.482715958545019585557156460709
0.483689626773813774462951187161
0.484663289742882641419896572188
0.485636946383610212940595829423
0.486610595316980865110423337683
0.487584234732101384768299112693
0.488557862202858572686636762228
0.489531474402557675862368569142
0.490505066643619924704466939147
0.491478632103055090851739805657
0.492452160451642972915919926891
0.493425635273235574373984491103
0.494399028816146335341130679808
0.495372290199261156029564290293
0.496345315100200412672393213143
0.497317851303072766544488558793
0.498289099165185378481623956759
0.499254644957545623551453672917
0.000000000000000000000000000000
0.000974658869395711555290440220
0.001949317738791423110580880440
0.002923976608187134340610668914
0.003898635477582846221161760880
0.004873294346978558101712852846
0.005847953216374268681221337829
0.006822612085769980995453298789
0.007797270955165692442323521760
0.008771929824561403021832006743
0.009746588693957116203425705692
0.010721247563352825915572452686
0.011695906432748537362442675658
0.012670565302144248809312898629
0.013645224171539961990906597578
0.014619883040935673437776820549
0.015594541910331384884647043521
0.016569200779727094596793790515
0.017543859649122806043664013487
0.018518518518518520959981188412
0.019493177387914232406851411383
0.020467836257309943853721634355
0.021442495126705651831144905373
0.022417153996101363278015128344
0.023391812865497074724885351316
0.024366471734892789641202526241
0.025341130604288497618625797259
0.026315789473684212534942972184
0.027290448343079923981813195155
0.028265107212475635428683418127
0.029239766081871346875553641098
0.030214424951267058322423864070
0.031189083820662769769294087041
0.032163742690058477746717358059
0.033138401559454189193587581030
0.034113060428849900640457804002
0.035087719298245612087328026973
0.036062378167641323534198249945
0.037037037037037041919962376824
0.038011695906432753366832599795
0.038986354775828464813702822767
0.039961013645224176260573045738
0.040935672514619887707443268710
0.041910331384015592215419587774
0.042884990253411303662289810745
0.043859649122807015109160033717
0.044834307992202726556030256688
0.045808966861598438002900479660
0.046783625730994149449770702631
0.047758284600389867835534829510
0.048732943469785579282405052481
0.049707602339181283790381371546
0.050682261208576995237251594517
0.051656920077972706684121817489
0.052631578947368425069885944367
0.053606237816764136516756167339
0.054580896686159847963626390310
0.055555555555555559410496613282
0.056530214424951270857366836253
0.057504873294346982304237059225
0.058479532163742693751107282196
0.059454191033138405197977505168
0.060428849902534116644847728139
0.061403508771929828091717951111
0.062378167641325539538588174082
0.063352826510721244046564493146
0.064327485380116955493434716118
0.065302144249512666940304939089
0.066276803118908378387175162061
0.067251461988304089834045385032
0.068226120857699801280915608004
0.069200779727095512727785830975
0.070175438596491224174656053947
0.071150097465886935621526276918
0.072124756335282647068396499890
0.073099415204678372393054530676
0.074074074074074083839924753647
0.075048732943469795286794976619
0.076023391812865506733665199590
0.076998050682261218180535422562
0.077972709551656929627405645533
0.078947368421052641074275868505
0.079922027290448352521146091476
0.080896686159844063968016314448
0.081871345029239775414886537419
0.082846003898635472983968952576
0.083820662768031184430839175548
0.084795321637426895877709398519
0.085769980506822607324579621491
0.086744639376218318771449844462
0.087719298245614030218320067434
0.088693957115009741665190290405
0.089668615984405453112060513376
0.090643274853801164558930736348
0.091617933723196876005800959319
0.092592592592592587452671182291
0.093567251461988298899541405262
0.094541910331384024224199436048
0.095516569200779735671069659020
0.096491228070175447117939881991
0.097465886939571158564810104963
0.098440545808966856133892520120
0.099415204678362567580762743091
0.100389863547758279027632966063
0.101364522417153990474503189034
0.102339181286549701921373412006
0.103313840155945413368243634977
0.104288499025341138692901665763
0.105263157894736850139771888735
0.106237816764132561586642111706
0.107212475633528273033512334678
0.108187134502923984480382557649
0.109161793372319695927252780621
0.110136452241715407374123003592
0.111111111111111118820993226564
0.112085769980506830267863449535
0.113060428849902541714733672507
0.114035087719298253161603895478
0.115009746588693964608474118450
0.115984405458089676055344341421
0.116959064327485387502214564392
0.117933723196881098949084787364
0.118908382066276810395955010335
0.119883040935672521842825233307
0.120857699805068233289695456278
0.121832358674463944736565679250
0.122807017543859656183435902221
0.123781676413255367630306125193
0.124756335282651079077176348164
0.125730994152046776646258763321
0.126705653021442488093128986293
0.127680311890838199539999209264
0.128654970760233910986869432236
0.129629629629629622433739655207
0.130604288499025333880609878179
0.131578947368421045327480101150
0.132553606237816756774350324122
0.133528265107212468221220547093
0.134502923976608179668090770065
0.135477582846003891114960993036
0.136452241715399602561831216008
0.137426900584795314008701438979
0.138401559454191025455571661951
0.139376218323586736902441884922
0.140350877192982448349312107894
0.141325536062378159796182330865
0.142300194931773871243052553837
0.143274853801169582689922776808
0.144249512670565294136792999780
0.145224171539961005583663222751
0.146198830409356744786109061351
0.147173489278752456232979284323
0.148148148148148167679849507294
0.149122807017543879126719730266
0.150097465886939590573589953237
0.151072124756335302020460176209
0.152046783625731013467330399180
0.153021442495126724914200622152
0.153996101364522436361070845123
0.154970760233918147807941068095
0.155945419103313859254811291066
0.156920077972709570701681514038
0.157894736842105282148551737009
0.158869395711500993595421959981
0.159844054580896705042292182952
0.160818713450292416489162405924
0.161793372319688127936032628895
0.162768031189083839382902851867
0.163742690058479550829773074838
0.164717348927875234521067682181
0.165692007797270945967937905152
0.166666666666666657414808128124
0.167641325536062368861678351095
0.168615984405458080308548574067
0.169590643274853791755418797038
0.170565302144249503202289020010
0.171539961013645214649159242981
0.172514619883040926096029465953
0.173489278752436637542899688924
0.174463937621832348989769911896
0.175438596491228060436640134867
0.176413255360623771883510357839
0.177387914230019483330380580810
0.178362573099415194777250803781
0.179337231968810906224121026753
0.180311890838206617670991249724
0.181286549707602329117861472696
0.182261208576998040564731695667
0.183235867446393752011601918639
0.184210526315789463458472141610
0.185185185185185174905342364582
0.186159844054580886352212587553
0.187134502923976597799082810525
0.188109161793372337001528649125
0.189083820662768048448398872097
0.190058479532163759895269095068
0.191033138401559471342139318040
0.192007797270955182789009541011
0.192982456140350894235879763983
0.193957115009746605682749986954
0.194931773879142317129620209926
0.195906432748538028576490432897
0.196881091617933712267785040240
0.197855750487329451470230878840
0.198830409356725135161525486183
0.199805068226120874363971324783
0.200779727095516558055265932126
0.201754385964912297257711770726
0.202729044834307980949006378069
0.203703703703703720151452216669
0.204678362573099403842746824012
0.205653021442495143045192662612
0.206627680311890826736487269955
0.207602339181286565938933108555
0.208576998050682277385803331526
0.209551656920077988832673554498
0.210526315789473700279543777469
0.211500974658869411726414000441
0.212475633528265123173284223412
0.213450292397660806864578830755
0.214424951267056546067024669355
0.215399610136452229758319276698
0.216374269005847968960765115298
0.217348927875243652652059722641
0.218323586744639391854505561241
0.219298245614035075545800168584
0.220272904483430814748246007184
0.221247563352826498439540614527
0.222222222222222237641986453127
0.223196881091617921333281060470
0.224171539961013660535726899070
0.225146198830409344227021506413
0.226120857699805083429467345013
0.227095516569200767120761952356
0.228070175438596506323207790956
0.229044834307992190014502398299
0.230019493177387929216948236899
0.230994152046783612908242844242
0.231968810916179352110688682842
0.232943469785575035801983290185
0.233918128654970775004429128785
0.234892787524366458695723736128
0.235867446393762197898169574728
0.236842105263157881589464182071
0.237816764132553620791910020671
0.238791423001949304483204628013
0.239766081871345043685650466614
0.240740740740740727376945073956
0.241715399610136466579390912557
0.242690058479532150270685519899
0.243664717348927889473131358500
0.244639376218323573164425965842
0.245614035087719312366871804443
0.246588693957114996058166411785
0.247563352826510735260612250386
0.248538011695906418951906857728
0.249512670565302158154352696329
0.250487329434697869601222919300
0.251461988304093553292517526643
0.252436647173489292494963365243
0.253411306042884976186257972586
0.254385964912280715388703811186
0.255360623781676399079998418529
0.256335282651072138282444257129
0.257309941520467821973738864472
0.258284600389863561176184703072
0.259259259259259244867479310415
0.260233918128654984069925149015
0.261208576998050667761219756358
0.262183235867446406963665594958
0.263157894736842090654960202301
0.264132553606237829857406040901
0.265107212475633513548700648244
0.266081871345029252751146486844
0.267056530214424936442441094187
0.268031189083820675644886932787
0.269005847953216359336181540129
0.269980506822612098538627378730
0.270955165692007782229921986072
0.271929824561403521432367824673
0.272904483430799205123662432015
0.273879142300194944326108270616
0.274853801169590628017402877958
0.275828460038986367219848716559
0.276803118908382050911143323901
0.277777777777777790113589162502
0.278752436647173473804883769844
0.279727095516569213007329608445
0.280701754385964896698624215787
0.281676413255360635901070054388
0.282651072124756319592364661730
0.283625730994152058794810500331
0.284600389863547742486105107673
0.285575048732943481688550946274
0.286549707602339165379845553616
0.287524366471734904582291392217
0.288499025341130588273585999559
0.289473684210526327476031838160
0.290448343079922011167326445502
0.291423001949317750369772284103
0.292397660818713489572218122703
0.293372319688109173263512730045
0.294346978557504912465958568646
0.295321637426900596157253175988
0.296296296296296335359699014589
0.297270955165692019050993621931
0.298245614035087758253439460532
0.299220272904483441944734067874
0.300194931773879181147179906475
0.301169590643274864838474513817
0.302144249512670604040920352418
0.303118908382066287732214959760
0.304093567251462026934660798361
0.305068226120857710625955405703
0.306042884990253449828401244304
0.307017543859649133519695851646
0.307992202729044872722141690247
0.308966861598440556413436297589
0.309941520467836295615882136190
0.310916179337231979307176743532
0.311890838206627718509622582133
0.312865497076023402200917189475
0.313840155945419141403363028076
0.314814814814814825094657635418
0.315789473684210564297103474019
0.316764132553606247988398081361
0.317738791423001987190843919961
0.318713450292397670882138527304
0.319688109161793410084584365904
0.320662768031189093775878973247
0.321637426900584832978324811847
0.322612085769980516669619419190
0.323586744639376255872065257790
0.324561403508771939563359865133
0.325536062378167678765805703733
0.326510721247563362457100311076
0.327485380116959101659546149676
0.328460038986354785350840757019
0.329434697855750469042135364361
0.330409356725146208244581202962
0.331384015594541891935875810304
0.332358674463937631138321648905
0.333333333333333314829616256247
0.334307992202729054032062094848
0.335282651072124737723356702190
0.336257309941520476925802540791
0.337231968810916160617097148133
0.338206627680311899819542986734
0.339181286549707583510837594076
0.340155945419103322713283432677
0.341130604288499006404578040019
0.342105263157894745607023878620
0.343079922027290429298318485962
0.344054580896686168500764324563
0.345029239766081852192058931905
0.346003898635477591394504770506
0.346978557504873275085799377848
0.347953216374269014288245216449
0.348927875243664697979539823791
0.349902534113060437181985662392
0.350877192982456120873280269734
0.351851851851851860075726108334
0.352826510721247543767020715677
0.353801169590643282969466554277
0.354775828460038966660761161620
0.355750487329434705863207000220
0.356725146198830389554501607563
0.357699805068226128756947446163
0.358674463937621812448242053506
0.359649122807017551650687892106
0.360623781676413235341982499449
0.361598440545808974544428338049
0.362573099415204658235722945392
0.363547758284600397438168783992
0.364522417153996081129463391335
0.365497076023391820331909229935
0.366471734892787504023203837278
0.367446393762183243225649675878
0.368421052631578926916944283221
0.369395711500974666119390121821
0.370370370370370349810684729164
0.371345029239766089013130567764
0.372319688109161772704425175107
0.373294346978557511906871013707
0.374269005847953195598165621050
0.375243664717348934800611459650
0.376218323586744674003057298250
0.377192982456140357694351905593
0.378167641325536096896797744193
0.379142300194931780588092351536
0.380116959064327519790538190136
0.381091617933723203481832797479
0.382066276803118942684278636079
0.383040935672514626375573243422
0.384015594541910365578019082022
0.384990253411306049269313689365
0.385964912280701788471759527965
0.386939571150097472163054135308
0.387914230019493211365499973908
0.388888888888888895056794581251
0.389863547758284634259240419851
0.390838206627680317950535027194
0.391812865497076057152980865794
0.392787524366471740844275473137
0.393762183235867424535570080479
0.394736842105263219249167150338
0.395711500974658902940461757680
0.396686159844054586631756365023
0.397660818713450270323050972365
0.398635477582846065036648042224
0.399610136452241748727942649566
0.400584795321637432419237256909
0.401559454191033116110531864251
0.402534113060428910824128934109
0.403508771929824594515423541452
0.404483430799220278206718148795
0.405458089668615961898012756137
0.406432748538011756611609825995
0.407407407407407440302904433338
0.408382066276803123994199040681
0.409356725146198807685493648023
0.410331384015594602399090717881
0.411306042884990286090385325224
0.412280701754385969781679932566
0.413255360623781653472974539909
0.414230019493177392675420378509
0.415204678362573131877866217110
0.416179337231968815569160824452
0.417153996101364554771606663053
0.418128654970760238462901270395
0.419103313840155977665347108996
0.420077972709551661356641716338
0.421052631578947400559087554939
0.422027290448343084250382162281
0.423001949317738823452828000882
0.423976608187134507144122608224
0.424951267056530246346568446825
0.425925925925925930037863054167
0.426900584795321613729157661510
0.427875243664717352931603500110
0.428849902534113092134049338711
0.429824561403508775825343946053
0.430799220272904459516638553396
0.431773879142300198719084391996
0.432748538011695937921530230597
0.433723196881091621612824837939
0.434697855750487305304119445282
0.435672514619883044506565283882
0.436647173489278783709011122482
0.437621832358674467400305729825
0.438596491228070151091600337168
0.439571150097465890294046175768
0.440545808966861629496492014368
0.441520467836257313187786621711
0.442495126705652996879081229054
0.443469785575048680570375836396
0.444444444444444475283972906254
0.445419103313840158975267513597
0.446393762183235842666562120939
0.447368421052631526357856728282
0.448343079922027321071453798140
0.449317738791423004762748405483
0.450292397660818688454043012825
0.451267056530214372145337620168
0.452241715399610166858934690026
0.453216374269005850550229297369
0.454191033138401534241523904711
0.455165692007797217932818512054
0.456140350877193012646415581912
0.457115009746588696337710189255
0.458089668615984380029004796597
0.459064327485380174742601866456
0.460038986354775858433896473798
0.461013645224171542125191081141
0.461988304093567225816485688483
0.462962962962963020530082758341
0.463937621832358704221377365684
0.464912280701754387912671973027
0.465886939571150071603966580369
0.466861598440545866317563650227
0.467836257309941550008858257570
0.468810916179337233700152864913
0.469785575048732917391447472255
0.470760233918128712105044542113
0.471734892787524395796339149456
0.472709551656920079487633756798
0.473684210526315763178928364141
0.474658869395711557892525433999
0.475633528265107241583820041342
0.476608187134502925275114648684
0.477582846003898608966409256027
0.478557504873294403680006325885
0.479532163742690087371300933228
0.480506822612085771062595540570
0.481481481481481454753890147913
0.482456140350877249467487217771
0.483430799220272933158781825114
0.484405458089668616850076432456
0.485380116959064300541371039799
0.486354775828460095254968109657
0.487329434697855778946262717000
0.488304093567251462637557324342
0.489278752436647146328851931685
0.490253411306042941042449001543
0.491228070175438624733743608886
0.492202729044834308425038216228
0.493177387914229992116332823571
0.494152046783625786829929893429
0.495126705653021470521224500771
0.496101364522417154212519108114
0.497076023391812837903813715457
0.498050682261208632617410785315
0.499025341130604316308705392657
0.500000000000000000000000000000
0.500974658869395739202445838600
0.501949317738791478404891677201
0.502923976608187106585035053286
0.503898635477582845787480891886
0.504873294346978584989926730486
0.505847953216374324192372569087
0.506822612085769952372515945171
0.507797270955165691574961783772
0.508771929824561430777407622372
0.509746588693957169979853460973
0.510721247563352798159996837057
0.511695906432748537362442675658
0.512670565302144276564888514258
0.513645224171540015767334352859
0.514619883040935643947477728943
0.515594541910331383149923567544
0.516569200779727122352369406144
0.517543859649122861554815244745
0.518518518518518489734958620829
0.519493177387914228937404459430
0.520467836257309968139850298030
0.521442495126705707342296136630
0.522417153996101335522439512715
0.523391812865497074724885351316
0.524366471734892813927331189916
0.525341130604288553129777028516
0.526315789473684181309920404601
0.527290448343079920512366243202
0.528265107212475659714812081802
0.529239766081871398917257920402
0.530214424951267027097401296487
0.531189083820662766299847135087
0.532163742690058505502292973688
0.533138401559454244704738812288
0.534113060428849872884882188373
0.535087719298245612087328026973
0.536062378167641351289773865574
0.537037037037037090492219704174
0.538011695906432718672363080259
0.538986354775828457874808918859
0.539961013645224197077254757460
0.540935672514619936279700596060
0.541910331384015564459843972145
0.542884990253411414684592273261
0.543859649122807042864735649346
0.544834307992202782067181487946
0.545808966861598410247324864031
0.546783625730994149449770702631
0.547758284600389888652216541232
0.548732943469785627854662379832
0.549707602339181256034805755917
0.550682261208576995237251594517
0.551656920077972734439697433118
0.552631578947368473642143271718
0.553606237816764101822286647803
0.554580896686159841024732486403
0.555555555555555580227178325003
0.556530214424951319429624163604
0.557504873294346947609767539689
0.558479532163742686812213378289
0.559454191033138426014659216889
0.560428849902534165217105055490
0.561403508771929793397248431575
0.562378167641325532599694270175
0.563352826510721271802140108775
0.564327485380117011004585947376
0.565302144249512639184729323460
0.566276803118908378387175162061
0.567251461988304117589621000661
0.568226120857699856792066839262
0.569200779727095484972210215346
0.570175438596491224174656053947
0.571150097465886963377101892547
0.572124756335282702579547731148
0.573099415204678330759691107232
0.574074074074074069962136945833
0.575048732943469809164582784433
0.576023391812865437344726160518
0.576998050682261176547171999118
0.577972709551656915749617837719
0.578947368421052654952063676319
0.579922027290448283132207052404
0.580896686159844022334652891004
0.581871345029239761537098729605
0.582846003898635500739544568205
0.583820662768031128919687944290
0.584795321637426979144436245406
0.585769980506822607324579621491
0.586744639376218346527025460091
0.587719298245613974707168836176
0.588693957115009824931917137292
0.589668615984405453112060513376
0.590643274853801192314506351977
0.591617933723196820494649728062
0.592592592592592670719398029178
0.593567251461988298899541405262
0.594541910331384038101987243863
0.595516569200779666282130619948
0.596491228070175516506878921064
0.597465886939571144687022297148
0.598440545808966883889468135749
0.599415204678362512069611511834
0.600389863547758362294359812950
0.601364522417153990474503189034
0.602339181286549729676949027635
0.603313840155945357857092403719
0.604288499025341208081840704835
0.605263157894736836261984080920
0.606237816764132575464429919521
0.607212475633528203644573295605
0.608187134502924053869321596721
0.609161793372319682049464972806
0.610136452241715421251910811407
0.611111111111111049432054187491
0.612085769980506899656802488607
0.613060428849902527836945864692
0.614035087719298267039391703292
0.615009746588693895219535079377
0.615984405458089745444283380493
0.616959064327485373624426756578
0.617933723196881112826872595178
0.618908382066276741007015971263
0.619883040935672591231764272379
0.620857699805068219411907648464
0.621832358674463958614353487064
0.622807017543859586794496863149
0.623781676413255437019245164265
0.624756335282651065199388540350
0.625730994152046804401834378950
0.626705653021442543604280217551
0.627680311890838282806726056151
0.628654970760233910986869432236
0.629629629629629650189315270836
0.630604288499025389391761109437
0.631578947368421128594206948037
0.632553606237816756774350324122
0.633528265107212495976796162722
0.634502923976608235179242001323
0.635477582846003974381687839923
0.636452241715399602561831216008
0.637426900584795341764277054608
0.638401559454191080966722893208
0.639376218323586820169168731809
0.640350877192982448349312107894
0.641325536062378187551757946494
0.642300194931773926754203785094
0.643274853801169665956649623695
0.644249512670565294136792999780
0.645224171539961033339238838380
0.646198830409356772541684676980
0.647173489278752511744130515581
0.648148148148148139924273891666
0.649122807017543879126719730266
0.650097465886939618329165568866
0.651072124756335357531611407467
0.652046783625730985711754783551
0.653021442495126724914200622152
0.653996101364522464116646460752
0.654970760233918203319092299353
0.655945419103313831499235675437
0.656920077972709570701681514038
0.657894736842105309904127352638
0.658869395711500938084270728723
0.659844054580896677286716567323
0.660818713450292416489162405924
0.661793372319688155691608244524
0.662768031189083783871751620609
0.663742690058479523074197459209
0.664717348927875262276643297810
0.665692007797271001479089136410
0.666666666666666629659232512495
0.667641325536062368861678351095
0.668615984405458108064124189696
0.669590643274853847266570028296
0.670565302144249475446713404381
0.671539961013645214649159242981
0.672514619883040953851605081582
0.673489278752436693054050920182
0.674463937621832321234194296267
0.675438596491228060436640134867
0.676413255360623799639085973467
0.677387914230019538841531812068
0.678362573099415167021675188153
0.679337231968810906224121026753
0.680311890838206645426566865353
0.681286549707602384629012703954
0.682261208576998012809156080039
0.683235867446393752011601918639
0.684210526315789491214047757239
0.685185185185185230416493595840
0.686159844054580858596636971924
0.687134502923976597799082810525
0.688109161793372337001528649125
0.689083820662768076203974487726
0.690058479532163704384117863810
0.691033138401559443586563702411
0.692007797270955182789009541011
0.692982456140350921991455379612
0.693957115009746550171598755696
0.694931773879142289374044594297
0.695906432748538028576490432897
0.696881091617933767778936271498
0.697855750487329395959079647582
0.698830409356725135161525486183
0.699805068226120874363971324783
0.700779727095516613566417163383
0.701754385964912241746560539468
0.702729044834307980949006378069
0.703703703703703720151452216669
0.704678362573099459353898055269
0.705653021442495087534041431354
0.706627680311890826736487269955
0.707602339181286565938933108555
0.708576998050682305141378947155
0.709551656920077933321522323240
0.710526315789473783546270624356
0.711500974658869411726414000441
0.712475633528265150928859839041
0.713450292397660779109003215126
0.714424951267056629333751516242
0.715399610136452257513894892327
0.716374269005847996716340730927
0.717348927875243624896484107012
0.718323586744639475121232408128
0.719298245614035103301375784213
0.720272904483430842503821622813
0.721247563352826470683964998898
0.722222222222222320908713300014
0.723196881091617949088856676099
0.724171539961013688291302514699
0.725146198830409316471445890784
0.726120857699805166696194191900
0.727095516569200794876337567985
0.728070175438596534078783406585
0.729044834307992162258926782670
0.730019493177388012483675083786
0.730994152046783640663818459871
0.731968810916179379866264298471
0.732943469785575008046407674556
0.733918128654970858271155975672
0.734892787524366486451299351756
0.735867446393762225653745190357
0.736842105263157853833888566442
0.737816764132553704058636867558
0.738791423001949332238780243642
0.739766081871345071441226082243
0.740740740740740699621369458328
0.741715399610136438823815296928
0.742690058479532178026261135528
0.743664717348927917228706974129
0.744639376218323545408850350213
0.745614035087719284611296188814
0.746588693957115023813742027414
0.747563352826510763016187866015
0.748538011695906391196331242099
0.749512670565302130398777080700
0.750487329434697869601222919300
0.751461988304093608803668757901
0.752436647173489348006114596501
0.753411306042884976186257972586
0.754385964912280715388703811186
0.755360623781676454591149649787
0.756335282651072193793595488387
0.757309941520467821973738864472
0.758284600389863561176184703072
0.759259259259259300378630541672
0.760233918128655039581076380273
0.761208576998050667761219756358
0.762183235867446406963665594958
0.763157894736842146166111433558
0.764132553606237885368557272159
0.765107212475633513548700648244
0.766081871345029252751146486844
0.767056530214424991953592325444
0.768031189083820731156038164045
0.769005847953216359336181540129
0.769980506822612098538627378730
0.770955165692007726718770754815
0.771929824561403576943519055931
0.772904483430799205123662432015
0.773879142300194944326108270616
0.774853801169590572506251646701
0.775828460038986422730999947817
0.776803118908382050911143323901
0.777777777777777790113589162502
0.778752436647173418293732538586
0.779727095516569268518480839703
0.780701754385964896698624215787
0.781676413255360635901070054388
0.782651072124756264081213430472
0.783625730994152114305961731588
0.784600389863547742486105107673
0.785575048732943481688550946274
0.786549707602339109868694322358
0.787524366471734849071140160959
0.788499025341130588273585999559
0.789473684210526438498334300675
0.790448343079922066678477676760
0.791423001949317805880923515360
0.792397660818713434061066891445
0.793372319688109173263512730045
0.794346978557504801443656106130
0.795321637426900540646101944731
0.796296296296296390870850245847
0.797270955165692130073296084447
0.798245614035087758253439460532
0.799220272904483497455885299132
0.800194931773879125636028675217
0.801169590643274864838474513817
0.802144249512670493018617889902
0.803118908382066232221063728502
0.804093567251462082445812029619
0.805068226120857821648257868219
0.806042884990253449828401244304
0.807017543859649189030847082904
0.807992202729044817210990458989
0.808966861598440556413436297589
0.809941520467836184593579673674
0.810916179337231923796025512274
0.811890838206627774020773813390
0.812865497076023513223219651991
0.813840155945419141403363028076
0.814814814814814880605808866676
0.815789473684210508785952242761
0.816764132553606247988398081361
0.817738791423001876168541457446
0.818713450292397615370987296046
0.819688109161793465595735597162
0.820662768031189204798181435763
0.821637426900584832978324811847
0.822612085769980572180770650448
0.823586744639376200360914026533
0.824561403508771939563359865133
0.825536062378167567743503241218
0.826510721247563306945949079818
0.827485380116959157170697380934
0.828460038986354785350840757019
0.829434697855750524553286595619
0.830409356725146263755732434220
0.831384015594541891935875810304
0.832358674463937631138321648905
0.833333333333333259318465024990
0.834307992202729109543213326106
0.835282651072124848745659164706
0.836257309941520476925802540791
0.837231968810916216128248379391
0.838206627680311955330694217992
0.839181286549707583510837594076
0.840155945419103322713283432677
0.841130604288498950893426808761
0.842105263157894801118175109877
0.843079922027290540320620948478
0.844054580896686168500764324563
0.845029239766081907703210163163
0.846003898635477646905656001763
0.846978557504873275085799377848
0.847953216374269014288245216449
0.848927875243664642468388592533
0.849902534113060492693136893649
0.850877192982456231895582732250
0.851851851851851860075726108334
0.852826510721247599278171946935
0.853801169590643227458315323020
0.854775828460038966660761161620
0.855750487329434705863207000220
0.856725146198830334043350376305
0.857699805068226184268098677421
0.858674463937621923470544516022
0.859649122807017551650687892106
0.860623781676413290853133730707
0.861598440545808919033277106792
0.862573099415204658235722945392
0.863547758284600397438168783992
0.864522417153996025618312160077
0.865497076023391875843060461193
0.866471734892787615045506299793
0.867446393762183243225649675878
0.868421052631578982428095514479
0.869395711500974610608238890563
0.870370370370370349810684729164
0.871345029239766089013130567764
0.872319688109161717193273943849
0.873294346978557567418022244965
0.874269005847953306620468083565
0.875243664717348934800611459650
0.876218323586744674003057298250
0.877192982456140302183200674335
0.878167641325536041385646512936
0.879142300194931780588092351536
0.880116959064327630812840652652
0.881091617933723258992984028737
0.882066276803118998195429867337
0.883040935672514626375573243422
0.884015594541910365578019082022
0.884990253411305993758162458107
0.885964912280701732960608296708
0.886939571150097361140751672792
0.887914230019493322387802436424
0.888888888888888950567945812509
0.889863547758284689770391651109
0.890838206627680317950535027194
0.891812865497076057152980865794
0.892787524366471685333124241879
0.893762183235867424535570080479
0.894736842105263052715713456564
0.895711500974659013962764220196
0.896686159844054642142907596281
0.897660818713450381345353434881
0.898635477582846009525496810966
0.899610136452241748727942649566
0.900584795321637376908086025651
0.901559454191033116110531864251
0.902534113060428744290675240336
0.903508771929824705537726003968
0.904483430799220333717869380052
0.905458089668616072920315218653
0.906432748538011701100458594738
0.907407407407407440302904433338
0.908382066276803068483047809423
0.909356725146198807685493648023
0.910331384015594435865637024108
0.911306042884990286090385325224
0.912280701754386025292831163824
0.913255360623781764495277002425
0.914230019493177392675420378509
0.915204678362573131877866217110
0.916179337231968760058009593195
0.917153996101364499260455431795
0.918128654970760349485203732911
0.919103313840155977665347108996
0.920077972709551716867792947596
0.921052631578947456070238786197
0.922027290448343084250382162281
0.923001949317738823452828000882
0.923976608187134451632971376966
0.924951267056530190835417215567
0.925925925925926041060165516683
0.926900584795321669240308892768
0.927875243664717408442754731368
0.928849902534113147645200569968
0.929824561403508775825343946053
0.930799220272904515027789784654
0.931773879142300143207933160738
0.932748538011695882410378999339
0.933723196881091732635127300455
0.934697855750487360815270676540
0.935672514619883100017716515140
0.936647173489278839220162353740
0.937621832358674467400305729825
0.938596491228070206602751568425
0.939571150097465834782894944510
0.940545808966861573985340783111
0.941520467836257424210089084227
0.942495126705653052390232460311
0.943469785575048791592678298912
0.944444444444444419772821674997
0.945419103313840158975267513597
0.946393762183235898177713352197
0.947368421052631526357856728282
0.948343079922027265560302566882
0.949317738791423115785050867999
0.950292397660818743965194244083
0.951267056530214483167640082684
0.952241715399610111347783458768
0.953216374269005850550229297369
0.954191033138401589752675135969
0.955165692007797217932818512054
0.956140350877192957135264350654
0.957115009746588807360012651770
0.958089668615984435540156027855
0.959064327485380174742601866456
0.960038986354775802922745242540
0.961013645224171542125191081141
0.961988304093567281327636919741
0.962962962962962909507780295826
0.963937621832358759732528596942
0.964912280701754498934974435542
0.965886939571150127115117811627
0.966861598440545866317563650227
0.967836257309941494497707026312
0.968810916179337233700152864913
0.969785575048732861880296240997
0.970760233918128601082742079598
0.971734892787524451307490380714
0.972709551656920190509936219314
0.973684210526315818690079595399
0.974658869395711557892525433999
0.975633528265107186072668810084
0.976608187134502925275114648684
0.977582846003898553455258024769
0.978557504873294292657703863370
0.979532163742690142882452164486
0.980506822612085882084898003086
0.981481481481481510265041379171
0.982456140350877249467487217771
0.983430799220272877647630593856
0.984405458089668616850076432456
0.985380116959064245030219808541
0.986354775828459984232665647141
0.987329434697855834457413948257
0.988304093567251573659859786858
0.989278752436647201840003162943
0.990253411306042941042449001543
0.991228070175438569222592377628
0.992202729044834308425038216228
0.993177387914229936605181592313
0.994152046783625675807627430913
0.995126705653021526032375732029
0.996101364522417265234821570630
0.997076023391812893414964946714
0.998050682261208632617410785315
0.999025341130604260797554161400
0.000028142705473466312580130624
0.000065509839122753201422731661
0.000102929853373723767182013056
0.000140350821060918686282101286
0.000177767500364851989934356080
0.000215177814893508157672100123
0.000252580185194189272765430410
0.000289973150384115489677089306
0.000327355286342025163064117788
0.000364725182719572696334736639
0.000402081435210608045382335574
0.000439422642595068758172155432
0.000476747405500840338351403735
0.000514054325854430360989710813
0.000551342006633177752344954214
0.000588609051759034261966374579
0.000625854066063247444287598320
0.000663075655287533385906506567
0.000700272426106433604903189760
0.000737442986160378555031413850
0.000774585944096084348144126697
0.000811699909611026185207727224
0.000848783493500103285167579514
0.000885835307704337885509326966
0.000922853965360374384023500749
0.000959838080850573165461736558
0.000996786269854011688570927241
0.001033697149396941086796353204
0.001070569337904351365706179244
0.001107401455250976501573645372
0.001144192122812706657875025940
0.001180939963517841024068233402
0.001217643601898438015726511274
0.001254301664141661354703871645
0.001290912778141148267024851393
0.001327475573548201172660587766
0.001363988681822896325418481567
0.001400450736285450926629780888
0.001436860372167296853729290262
0.001473216226661943186251879645
0.001509516938976111950776459736
0.001545761150380821607325243505
0.001581947504261646758952353231
0.001618074646170085915952707722
0.001654141223874008989266903846
0.001690145887408175040186875115
0.001726087289124820503202761834
0.001761964083744259768754547579
0.001797774928404975757281758497
0.001833518482713926466345921718
0.001869193408796820943251759672
0.001904798371348153697424354647
0.001940332037681161050229894371
0.001975793077777585581011887683
0.002011180164337946461861061920
0.002046491972830273044225979362
0.002081727181540665109343857253
0.002116884471622265413010000046
0.002151962527144663309131011886
0.002186960035143179978400773678
0.002221875685668062583993931369
0.002256708171833478500378777909
0.002291456189866354284379035278
0.002326118439155384649136282249
0.002360693622299426044919279377
0.002395180445156254531863249113
0.002429577616891052602166034546
0.002463883850024515664162150230
0.002498097860481174065788723127
0.002532218367637509119638661303
0.002566244094369773791342037583
0.002600173767101743131646696128
0.002634006115852672441635107248
0.002667739874284404122395386594
0.002701373779749210481126997507
0.002734906573336688510866832047
0.002768336999921199807067617726
0.002801663808208486490525235268
0.002834885750782811016795781356
0.002868001584153539573057711820
0.002901010068801653483949731793
0.002933909969226188192703563828
0.002966700053990516550844747101
0.002999379095768317689263415815
0.003031945871389620482394544609
0.003064399161886543869470767021
0.003096737752538942633345753208
0.003128960432919874069118693072
0.003161065996940858220665138134
0.003193053242897088677548778080
0.003224920973512407883221353444
0.003256667995983945906868228803
0.003288293122027150395397798732
0.003319795167919835539305228878
0.003351172954546829084454540038
0.003382425307443824406827825868
0.003413551056841447692985491713
0.003444549037709273946183952120
0.003475418089799097928760396314
0.003506157057688410669249456930
0.003536764790823942756353703842
0.003567240143564286928429263313
0.003597581975223110902634138242
0.003627789150111880144694564976
0.003657860537581956138220018460
0.003687795012067467039645896065
0.003717591453126938873252615991
0.003747248745485666152066350776
0.003776765779077043399397650703
0.003806141449084557166343545376
0.003835374655982709893309312577
0.003864464305578437734040031515
0.003893409309052043524440600564
0.003922208582997870410236096461
0.003950861049464808941178439738
0.003979365635996872686830361232
0.004007721275673056110511183192
0.004035926907147489514637861419
0.004063981474689085278406697199
0.004091883928220976796019670019
0.004119633223359943537122962454
0.004147228321455470080592053961
0.004174668189628568358562343832
0.004201951800810426428112176467
0.004229078133781067651286722509
0.004256046173207204963429006739
0.004282854909680627701618060854
0.004309503339755640406727454916
0.004335990465986913622309373295
0.004362315296966625191577016096
0.004388476847361611962727856451
0.004414474137950322001067160471
0.004440306195659422458521525812
0.004465972053600137693651905835
0.004491470751104596065284013662
0.004516801333761638094499435425
0.004541962853452707025991852419
0.004566954368387111419524959643
0.004591774943137457744291030082
0.004616423648674723885509951771
0.004640899562402741977684694774
0.004665201768192982212379860130
0.004689329356418773728232274323
0.004713281423989358967507889986
0.004737057074383623639368678937
0.004760655417683819744245621308
0.004784075570608625933843871536
0.004807316656546448130349347139
0.004830377805588108655610035669
0.004853258154559422603291363174
0.004875956847053589462981371128
0.004898473033463057388359196409
0.004920805871011490681410371906
0.004942954523785331351348748541
0.004964918162764856736368646040
0.004986695965855562386048749346
0.005008287117918602988908549634
0.005029690810801510855720941606
0.005050906243368361026035984196
0.005071932621529802800997011047
0.005092769158272707902268550129
0.005113415073689710210746994790
0.005133869595008294477167520853
0.005154131956619873757008409854
0.005174201400108329948479557459
0.005194077174278454583911113218
0.005213758535183923847888820546
0.005233244746155422781608290705
0.005252535077828048709625008428
0.005271628808168433641401229295
0.005290525222502217086995024431
0.005309223613540287219081381664
0.005327723281405715924363697411
0.005346023533659600111833665181
0.005364123685327220475427267843
0.005382023058923480346438239508
0.005399720984478465976574845797
0.005417216799562386657374002397
0.005434509849310396878419027189
0.005451599486447075877670886968
0.005468485071310806577837837494
0.005485165971877523950761545990
0.005501641563784469453335379541
0.005517911230353476220722441781
0.005533974362614285484596177156
0.005549830359327041599815100170
0.005565478627005037738639803280
0.005580918579936700908705748958
0.005596149640207680187042882380
0.005611171237722519487822747664
0.005625982810225803841530645144
0.005640583803323292663711718831
0.005654973670502852663155568536
0.005669151873154586705749746756
0.005683117880591241101451149831
0.005696871170067966706762607743
0.005710411226801883136094950544
0.005723737543991397509757224071
0.005736849622835142430143928749
0.005749746972550644208421743997
0.005762429110392674504181886874
0.005774895561671376451040593736
0.005787145859770018684054004865
0.005799179546162339972392718579
0.005810996170429938087464982743
0.005822595290278890188540028561
0.005833976471556514588334696469
0.005845139288267466384785286948
0.005856083322589729876772590700
0.005866808164890348169240308351
0.005877313413740605473056799468
0.005887598675931146954831696405
0.005897663566486716080206065271
0.005907507708680416642910149250
0.005917130734048006018843679499
0.005926532282401589073195236068
0.005935712001843141197299225098
0.005944669548777523071514394815
0.005953404587925655890023879380
0.005961916792336710395339149926
0.005970205843400558723410576079
0.005978271430859792567868993274
0.005986113252820954647170914598
0.005993731015766340895767338992
0.006001124434564543246029000301
0.006008293232481437366743204365
0.006015237141190354214215219031
0.006021955900782147499961105552
0.006028449259774999215155677490
0.006034716975123805351999273228
0.006040758812229271926264040360
0.006046574544946559104374728122
0.006052163955594065843091033940
0.006057526834961210991659097402
0.006062662982316498888613054419
0.006067572205415026377617326858
0.006072254320505457263201787299
0.006076709152337246566677464443
0.006080936534166910684140461285
0.006084936307764394688990527982
0.006088708323418993810516308685
0.006092252439944892405954135484
0.006095568524686527725475748696
0.006098656453523544282435686625
0.006101516110875336226793130834
0.006104147389705521196956450325
0.006106550191525909367096236480
0.006108724426400050956653675627
0.006110670012946789811381087532
0.006112386878343224576315417806
0.006113874958327409660230333799
0.006115134197200800328375613901
0.006116164547830406361672572757
0.006116965971650323817543348781
0.006117538438663465416578191025
0.006117881927442547600193289981
0.006117996425130771409595098476
0.006117881927442547600193289981
0.006117538438663465416578191025
0.006116965971650323817543348781
0.006116164547830406361672572757
0.006115134197200800328375613901
0.006113874958327409660230333799
0.006112386878343224576315417806
0.006110670012946789811381087532
0.006108724426400050956653675627
0.006106550191525909367096236480
0.006104147389705521196956450325
0.006101516110875336226793130834
0.006098656453523544282435686625
0.006095568524686527725475748696
0.006092252439944892405954135484
0.006088708323418993810516308685
0.006084936307764394688990527982
0.006080936534166910684140461285
0.006076709152337246566677464443
0.006072254320505457263201787299
0.006067572205415026377617326858
0.006062662982316498888613054419
0.006057526834961210991659097402
0.006052163955594065843091033940
0.006046574544946559104374728122
0.006040758812229271926264040360
0.006034716975123805351999273228
0.006028449259774999215155677490
0.006021955900782147499961105552
0.006015237141190354214215219031
0.006008293232481437366743204365
0.006001124434564543246029000301
0.005993731015766340895767338992
0.005986113252820954647170914598
0.005978271430859792567868993274
0.005970205843400558723410576079
0.005961916792336710395339149926
0.005953404587925655890023879380
0.005944669548777523071514394815
0.005935712001843141197299225098
0.005926532282401589073195236068
0.005917130734048006018843679499
0.005907507708680416642910149250
0.005897663566486716080206065271
0.005887598675931146954831696405
0.005877313413740605473056799468
0.005866808164890348169240308351
0.005856083322589729876772590700
0.005845139288267466384785286948
0.005833976471556514588334696469
0.005822595290278890188540028561
0.005810996170429938087464982743
0.005799179546162339972392718579
0.005787145859770018684054004865
0.005774895561671376451040593736
0.005762429110392674504181886874
0.005749746972550644208421743997
0.005736849622835142430143928749
0.005723737543991397509757224071
0.005710411226801883136094950544
0.005696871170067966706762607743
0.005683117880591241101451149831
0.005669151873154586705749746756
0.005654973670502852663155568536
0.005640583803323292663711718831
0.005625982810225803841530645144
0.005611171237722519487822747664
0.005596149640207680187042882380
0.005580918579936700908705748958
0.005565478627005037738639803280
0.005549830359327041599815100170
0.005533974362614285484596177156
0.005517911230353476220722441781
0.005501641563784469453335379541
0.005485165971877523950761545990
0.005468485071310806577837837494
0.005451599486447075877670886968
0.005434509849310396878419027189
0.005417216799562386657374002397
0.005399720984478465976574845797
0.005382023058923480346438239508
0.005364123685327220475427267843
0.005346023533659600111833665181
0.005327723281405715924363697411
0.005309223613540287219081381664
0.005290525222502217086995024431
0.005271628808168433641401229295
0.005252535077828048709625008428
0.005233244746155422781608290705
0.005213758535183923847888820546
0.005194077174278454583911113218
0.005174201400108329948479557459
0.005154131956619873757008409854
0.005133869595008294477167520853
0.005113415073689710210746994790
0.005092769158272707902268550129
0.005071932621529802800997011047
0.005050906243368361026035984196
0.005029690810801510855720941606
0.005008287117918602988908549634
0.004986695965855562386048749346
0.004964918162764856736368646040
0.004942954523785331351348748541
0.004920805871011490681410371906
0.004898473033463057388359196409
0.004875956847053589462981371128
0.004853258154559422603291363174
0.004830377805588108655610035669
0.004807316656546448130349347139
0.004784075570608625933843871536
0.004760655417683819744245621308
0.004737057074383623639368678937
0.004713281423989358967507889986
0.004689329356418773728232274323
0.004665201768192982212379860130
0.004640899562402741977684694774
0.004616423648674723885509951771
0.004591774943137457744291030082
0.004566954368387111419524959643
0.004541962853452707025991852419
0.004516801333761638094499435425
0.004491470751104596065284013662
0.004465972053600137693651905835
0.004440306195659422458521525812
0.004414474137950322001067160471
0.004388476847361611962727856451
0.004362315296966625191577016096
0.004335990465986913622309373295
0.004309503339755640406727454916
0.004282854909680627701618060854
0.004256046173207204963429006739
0.004229078133781067651286722509
0.004201951800810426428112176467
0.004174668189628568358562343832
0.004147228321455470080592053961
0.004119633223359943537122962454
0.004091883928220976796019670019
0.004063981474689085278406697199
0.004035926907147489514637861419
0.004007721275673056110511183192
0.003979365635996872686830361232
0.003950861049464808941178439738
0.003922208582997870410236096461
0.003893409309052043524440600564
0.003864464305578437734040031515
0.003835374655982709893309312577
0.003806141449084557166343545376
0.003776765779077043399397650703
0.003747248745485666152066350776
0.003717591453126938873252615991
0.003687795012067467039645896065
0.003657860537581956138220018460
0.003627789150111880144694564976
0.003597581975223110902634138242
0.003567240143564286928429263313
0.003536764790823942756353703842
0.003506157057688410669249456930
0.003475418089799097928760396314
0.003444549037709273946183952120
0.003413551056841447692985491713
0.003382425307443824406827825868
0.003351172954546829084454540038
0.003319795167919835539305228878
0.003288293122027150395397798732
0.003256667995983945906868228803
0.003224920973512407883221353444
0.003193053242897088677548778080
0.003161065996940858220665138134
0.003128960432919874069118693072
0.003096737752538942633345753208
0.003064399161886543869470767021
0.003031945871389620482394544609
0.002999379095768317689263415815
0.002966700053990516550844747101
0.002933909969226188192703563828
0.002901010068801653483949731793
0.002868001584153539573057711820
0.002834885750782811016795781356
0.002801663808208486490525235268
0.002768336999921199807067617726
0.002734906573336688510866832047
0.002701373779749210481126997507
0.002667739874284404122395386594
0.002634006115852672441635107248
0.002600173767101743131646696128
0.002566244094369773791342037583
0.002532218367637509119638661303
0.002498097860481174065788723127
0.002463883850024515664162150230
0.002429577616891052602166034546
0.002395180445156254531863249113
0.002360693622299426044919279377
0.002326118439155384649136282249
0.002291456189866354284379035278
0.002256708171833478500378777909
0.002221875685668062583993931369
0.002186960035143179978400773678
0.002151962527144663309131011886
0.002116884471622265413010000046
0.002081727181540665109343857253
0.002046491972830273044225979362
0.002011180164337946461861061920
0.001975793077777585581011887683
0.001940332037681161050229894371
0.001904798371348153697424354647
0.001869193408796820943251759672
0.001833518482713926466345921718
0.001797774928404975757281758497
0.001761964083744259768754547579
0.001726087289124820503202761834
0.001690145887408175040186875115
0.001654141223874008989266903846
0.001618074646170085915952707722
0.001581947504261646758952353231
0.001545761150380821607325243505
0.001509516938976111950776459736
0.001473216226661943186251879645
0.001436860372167296853729290262
0.001400450736285450926629780888
0.001363988681822896325418481567
0.001327475573548201172660587766
0.001290912778141148267024851393
0.001254301664141661354703871645
0.001217643601898438015726511274
0.001180939963517841024068233402
0.001144192122812706657875025940
0.001107401455250976501573645372
0.001070569337904351365706179244
0.001033697149396941086796353204
0.000996786269854011688570927241
0.000959838080850573165461736558
0.000922853965360374384023500749
0.000885835307704337885509326966
0.000848783493500103285167579514
0.000811699909611026185207727224
0.000774585944096084348144126697
0.000737442986160378555031413850
0.000700272426106433604903189760
0.000663075655287533385906506567
0.000625854066063247444287598320
0.000588609051759034261966374579
0.000551342006633177752344954214
0.000514054325854430360989710813
0.000476747405500840338351403735
0.000439422642595068758172155432
0.000402081435210608045382335574
0.000364725182719572696334736639
0.000327355286342025163064117788
0.000289973150384115489677089306
0.000252580185194189272765430410
0.000215177814893508157672100123
0.000177767500364851989934356080
0.000140350821060918686282101286
0.000102929853373723767182013056
0.000065509839122753201422731661
0.000028142705473466312580130624
