0.006656261757658041462726306037
0.015278898079113865590694665286
0.023952455499284583395613879020
0.032637517856957731776645914579
0.041326943949185422633174624707
0.050018481268673996298357309342
0.058711198041344177245282054400
0.067404639736315427600565897137
0.076098558370457480837245611838
0.084792807184105367657167562356
0.093487293768190524168026911411
0.102181957016520358338951268706
0.110876754882601027962785167347
0.119571657461382915843550733825
0.128266642876888381508138081699
0.136961694731994904072891472424
0.145656800468966812767135365903
0.154351950282175021111896739967
0.163047136377068246915200688818
0.171742352452683044727876904290
0.180437593332168383364333408281
0.189132854693489088626634497814
0.197828132869211081867888424313
0.206523424694664087253315187809
0.215218727390374037211628888144
0.223914038468930653991151302762
0.232609355659261468618481671911
0.241304676843142218434223877921
0.250000000000000000000000000000
0.258695323156857837076927353337
0.267390644340738559137093943718
0.276085961531069401519999928496
0.284781272609625990543946727485
0.293476575305335940502260427820
0.302171867130788973643262806945
0.310867145306510939128941117815
0.319562406667831644391242207348
0.328257647547316955272123095710
0.336952863622931808595950542440
0.345648049717825034399254491291
0.354343199531033214988440249726
0.363038305268005123682684143205
0.371733357123111618491861918301
0.380428342538617125789812689618
0.389123245117398985915002640468
0.397818042983479669416624346923
0.406512706231809572976487743290
0.415207192815894632342832437644
0.423901441629542574673905619420
0.432595360263684558521646295048
0.441288801958655885204763080765
0.449981518731326024518324402379
0.458673056050814653694658318273
0.467362482143042323734505316679
0.476047544500715458237749544423
0.484721101920886188185733089995
0.493343738242342011446339711256
0.000000000000000000000000000000
0.008771929824561403021832006743
0.017543859649122806043664013487
0.026315789473684209065496020230
0.035087719298245612087328026973
0.043859649122807022048053937624
0.052631578947368418130992040460
0.061403508771929828091717951111
0.070175438596491224174656053947
0.078947368421052627196488060690
0.087719298245614044096107875248
0.096491228070175447117939881991
0.105263157894736836261984080920
0.114035087719298239283816087664
0.122807017543859656183435902221
0.131578947368421073083055716779
0.140350877192982448349312107894
0.149122807017543851371144114637
0.157894736842105254392976121380
0.166666666666666685170383743753
0.175438596491228088192215750496
0.184210526315789491214047757239
0.192982456140350894235879763983
0.201754385964912269502136155097
0.210526315789473672523968161840
0.219298245614035103301375784213
0.228070175438596478567632175327
0.236842105263157937100615413328
0.245614035087719312366871804443
0.254385964912280715388703811186
0.263157894736842146166111433558
0.271929824561403521432367824673
0.280701754385964896698624215787
0.289473684210526327476031838160
0.298245614035087702742288229274
0.307017543859649133519695851646
0.315789473684210508785952242761
0.324561403508771939563359865133
0.333333333333333370340767487505
0.342105263157894745607023878620
0.350877192982456176384431500992
0.359649122807017551650687892106
0.368421052631578982428095514479
0.377192982456140357694351905593
0.385964912280701788471759527965
0.394736842105263163738015919080
0.403508771929824539004272310194
0.412280701754385969781679932566
0.421052631578947345047936323681
0.429824561403508831336495177311
0.438596491228070206602751568425
0.447368421052631581869007959540
0.456140350877192957135264350654
0.464912280701754332401520741769
0.473684210526315874201230826657
0.482456140350877249467487217771
0.491228070175438624733743608886
0.500000000000000000000000000000
0.508771929824561430777407622372
0.517543859649122861554815244745
0.526315789473684292332222867117
0.535087719298245612087328026973
0.543859649122807042864735649346
0.552631578947368473642143271718
0.561403508771929793397248431575
0.570175438596491224174656053947
0.578947368421052654952063676319
0.587719298245614085729471298691
0.596491228070175405484576458548
0.605263157894736836261984080920
0.614035087719298267039391703292
0.622807017543859586794496863149
0.631578947368421017571904485521
0.640350877192982448349312107894
0.649122807017543879126719730266
0.657894736842105309904127352638
0.666666666666666740681534975010
0.675438596491228171458942597383
0.684210526315789491214047757239
0.692982456140350921991455379612
0.701754385964912352768863001984
0.710526315789473783546270624356
0.719298245614035103301375784213
0.728070175438596534078783406585
0.736842105263157964856191028957
0.745614035087719284611296188814
0.754385964912280715388703811186
0.763157894736842146166111433558
0.771929824561403576943519055931
0.780701754385964896698624215787
0.789473684210526327476031838160
0.798245614035087758253439460532
0.807017543859649078008544620388
0.815789473684210508785952242761
0.824561403508771939563359865133
0.833333333333333370340767487505
0.842105263157894690095872647362
0.850877192982456231895582732250
0.859649122807017662672990354622
0.868421052631578982428095514479
0.877192982456140413205503136851
0.885964912280701732960608296708
0.894736842105263163738015919080
0.903508771929824483493121078936
0.912280701754385914270528701309
0.921052631578947345047936323681
0.929824561403508664803041483538
0.938596491228070317625054030941
0.947368421052631748402461653313
0.956140350877193068157566813170
0.964912280701754498934974435542
0.973684210526315929712382057915
0.982456140350877249467487217771
0.991228070175438680244894840143
0.002243753872250563250606569810
0.005216533474718556759319731952
0.008178160067820947065619918703
0.011115763732335651181593050296
0.014020270790753399867134554313
0.016882959023441435758572382042
0.019695270699488426346945857404
0.022448807890776242141006591169
0.025135350990917983832195758964
0.027746881402180095799181458460
0.030275604842693971258116292233
0.032713974366371606494752199978
0.035054712782312640040327522684
0.037290834324417258816009024258
0.039415665475480046731071581689
0.041422864870801143211132000488
0.043306442216215185192496051059
0.045060776161381141391437665789
0.046680631073641426498355144759
0.048161172661687762230897646987
0.049497982402019677361515448411
0.050687070724927396625503206451
0.051724888920517804458132360423
0.052608339729177430732498521593
0.053334786584819202093221690575
0.053902061483298631394678324114
0.054308471452498639775452460299
0.054552803604761855582605534210
0.054634328756584027431131289632
0.054552803604761855582605534210
0.054308471452498639775452460299
0.053902061483298631394678324114
0.053334786584819202093221690575
0.052608339729177430732498521593
0.051724888920517804458132360423
0.050687070724927396625503206451
0.049497982402019677361515448411
0.048161172661687762230897646987
0.046680631073641426498355144759
0.045060776161381141391437665789
0.043306442216215185192496051059
0.041422864870801143211132000488
0.039415665475480046731071581689
0.037290834324417258816009024258
0.035054712782312640040327522684
0.032713974366371606494752199978
0.030275604842693971258116292233
0.027746881402180095799181458460
0.025135350990917983832195758964
0.022448807890776242141006591169
0.019695270699488426346945857404
0.016882959023441435758572382042
0.014020270790753399867134554313
0.011115763732335651181593050296
0.008178160067820947065619918703
0.005216533474718556759319731952
0.002243753872250563250606569810
