0.005843300114022381870626521305
0.013412811930484084058101679204
0.021027025686003428944781390442
0.028651339354577854551253679460
0.036279483971715952017600415047
0.043909482189762441550762162024
0.051540516088483971646194703453
0.059172186705027766950859557937
0.066804276400292711413086976791
0.074436656398924161415209255210
0.082069245641819374426084721108
0.089701990553965202379593790738
0.097334854297282363821963713235
0.104967810698124774937411984865
0.112600840638073976252009344989
0.120233929816224049957895658736
0.127867067311135451657122530378
0.135500244627720589640773596329
0.143133455048312652202469053009
0.150766693180237720817160607112
0.158399954633645950741183128230
0.166033235787675231831528321891
0.173666533617734625272177595434
0.181299845565835088256889662262
0.188933169441718007419694913551
0.196566503346313342648343791552
0.204199845611571895176439284114
0.211833194752405279404072757643
0.219466549427624918466861458910
0.227099908407571715596162675865
0.234733270546684441582030444806
0.242366634759644372643094811792
0.250000000000000000000000000000
0.257633365240355627356905188208
0.265266729453315586173545170823
0.272900091592428339914988555392
0.280533450572375109288714156719
0.288166805247594748351502857986
0.295800154388428104823560715886
0.303433496653686685107231824077
0.311066830558282048091456317707
0.318700154434164939498685953367
0.326333466382265457994549251453
0.333966764212324851435198524996
0.341600045366354132525543718657
0.349233306819762279182839392888
0.356866544951687347797530946991
0.364499755372279410359226403671
0.372132932688864548342877469622
0.379766070183775950042104341264
0.387399159361926037625778462825
0.395032189301875225062588015135
0.402665145702717663933611902394
0.410298009446034839253769632705
0.417930754358180667207278702335
0.425563343601075894095941976047
0.433195723599707316342488638838
0.440827813294972281621397769413
0.448459483911516021414911392640
0.456090517810237572327025645791
0.463720516028284068799081296675
0.471348660645422190551556695937
0.478972974313996602280241177141
0.486587188069515896859940085051
0.494156699885977657160651688173
0.000000000000000000000000000000
0.007692307692307691867339425329
0.015384615384615383734678850658
0.023076923076923074734656537998
0.030769230769230767469357701316
0.038461538461538463673505816587
0.046153846153846149469313075997
0.053846153846153849142908143222
0.061538461538461534938715402632
0.069230769230769220734522662042
0.076923076923076927347011633174
0.084615384615384606203924988677
0.092307692307692298938626151994
0.099999999999999991673327315311
0.107692307692307698285816286443
0.115384615384615391020517449761
0.123076923076923069877430805263
0.130769230769230748734344160766
0.138461538461538441469045324084
0.146153846153846161959322103030
0.153846153846153854694023266347
0.161538461538461547428724429665
0.169230769230769212407849977353
0.176923076923076905142551140671
0.184615384615384597877252303988
0.192307692307692318367529082934
0.199999999999999983346654630623
0.207692307692307703836931409569
0.215384615384615396571632572886
0.223076923076923089306333736204
0.230769230769230782041034899521
0.238461538461538447020160447209
0.246153846153846139754861610527
0.253846153846153832489562773844
0.261538461538461497468688321533
0.269230769230769217958965100479
0.276923076923076882938090648167
0.284615384615384603428367427114
0.292307692307692323918644206060
0.299999999999999988897769753748
0.307692307692307709388046532695
0.315384615384615374367172080383
0.323076923076923094857448859329
0.330769230769230759836574407018
0.338461538461538424815699954706
0.346153846153846145305976733653
0.353846153846153810285102281341
0.361538461538461530775379060287
0.369230769230769195754504607976
0.376923076923076916244781386922
0.384615384615384636735058165868
0.392307692307692246203032482299
0.399999999999999966693309261245
0.407692307692307631672434808934
0.415384615384615407673862819138
0.423076923076923128164139598084
0.430769230769230793143265145773
0.438461538461538458122390693461
0.446153846153846178612667472407
0.453846153846153843591793020096
0.461538461538461564082069799042
0.469230769230769229061195346731
0.476923076923076894040320894419
0.484615384615384614530597673365
0.492307692307692279509723221054
0.500000000000000000000000000000
0.507692307692307664979125547688
0.515384615384615329958251095377
0.523076923076922994937376643065
0.530769230769230770938804653269
0.538461538461538435917930200958
0.546153846153846100897055748646
0.553846153846153765876181296335
0.561538461538461541877609306539
0.569230769230769206856734854227
0.576923076923076982858162864432
0.584615384615384647837288412120
0.592307692307692312816413959808
0.599999999999999977795539507497
0.607692307692307753796967517701
0.615384615384615418776093065389
0.623076923076923083755218613078
0.630769230769230748734344160766
0.638461538461538413713469708455
0.646153846153846189714897718659
0.653846153846153854694023266347
0.661538461538461519673148814036
0.669230769230769184652274361724
0.676923076923076849631399909413
0.684615384615384625632827919617
0.692307692307692290611953467305
0.699999999999999955591079014994
0.707692307692307620570204562682
0.715384615384615285549330110371
0.723076923076923061550758120575
0.730769230769230726529883668263
0.738461538461538391509009215952
0.746153846153846167510437226156
0.753846153846153832489562773844
0.761538461538461608490990784048
0.769230769230769273470116331737
0.776923076923076827426939416910
0.784615384615384492406064964598
0.792307692307692268407492974802
0.799999999999999933386618522491
0.807692307692307598365744070179
0.815384615384615263344869617868
0.823076923076923150368600090587
0.830769230769230815347725638276
0.838461538461538480326851185964
0.846153846153846256328279196168
0.853846153846153921307404743857
0.861538461538461586286530291545
0.869230769230769251265655839234
0.876923076923076916244781386922
0.884615384615384692246209397126
0.892307692307692357225334944815
0.900000000000000022204460492503
0.907692307692307687183586040192
0.915384615384615352162711587880
0.923076923076923128164139598084
0.930769230769230793143265145773
0.938461538461538458122390693461
0.946153846153846123101516241150
0.953846153846153788080641788838
0.961538461538461564082069799042
0.969230769230769229061195346731
0.976923076923076894040320894419
0.984615384615384559019446442107
0.992307692307692335020874452312
0.001729258251300223696300673026
0.004021524172003683277043517563
0.006307942578971661821973793138
0.008580148266881460622501620605
0.010832678789597852478387984831
0.013060311639994879803761129722
0.015257912146448344981042311019
0.017420421997670229585786216830
0.019542865836749939711936008280
0.021620361284934042772620799155
0.023648129691287191056492389407
0.025621506938037715700451357748
0.027535954088450286664224719857
0.029387067789310654386536469929
0.031170590380189166362923103293
0.032882419676368644656516693203
0.034518618398549048842394171288
0.036075423225565304841122582502
0.037549253448257755017003489684
0.038936719204051208065298084193
0.040234629273005591276746173435
0.041439998417240317407639338398
0.042550054246755827924708626142
0.043562243595800499706971464775
0.044474238395083007246988415773
0.045283941026300240928481599667
0.045989489146651678364019488754
0.046589259972233468265478961712
0.047081874010454501100486623955
0.047466198232885496721689122523
0.047741348681240650120294333192
0.047906692500495895448153760299
0.047961849394466612994669674208
0.047906692500495895448153760299
0.047741348681240650120294333192
0.047466198232885496721689122523
0.047081874010454501100486623955
0.046589259972233468265478961712
0.045989489146651678364019488754
0.045283941026300240928481599667
0.044474238395083007246988415773
0.043562243595800499706971464775
0.042550054246755827924708626142
0.041439998417240317407639338398
0.040234629273005591276746173435
0.038936719204051208065298084193
0.037549253448257755017003489684
0.036075423225565304841122582502
0.034518618398549048842394171288
0.032882419676368644656516693203
0.031170590380189166362923103293
0.029387067789310654386536469929
0.027535954088450286664224719857
0.025621506938037715700451357748
0.023648129691287191056492389407
0.021620361284934042772620799155
0.019542865836749939711936008280
0.017420421997670229585786216830
0.015257912146448344981042311019
0.013060311639994879803761129722
0.010832678789597852478387984831
0.008580148266881460622501620605
0.006307942578971661821973793138
0.004021524172003683277043517563
0.001729258251300223696300673026
