0.005207305070307210320690316507
0.011952937947044908056914991334
0.018738407364715114339359658402
0.025532877465392560256685072773
0.032330761632862935195387166232
0.039130297761150803492746774737
0.045930756978245543264982586606
0.052731783770276881295746562728
0.059533184212513461097682210266
0.066334843573043117403997825932
0.073136689644037689017608272479
0.079938674711903370817545066984
0.086740765980094475251505059532
0.093542940157808895929036907546
0.100345180243896145433346589471
0.107147473533014458979550909135
0.113949810334457279914488481154
0.120752183123175274581662108631
0.127554585961926536530341991238
0.134357014098603955165600609689
0.141159463679715185824292689176
0.147961931542666597083623969411
0.154764415062613902573929181017
0.161566912037793108947170139800
0.168369420602437674938656186896
0.175171939159761674842386014461
0.181974466329734185787714295657
0.188777000907883241165308163545
0.195579541832407333146193195716
0.202382088157597977984281101271
0.209184639032087699161976956930
0.215987193680801992101692121651
0.222789751389757956223647283878
0.229592311493040490688599675195
0.236394873361427088065411794560
0.243197436392230570412209544884
0.250000000000000000000000000000
0.256802563607769429587790455116
0.263605126638572939690163821069
0.270407688506959509311400324805
0.277210248610242071531928331751
0.284012806319198007898307878349
0.290815360967912328593598658699
0.297617911842402049771294514358
0.304420458167592722364958035541
0.311222999092116814345843067713
0.318025533670265869723436935601
0.324828060840238352913189601168
0.331630579397562352816919428733
0.338433087962206946563981091458
0.345235584937386152937222050241
0.352038068457333375160800414960
0.358840536320284841931282926453
0.365642985901396044834399390311
0.372445414038073463469658008762
0.379247816876824739296125699184
0.386050189665542775596662750104
0.392852526466985541020449090865
0.399654819756103840688865602715
0.406457059842191104070963092454
0.413259234019905552504070556097
0.420061325288096643060242740830
0.426863310355962366493542958779
0.433665156426956910351577789697
0.440466815787486587474575117085
0.447268216229723181154298572437
0.454069243021754498368380836837
0.460869702238849210385041033078
0.467669238367137085621294545490
0.474467122534607488315572254578
0.481261592635284896068981197459
0.488047062052955116229213672341
0.494792694929692855598801770611
0.000000000000000000000000000000
0.006849315068493151172079880240
0.013698630136986302344159760480
0.020547945205479450914154426755
0.027397260273972604688319520960
0.034246575342465758462484615166
0.041095890410958901828308853510
0.047945205479452059071920899669
0.054794520547945209376639041920
0.061643835616438352742463280265
0.068493150684931516924969230331
0.075342465753424653351899564768
0.082191780821917803656617707020
0.089041095890410953961335849272
0.095890410958904118143841799338
0.102739726027397268448559941589
0.109589041095890418753278083841
0.116438356164383569057996226093
0.123287671232876705484926560530
0.130136986301369883545220318410
0.136986301369863033849938460662
0.143835616438356184154656602914
0.150684931506849306703799129536
0.157534246575342457008517271788
0.164383561643835607313235414040
0.171232876712328785373529171920
0.178082191780821907922671698543
0.184931506849315085982965456424
0.191780821917808236287683598675
0.198630136986301386592401740927
0.205479452054794536897119883179
0.212328767123287687201838025430
0.219178082191780837506556167682
0.226027397260273987811274309934
0.232876712328767138115992452185
0.239726027397260260665134978808
0.246575342465753410969853121060
0.253424657534246589030146878940
0.260273972602739767090440636821
0.267123287671232889639583163444
0.273972602739726067699876921324
0.280821917808219190249019447947
0.287671232876712368309313205827
0.294520547945205490858455732450
0.301369863013698613407598259073
0.308219178082191791467892016954
0.315068493150684914017034543576
0.321917808219178092077328301457
0.328767123287671214626470828080
0.335616438356164392686764585960
0.342465753424657570747058343841
0.349315068493150693296200870464
0.356164383561643815845343397086
0.363013698630136938394485923709
0.369863013698630171965930912847
0.376712328767123350026224670728
0.383561643835616472575367197351
0.390410958904109650635660955231
0.397260273972602773184803481854
0.404109589041095951245097239735
0.410958904109589073794239766357
0.417808219178082196343382292980
0.424657534246575374403676050861
0.431506849315068496952818577483
0.438356164383561675013112335364
0.445205479452054797562254861987
0.452054794520547975622548619867
0.458904109589041098171691146490
0.465753424657534276231984904371
0.472602739726027398781127430993
0.479452054794520521330269957616
0.486301369863013699390563715497
0.493150684931506821939706242119
0.500000000000000000000000000000
0.506849315068493178060293757881
0.513698630136986356120587515761
0.520547945205479534180881273642
0.527397260273972601218872569007
0.534246575342465779279166326887
0.541095890410958957339460084768
0.547945205479452135399753842648
0.554794520547945202437745138013
0.561643835616438380498038895894
0.568493150684931558558332653774
0.575342465753424736618626411655
0.582191780821917803656617707020
0.589041095890410981716911464900
0.595890410958904159777205222781
0.602739726027397226815196518146
0.609589041095890404875490276027
0.616438356164383582935784033907
0.623287671232876760996077791788
0.630136986301369828034069087153
0.636986301369863006094362845033
0.643835616438356184154656602914
0.650684931506849362214950360794
0.657534246575342429252941656159
0.664383561643835718335537876555
0.671232876712328785373529171920
0.678082191780821963433822929801
0.684931506849315141494116687682
0.691780821917808208532107983046
0.698630136986301386592401740927
0.705479452054794453630393036292
0.712328767123287631690686794173
0.719178082191780809750980552053
0.726027397260273876788971847418
0.732876712328767276893870530330
0.739726027397260343931861825695
0.746575342465753521992155583575
0.753424657534246700052449341456
0.760273972602739767090440636821
0.767123287671232945150734394701
0.773972602739726123211028152582
0.780821917808219301271321910463
0.787671232876712368309313205827
0.794520547945205546369606963708
0.801369863013698724429900721589
0.808219178082191902490194479469
0.815068493150684969528185774834
0.821917808219178147588479532715
0.828767123287671325648773290595
0.835616438356164392686764585960
0.842465753424657570747058343841
0.849315068493150748807352101721
0.856164383561643926867645859602
0.863013698630136993905637154967
0.869863013698630171965930912847
0.876712328767123350026224670728
0.883561643835616417064215966093
0.890410958904109595124509723973
0.897260273972602773184803481854
0.904109589041095951245097239735
0.910958904109589018283088535100
0.917808219178082196343382292980
0.924657534246575374403676050861
0.931506849315068552463969808741
0.938356164383561619501961104106
0.945205479452054797562254861987
0.952054794520547975622548619867
0.958904109589041042660539915232
0.965753424657534220720833673113
0.972602739726027398781127430993
0.979452054794520576841421188874
0.986301369863013643879412484239
0.993150684931506821939706242119
0.001373376462759687494444293954
0.003194524377288955087339505923
0.005012538571605972166633780063
0.006821631349174833887361035778
0.008618310479532180143347197543
0.010399260995000502577623180400
0.012161220929281039634939354244
0.013900968788314628510338621936
0.015615325433591408649247611606
0.017301158762489100145787190854
0.018955389048670046731048799415
0.020574994420361092384297307945
0.022157016317040114511405235476
0.023698564864219021086633176765
0.025196824137538299803740216021
0.026649057298727466674970187910
0.028052611590572082422845312522
0.029404923180116584319199191100
0.030703521840433456446817217511
0.031946035461976718394794261258
0.033130194385043817972835711316
0.034253835545302209475426735708
0.035314906424728273459656691102
0.036311468800697792314036149719
0.037241702286349848138868878777
0.038103907655739829851704314478
0.038896509947696729370125723335
0.039618061342706151206627396277
0.040267243807560082480279106676
0.040842871502938894734402452968
0.041343892949525472280125626412
0.041769392948692835032531434081
0.042118594254255639630635243975
0.042390858992231564283947875538
0.042585689826018402470708679175
0.042702730864857194048589406066
0.042741768313923574063029064973
0.042702730864857194048589406066
0.042585689826018402470708679175
0.042390858992231564283947875538
0.042118594254255639630635243975
0.041769392948692835032531434081
0.041343892949525472280125626412
0.040842871502938894734402452968
0.040267243807560082480279106676
0.039618061342706151206627396277
0.038896509947696729370125723335
0.038103907655739829851704314478
0.037241702286349848138868878777
0.036311468800697792314036149719
0.035314906424728273459656691102
0.034253835545302209475426735708
0.033130194385043817972835711316
0.031946035461976718394794261258
0.030703521840433456446817217511
0.029404923180116584319199191100
0.028052611590572082422845312522
0.026649057298727466674970187910
0.025196824137538299803740216021
0.023698564864219021086633176765
0.022157016317040114511405235476
0.020574994420361092384297307945
0.018955389048670046731048799415
0.017301158762489100145787190854
0.015615325433591408649247611606
0.013900968788314628510338621936
0.012161220929281039634939354244
0.010399260995000502577623180400
0.008618310479532180143347197543
0.006821631349174833887361035778
0.005012538571605972166633780063
0.003194524377288955087339505923
0.001373376462759687494444293954
