0.040269768316845665212522220600
0.092435118671792257383224011846
0.144906442308136151897457466475
0.197443472180710788421720280894
0.250000000000000000000000000000
0.302556527819289267089430950364
0.355093557691863848102542533525
0.407564881328207784250139411597
0.459730231683154411115310722380
0.000000000000000000000000000000
0.055555555555555552471602709375
0.111111111111111104943205418749
0.166666666666666657414808128124
0.222222222222222209886410837498
0.277777777777777790113589162502
0.333333333333333314829616256247
0.388888888888888895056794581251
0.444444444444444419772821674997
0.500000000000000000000000000000
0.555555555555555580227178325003
0.611111111111111049432054187491
0.666666666666666629659232512495
0.722222222222222209886410837498
0.777777777777777790113589162502
0.833333333333333370340767487505
0.888888888888888839545643349993
0.944444444444444419772821674997
0.081274388361574634309647535702
0.180648160694857395913714981361
0.260610696402935548832147105713
0.312347077040002918391081720983
0.330239355001259782262934550090
0.312347077040002918391081720983
0.260610696402935548832147105713
0.180648160694857395913714981361
0.081274388361574634309647535702
