0.004696165322636288753932465312
0.010779658955511741899591093841
0.016899078866277696814313102891
0.023026616001502155789415482445
0.029157232129229871536724161274
0.035289338120875257676090086534
0.041422276661694193422569298946
0.047555727147253055997477844130
0.053689514701359533632718523677
0.059823535867688758249638425468
0.065957725540460560020861180419
0.072092040704447996057879777254
0.078226451797957965994534390575
0.084360937832784615997283594879
0.090495483493906819782992556611
0.096630077341469722274069908963
0.102764710655494251323460730418
0.108899376670370306996460385562
0.115034070053880901896015132024
0.121168786544225109969019626988
0.127303522691812470712946492313
0.133438275672149664341503694232
0.139573043147963177235126863707
0.145707823166057431896192042586
0.151842614079085308498306972069
0.157977414485457545723079419986
0.164112223182639155316664414386
0.170247039130448668542427981265
0.176381861421915558940654022990
0.182516689259906217390749816332
0.188651521938191679694796221156
0.194786358825964067698066628509
0.200921199355045904111349841514
0.207056043009215207106876732723
0.213190889315196835385179952027
0.219325737834968753636744054347
0.225460588159102442995518345015
0.231595439900911553854356839111
0.237730292691223615841877858657
0.243865146173618485558876045616
0.250000000000000000000000000000
0.256134853826381514441123954384
0.262269707308776411913697756972
0.268404560099088473901218776518
0.274539411840897584760057270614
0.280674262165031274118831561282
0.286809110684803192370395663602
0.292943956990784848404274498535
0.299078800644954123644225774115
0.305213641174035932301933371491
0.311348478061808320305203778844
0.317483310740093838120401414926
0.323618138578084468814921592639
0.329752960869551359213147634364
0.335887776817360927950062432501
0.342022585514542509788071811272
0.348157385920914774768419874817
0.354292176833942595859383573043
0.360426956852036850520448751922
0.366561724327850391169647537026
0.372696477308187557042629123316
0.378831213455774862275404757384
0.384965929946119167492923907048
0.391100623329629748514690845695
0.397235289344505804187690500839
0.403369922658530277725930091037
0.409504516506093207972583059018
0.415639062167215411758292020750
0.421773548202042103394404648498
0.427907959295552031697695838375
0.434042274459539467734714435210
0.440176464132311262567043286253
0.446310485298640480245069284138
0.452444272852747020330355098849
0.458577723338305820455218508869
0.464710661879124742323909913466
0.470842767870770118054934982865
0.476973383998497868496713181230
0.483100921133722327471815560784
0.489220341044488304937942757533
0.495303834677363719052323176584
0.000000000000000000000000000000
0.006172839506172839163511412153
0.012345679012345678327022824305
0.018518518518518517490534236458
0.024691358024691356654045648611
0.030864197530864199287004012717
0.037037037037037034981068472916
0.043209876543209881083473788976
0.049382716049382713308091297222
0.055555555555555552471602709375
0.061728395061728398574008025435
0.067901234567901230798625533680
0.074074074074074069962136945833
0.080246913580246909125648357985
0.086419753086419762166947577953
0.092592592592592601330458990105
0.098765432098765426616182594444
0.104938271604938265779694006596
0.111111111111111104943205418749
0.117283950617283957984504638716
0.123456790123456797148016050869
0.129629629629629622433739655207
0.135802469135802461597251067360
0.141975308641975300760762479513
0.148148148148148139924273891666
0.154320987654320979087785303818
0.160493827160493818251296715971
0.166666666666666685170383743753
0.172839506172839524333895155905
0.179012345679012363497406568058
0.185185185185185202660917980211
0.191358024691358014068853776735
0.197530864197530853232365188887
0.203703703703703692395876601040
0.209876543209876531559388013193
0.216049382716049370722899425346
0.222222222222222209886410837498
0.228395061728395049049922249651
0.234567901234567915969009277433
0.240740740740740755132520689585
0.246913580246913594296032101738
0.253086419753086433459543513891
0.259259259259259244867479310415
0.265432098765432111786566338196
0.271604938271604923194502134720
0.277777777777777790113589162502
0.283950617283950601521524959026
0.290123456790123412929460755549
0.296296296296296279848547783331
0.302469135802469146767634811113
0.308641975308641958175570607636
0.314814814814814769583506404160
0.320987654320987636502593431942
0.327160493827160447910529228466
0.333333333333333370340767487505
0.339506172839506181748703284029
0.345679012345679048667790311811
0.351851851851851860075726108334
0.358024691358024726994813136116
0.364197530864197538402748932640
0.370370370370370405321835960422
0.376543209876543216729771756945
0.382716049382716028137707553469
0.388888888888888895056794581251
0.395061728395061706464730377775
0.401234567901234573383817405556
0.407407407407407384791753202080
0.413580246913580251710840229862
0.419753086419753063118776026386
0.425925925925925930037863054167
0.432098765432098741445798850691
0.438271604938271552853734647215
0.444444444444444419772821674997
0.450617283950617231180757471520
0.456790123456790098099844499302
0.462962962962962965018931527084
0.469135802469135831938018554865
0.475308641975308643345954351389
0.481481481481481510265041379171
0.487654320987654321672977175695
0.493827160493827188592064203476
0.500000000000000000000000000000
0.506172839506172866919087027782
0.512345679012345733838174055563
0.518518518518518489734958620829
0.524691358024691356654045648611
0.530864197530864223573132676393
0.537037037037036979469917241659
0.543209876543209846389004269440
0.549382716049382713308091297222
0.555555555555555580227178325003
0.561728395061728336123962890269
0.567901234567901203043049918051
0.574074074074074069962136945833
0.580246913580246825858921511099
0.586419753086419692778008538880
0.592592592592592559697095566662
0.598765432098765426616182594444
0.604938271604938293535269622225
0.611111111111111160454356650007
0.617283950617283916351141215273
0.623456790123456783270228243055
0.629629629629629539167012808321
0.635802469135802406086099836102
0.641975308641975273005186863884
0.648148148148148028901971429150
0.654320987654320895821058456931
0.660493827160493873762447947229
0.666666666666666740681534975010
0.672839506172839607600622002792
0.679012345679012363497406568058
0.685185185185185230416493595840
0.691358024691358097335580623621
0.697530864197530853232365188887
0.703703703703703720151452216669
0.709876543209876587070539244451
0.716049382716049453989626272232
0.722222222222222209886410837498
0.728395061728395076805497865280
0.734567901234567943724584893062
0.740740740740740810643671920843
0.746913580246913566540456486109
0.753086419753086433459543513891
0.759259259259259300378630541672
0.765432098765432056275415106938
0.771604938271604923194502134720
0.777777777777777790113589162502
0.783950617283950657032676190283
0.790123456790123412929460755549
0.796296296296296279848547783331
0.802469135802469146767634811113
0.808641975308641902664419376379
0.814814814814814769583506404160
0.820987654320987636502593431942
0.827160493827160503421680459724
0.833333333333333259318465024990
0.839506172839506126237552052771
0.845679012345678993156639080553
0.851851851851851860075726108334
0.858024691358024615972510673600
0.864197530864197482891597701382
0.870370370370370349810684729164
0.876543209876543105707469294430
0.882716049382715972626556322211
0.888888888888888839545643349993
0.895061728395061706464730377775
0.901234567901234462361514943041
0.907407407407407329280601970822
0.913580246913580196199688998604
0.919753086419752952096473563870
0.925925925925925930037863054167
0.932098765432098796956950081949
0.938271604938271663876037109731
0.944444444444444530795124137512
0.950617283950617286691908702778
0.956790123456790153610995730560
0.962962962962963020530082758341
0.969135802469135887449169786123
0.975308641975308643345954351389
0.981481481481481510265041379171
0.987654320987654377184128406952
0.993827160493827133080912972218
0.001117029847124664321614262441
0.002598622299928951551173383905
0.004078551113421386570268012406
0.005552611370256188387528606398
0.007018460484931546110309863451
0.008473893785345540038966838381
0.009916741809595860587811522180
0.011344858495416207389006046924
0.012756121115134421567516298524
0.014148432513236029045566866102
0.015519723912464415682688212428
0.016867957867635105517756244353
0.018191131241255750761176557262
0.019487278155601878842917429324
0.020754472901445577409651477296
0.021990832792751661278751740269
0.023194520960273943416263264794
0.024363749078563104455419363603
0.025496780021665665927343980002
0.026591930443219953528188881364
0.027647573276924939517096291297
0.028662140153560684147082682216
0.029634123730905639892974079430
0.030562079933052661850911846386
0.031444630095774105116301910812
0.032280463014732682647256467590
0.033068336893488065042490120504
0.033807081188396252702244026977
0.034495598347659771343298729107
0.035132865441939428730044880922
0.035717935684104598625943083334
0.036249939835863449755226639581
0.036728087499180460395731273593
0.037151668290563696905870472165
0.037520052896475884762761410229
0.037832694008300582488857344288
0.038089127135475596419578181440
0.038288971295583548726249034644
0.038431929580375175092843420543
0.038517789596884781377905682120
0.038546423782980732131164813836
0.038517789596884781377905682120
0.038431929580375175092843420543
0.038288971295583548726249034644
0.038089127135475596419578181440
0.037832694008300582488857344288
0.037520052896475884762761410229
0.037151668290563696905870472165
0.036728087499180460395731273593
0.036249939835863449755226639581
0.035717935684104598625943083334
0.035132865441939428730044880922
0.034495598347659771343298729107
0.033807081188396252702244026977
0.033068336893488065042490120504
0.032280463014732682647256467590
0.031444630095774105116301910812
0.030562079933052661850911846386
0.029634123730905639892974079430
0.028662140153560684147082682216
0.027647573276924939517096291297
0.026591930443219953528188881364
0.025496780021665665927343980002
0.024363749078563104455419363603
0.023194520960273943416263264794
0.021990832792751661278751740269
0.020754472901445577409651477296
0.019487278155601878842917429324
0.018191131241255750761176557262
0.016867957867635105517756244353
0.015519723912464415682688212428
0.014148432513236029045566866102
0.012756121115134421567516298524
0.011344858495416207389006046924
0.009916741809595860587811522180
0.008473893785345540038966838381
0.007018460484931546110309863451
0.005552611370256188387528606398
0.004078551113421386570268012406
0.002598622299928951551173383905
0.001117029847124664321614262441
