0.004276400936846794231804835817
0.009816124542387699714041104926
0.015388563184867797353772012059
0.020968393515746430039170533632
0.026551027649554283238675367329
0.032135018507909708651570923621
0.037719767536682435871142615724
0.043304982795522917182751143628
0.048890505046657796450748634243
0.054476240088564803487614085498
0.060062128642566686709258760857
0.065648131546265586777622047521
0.071234221888575824377376477514
0.076820380565917792403674013713
0.082406593641199316069290148334
0.087992850706558808915325187172
0.093579143831388961194406306277
0.099165466865309415123164171746
0.104751814963816733405899128684
0.110338184257817342737162391586
0.115924571618573390985318383173
0.121510974487392980902811245869
0.127097390750164657147180946595
0.132683818643531709069449675553
0.138270256683763081984039899908
0.143856703612154052107641177827
0.149443158352631666474508165265
0.155029619978484828335396628063
0.160616087685995945211203661529
0.166202560773345831002245631680
0.171789038623589296328475484188
0.177375520690797816580897006133
0.182962006488688072591841660142
0.188548495581214531346958551694
0.194134987574723583136915294745
0.199721482111356013477987403348
0.205307978863450951712010805750
0.210894477528756785211783153500
0.216480977826291443033568384635
0.222067479492725483591897273072
0.227653982279184263770588358966
0.233240485948382536562917266565
0.238826990272018396810338458636
0.244413495028364402550380418688
0.250000000000000000000000000000
0.255586504971635597449619581312
0.261173009727981630945237156993
0.266759514051617463437082733435
0.272346017720815736229411641034
0.277932520507274571919253958185
0.283519022173708612477582846623
0.289105522471243270299368077758
0.294692021136549076043564809879
0.300278517888644014277588212281
0.305865012425276416863084705255
0.311451504418785496408617063935
0.317037993511311955163733955487
0.322624479309202183419102993867
0.328210961376410759182675747070
0.333797439226654224508905599578
0.339383912314004110299947569729
0.344970380021515143909027756308
0.350556841647368389036643065992
0.356143296387845975647934437802
0.361729743316236973527111331350
0.367316181356468318686125940076
0.372902609249835370608394669034
0.378489025512607046852764369760
0.384075428381426609014681616827
0.389661815742182671140625416228
0.395248185036183252716313063502
0.400834533134690640387987059512
0.406420856168611066561169309352
0.412007149293441232718038236271
0.417593406358800711686285467295
0.423179619434082221474113794102
0.428765778111424245011562561558
0.434351868453734468733529183737
0.439937871357433341046316854772
0.445523759911435224267961530131
0.451109494953342238243720885293
0.456695017204477138328400087630
0.462280232463317619640008615534
0.467864981492090326042898595915
0.473448972350445751455794152207
0.479031606484253635880321553486
0.484611436815132246014314887361
0.490183875457612328041534510703
0.495723599063153275157134203255
0.000000000000000000000000000000
0.005617977528089887484519238114
0.011235955056179774969038476229
0.016853932584269662453557714343
0.022471910112359549938076952458
0.028089887640449440892043142526
0.033707865168539324907115428687
0.039325842696629219330528570708
0.044943820224719099876153904916
0.050561797752808987360673143030
0.056179775280898881784086285052
0.061797752808988762329711619259
0.067415730337078649814230857373
0.073033707865168537298750095488
0.078651685393258438661057141417
0.084269662921348312267788571717
0.089887640449438199752307809831
0.095505617977528087236827047946
0.101123595505617974721346286060
0.106741573033707876083653331989
0.112359550561797763568172570103
0.117977528089887637174904000403
0.123595505617977524659423238518
0.129213483146067426021730284447
0.134831460674157299628461714747
0.140449438202247200990768760676
0.146067415730337074597500190976
0.151685393258426975959807236904
0.157303370786516877322114282833
0.162921348314606750928845713133
0.168539325842696624535577143433
0.174157303370786525897884189362
0.179775280898876399504615619662
0.185393258426966300866922665591
0.191011235955056174473654095891
0.196629213483146048080385526191
0.202247191011235949442692572120
0.207865168539325823049424002420
0.213483146067415752167306663978
0.219101123595505625774038094278
0.224719101123595527136345140207
0.230337078651685400743076570507
0.235955056179775274349808000807
0.241573033707865175712115046736
0.247191011235955049318846477036
0.252808988764044950681153522964
0.258426966292134852043460568893
0.264044943820224697894616383564
0.269662921348314599256923429493
0.275280898876404500619230475422
0.280898876404494401981537521351
0.286516853932584247832693336022
0.292134831460674149195000381951
0.297752808988763995046156196622
0.303370786516853951919614473809
0.308988764044943853281921519738
0.314606741573033754644228565667
0.320224719101123600495384380338
0.325842696629213501857691426267
0.331460674157303403219998472196
0.337078651685393249071154286867
0.342696629213483150433461332796
0.348314606741573051795768378724
0.353932584269662953158075424653
0.359550561797752799009231239324
0.365168539325842700371538285253
0.370786516853932601733845331182
0.376404494382022447585001145853
0.382022471910112348947308191782
0.387640449438202250309615237711
0.393258426966292096160771052382
0.398876404494381997523078098311
0.404494382022471898885385144240
0.410112359550561800247692190169
0.415730337078651646098848004840
0.421348314606741602972306282027
0.426966292134831504334613327956
0.432584269662921350185769142627
0.438202247191011251548076188556
0.443820224719101152910383234484
0.449438202247191054272690280413
0.455056179775280900123846095084
0.460674157303370801486153141013
0.466292134831460702848460186942
0.471910112359550548699616001613
0.477528089887640450061923047542
0.483146067415730351424230093471
0.488764044943820252786537139400
0.494382022471910098637692954071
0.500000000000000000000000000000
0.505617977528089901362307045929
0.511235955056179802724614091858
0.516853932584269704086921137787
0.522471910112359494426925721200
0.528089887640449395789232767129
0.533707865168539297151539813058
0.539325842696629198513846858987
0.544943820224719099876153904916
0.550561797752809001238460950844
0.556179775280898902600767996773
0.561797752808988803963075042702
0.567415730337078594303079626116
0.573033707865168495665386672044
0.578651685393258397027693717973
0.584269662921348298390000763902
0.589887640449438199752307809831
0.595505617977527990092312393244
0.601123595505618002476921901689
0.606741573033707903839228947618
0.612359550561797805201535993547
0.617977528089887706563843039476
0.623595505617977607926150085405
0.629213483146067509288457131333
0.634831460674157299628461714747
0.640449438202247200990768760676
0.646067415730337102353075806604
0.651685393258427003715382852533
0.657303370786516905077689898462
0.662921348314606806439996944391
0.668539325842696707802303990320
0.674157303370786498142308573733
0.679775280898876399504615619662
0.685393258426966300866922665591
0.691011235955056202229229711520
0.696629213483146103591536757449
0.702247191011236004953843803378
0.707865168539325906316150849307
0.713483146067415696656155432720
0.719101123595505598018462478649
0.724719101123595499380769524578
0.730337078651685400743076570507
0.735955056179775302105383616436
0.741573033707865203467690662364
0.747191011235955104829997708293
0.752808988764044895170002291707
0.758426966292134796532309337636
0.764044943820224697894616383564
0.769662921348314599256923429493
0.775280898876404500619230475422
0.780898876404494401981537521351
0.786516853932584192321542104764
0.792134831460674093683849150693
0.797752808988763995046156196622
0.803370786516853896408463242551
0.808988764044943797770770288480
0.814606741573033699133077334409
0.820224719101123600495384380338
0.825842696629213390835388963751
0.831460674157303292197696009680
0.837078651685393193560003055609
0.842696629213483205944612564053
0.848314606741573107306919609982
0.853932584269663008669226655911
0.859550561797752910031533701840
0.865168539325842700371538285253
0.870786516853932601733845331182
0.876404494382022503096152377111
0.882022471910112404458459423040
0.887640449438202305820766468969
0.893258426966292207183073514898
0.898876404494382108545380560827
0.904494382022471898885385144240
0.910112359550561800247692190169
0.915730337078651701609999236098
0.921348314606741602972306282027
0.926966292134831504334613327956
0.932584269662921405696920373884
0.938202247191011307059227419813
0.943820224719101097399232003227
0.949438202247190998761539049156
0.955056179775280900123846095084
0.960674157303370801486153141013
0.966292134831460702848460186942
0.971910112359550604210767232871
0.977528089887640505573074278800
0.983146067415730295913078862213
0.988764044943820197275385908142
0.994382022471910098637692954071
0.000926287105193539456529649989
0.002155112582219336804512099803
0.003383104792407468260073688526
0.004607087343463297027246206028
0.005825425788770122528803518946
0.007036596870989124570539008374
0.008239102525389110573406092897
0.009431459260797907251383520588
0.010612197289972142080771710937
0.011779861580874901108573205022
0.012933013392602665803110539855
0.014070231948644505715062535955
0.015190116144666155825748710129
0.016291286254792394089241369670
0.017372385621502371005897558121
0.018432082321784094836036871357
0.019469070805151859893111776501
0.020482073500400217735961660992
0.021469842388561140994474030208
0.022431160539836361711429901789
0.023364843612455415966522309645
0.024269741311522412957613070716
0.025144738806002524950100607271
0.025988758102073850064783755442
0.026800759371129179858828095462
0.027579742230784506928920052360
0.028324746977305192974228020830
0.029034855767926852354587907712
0.029709193751612433809228264181
0.030346930146849044468426725985
0.030947279265154812449845067590
0.031509501479034307536153391993
0.032032904133189599171771533292
0.032516842397863225666565512029
0.032960720063261082779515476204
0.033363990274077333364477482291
0.033726156203214577300464327436
0.034046771663871100432885441478
0.034325441659239092073718779830
0.034561822869137850955389978935
0.034755624072981383676506084157
0.034906606508560734936086333846
0.035014584166196481562760567385
0.035079424017902018084757997940
0.035101046181273104496156634013
0.035079424017902018084757997940
0.035014584166196481562760567385
0.034906606508560734936086333846
0.034755624072981383676506084157
0.034561822869137850955389978935
0.034325441659239092073718779830
0.034046771663871100432885441478
0.033726156203214577300464327436
0.033363990274077333364477482291
0.032960720063261082779515476204
0.032516842397863225666565512029
0.032032904133189599171771533292
0.031509501479034307536153391993
0.030947279265154812449845067590
0.030346930146849044468426725985
0.029709193751612433809228264181
0.029034855767926852354587907712
0.028324746977305192974228020830
0.027579742230784506928920052360
0.026800759371129179858828095462
0.025988758102073850064783755442
0.025144738806002524950100607271
0.024269741311522412957613070716
0.023364843612455415966522309645
0.022431160539836361711429901789
0.021469842388561140994474030208
0.020482073500400217735961660992
0.019469070805151859893111776501
0.018432082321784094836036871357
0.017372385621502371005897558121
0.016291286254792394089241369670
0.015190116144666155825748710129
0.014070231948644505715062535955
0.012933013392602665803110539855
0.011779861580874901108573205022
0.010612197289972142080771710937
0.009431459260797907251383520588
0.008239102525389110573406092897
0.007036596870989124570539008374
0.005825425788770122528803518946
0.004607087343463297027246206028
0.003383104792407468260073688526
0.002155112582219336804512099803
0.000926287105193539456529649989
