0.003925519970949295500695086503
0.009010706318108975196312648848
0.014125923422749370531037449439
0.019247925734361574084951840291
0.024372501809792727206493978542
0.029498323308136151915670453150
0.034624840790932920331357536270
0.039751786275754777411073348503
0.044879013594520553165345688740
0.050006436279244205478367035766
0.055133999919464327099660749809
0.060261668570580899373378969130
0.065389417534230956374763366057
0.070517229279115800633093158467
0.075645091016699611552454030061
0.080772993198309953055691323698
0.085900928549499697139957277159
0.091028891430234112891461961681
0.096156877399487541979716809237
0.101284882911919130177302861284
0.106412905102134899837373893661
0.111540941628385084638530599932
0.116668990557429047560944468387
0.121797050278446922222386206158
0.126925119437790362431073276639
0.132053196888909901707265248660
0.137181281653491388139443074579
0.142309372890973562242322714155
0.147437469874406479330986030618
0.152565571971158386865852207848
0.157693678627366273836685195420
0.162821789355303114810169518023
0.167949903723036697567039254864
0.173078021345902721694898218630
0.178206141879425045138063410377
0.183334265013395614207780681681
0.188462390466892171225765650888
0.193590517984054882871802760747
0.198718647330482667268114482795
0.203846778290134728051086199230
0.208974910662647173076322815177
0.214103044260989056057908896946
0.219231178909397611542786421523
0.224359314441540808049424526871
0.229487450698865058651421122704
0.234615587529091479401799347215
0.239743724784829304041977593442
0.244871862322278976975553632656
0.250000000000000000000000000000
0.255128137677721023024446367344
0.260256275215170695958022406558
0.265384412470908548353776268414
0.270512549301134996859730108554
0.275640685558459219706151088758
0.280768821090602416212789194105
0.285896955739010971697666718683
0.291025089337352882434828416081
0.296153221709865299704489416399
0.301281352669517332731885517205
0.306409482015945144883772854882
0.311537609533107884285385580370
0.316665734986604385792219318319
0.321793858120574982617512205252
0.326921978654097333816253012628
0.332050096276963302432960745136
0.337178210644696940700981713235
0.342306321372633726163314804580
0.347434428028841668645299023410
0.352562530125593520669013969382
0.357690627109026437757677285845
0.362818718346508639616132541050
0.367946803111090126048310366969
0.373074880562209720835653570248
0.378202949721553105533189409471
0.383331009442570980194631147242
0.388459058371614984750408439140
0.393587094897865086284838298525
0.398715117088080883700484946530
0.403843122600512471898070998577
0.408971108569765928741901461763
0.414099071450500344493406146285
0.419227006801690060822096484117
0.424354908983300416203121585568
0.429482770720884254878058072791
0.434610582465769057503024441758
0.439738331429419149198878358220
0.444866000080535672900339250191
0.449993563720755773704951252512
0.455120986405479488468017734704
0.460248213724245236466714459311
0.465375159209067079668642463730
0.470501676691863879309352114433
0.475627498190207331774104204669
0.480752074265638484895646342920
0.485874076577250679775943353889
0.490989293681891036946751682990
0.496074480029050746132668336941
0.000000000000000000000000000000
0.005154639175257732727764015124
0.010309278350515465455528030247
0.015463917525773196448568569394
0.020618556701030930911056060495
0.025773195876288661904096599642
0.030927835051546392897137138789
0.036082474226804127359624629889
0.041237113402061861822112120990
0.046391752577319589345705708183
0.051546391752577323808193199284
0.056701030927835058270680690384
0.061855670103092785794274277578
0.067010309278350513317867864771
0.072164948453608254719249259779
0.077319587628865982242842846972
0.082474226804123723644224241980
0.087628865979381451167817829173
0.092783505154639178691411416366
0.097938144329896920092792811374
0.103092783505154647616386398568
0.108247422680412375139979985761
0.113402061855670116541361380769
0.118556701030927844064954967962
0.123711340206185571588548555155
0.128865979381443312989929950163
0.134020618556701026635735729542
0.139175257731958795792692740179
0.144329896907216509438498519557
0.149484536082474250839879914565
0.154639175257731964485685693944
0.159793814432989705887067088952
0.164948453608247447288448483960
0.170103092783505160934254263339
0.175257731958762902335635658346
0.180412371134020615981441437725
0.185567010309278357382822832733
0.190721649484536098784204227741
0.195876288659793840185585622748
0.201030927835051581586967017756
0.206185567010309295232772797135
0.211340206185567036634154192143
0.216494845360824750279959971522
0.221649484536082491681341366530
0.226804123711340233082722761537
0.231958762886597946728528540916
0.237113402061855688129909935924
0.242268041237113401775715715303
0.247422680412371143177097110311
0.252577319587628912334054120947
0.257731958762886625979859900326
0.262886597938144339625665679705
0.268041237113402053271471459084
0.273195876288659766917277238463
0.278350515463917591585385480357
0.283505154639175305231191259736
0.288659793814433018876997039115
0.293814432989690788033954049752
0.298969072164948501679759829130
0.304123711340206215325565608509
0.309278350515463928971371387888
0.314432989690721698128328398525
0.319587628865979411774134177904
0.324742268041237125419939957283
0.329896907216494894576896967919
0.335051546391752608222702747298
0.340206185567010321868508526677
0.345360824742268091025465537314
0.350515463917525804671271316693
0.355670103092783518317077096071
0.360824742268041231962882875450
0.365979381443299001119839886087
0.371134020618556714765645665466
0.376288659793814428411451444845
0.381443298969072197568408455481
0.386597938144329966725365466118
0.391752577319587680371171245497
0.396907216494845394016977024876
0.402061855670103163173934035513
0.407216494845360876819739814891
0.412371134020618590465545594270
0.417525773195876359622502604907
0.422680412371134073268308384286
0.427835051546391786914114163665
0.432989690721649500559919943043
0.438144329896907269716876953680
0.443298969072164983362682733059
0.448453608247422697008488512438
0.453608247422680466165445523075
0.458762886597938179811251302453
0.463917525773195893457057081832
0.469072164948453662614014092469
0.474226804123711376259819871848
0.479381443298969089905625651227
0.484536082474226803551431430606
0.489690721649484572708388441242
0.494845360824742286354194220621
0.500000000000000111022302462516
0.505154639175257824668108241895
0.510309278350515538313914021273
0.515463917525773251959719800652
0.520618556701030965605525580031
0.525773195876288679251331359410
0.530927835051546392897137138789
0.536082474226804106542942918168
0.541237113402061820188748697547
0.546391752577319533834554476925
0.551546391752577469524965181336
0.556701030927835183170770960714
0.561855670103092896816576740093
0.567010309278350610462382519472
0.572164948453608324108188298851
0.577319587628866037753994078230
0.582474226804123751399799857609
0.587628865979381576067908099503
0.592783505154639289713713878882
0.597938144329897003359519658261
0.603092783505154717005325437640
0.608247422680412430651131217019
0.613402061855670144296936996398
0.618556701030927857942742775776
0.623711340206185682610851017671
0.628865979381443396256656797050
0.634020618556701109902462576429
0.639175257731958823548268355808
0.644329896907216537194074135186
0.649484536082474250839879914565
0.654639175257732075507988156460
0.659793814432989789153793935839
0.664948453608247502799599715217
0.670103092783505216445405494596
0.675257731958762930091211273975
0.680412371134020643737017053354
0.685567010309278357382822832733
0.690721649484536182050931074627
0.695876288659793895696736854006
0.701030927835051609342542633385
0.706185567010309322988348412764
0.711340206185567036634154192143
0.716494845360824750279959971522
0.721649484536082463925765750901
0.726804123711340288593873992795
0.731958762886598002239679772174
0.737113402061855715885485551553
0.742268041237113429531291330932
0.747422680412371143177097110311
0.752577319587628856822902889689
0.757731958762886570468708669068
0.762886597938144395136816910963
0.768041237113402108782622690342
0.773195876288659933450730932236
0.778350515463917647096536711615
0.783505154639175360742342490994
0.788659793814433074388148270373
0.793814432989690788033954049752
0.798969072164948612702062291646
0.804123711340206326347868071025
0.809278350515464039993673850404
0.814432989690721753639479629783
0.819587628865979467285285409162
0.824742268041237180931091188540
0.829896907216494894576896967919
0.835051546391752719245005209814
0.840206185567010432890810989193
0.845360824742268146536616768572
0.850515463917525860182422547950
0.855670103092783573828228327329
0.860824742268041287474034106708
0.865979381443299001119839886087
0.871134020618556825787948127982
0.876288659793814539433753907360
0.881443298969072253079559686739
0.886597938144329966725365466118
0.891752577319587680371171245497
0.896907216494845394016977024876
0.902061855670103218685085266770
0.907216494845360932330891046149
0.912371134020618645976696825528
0.917525773195876359622502604907
0.922680412371134073268308384286
0.927835051546391786914114163665
0.932989690721649500559919943043
0.938144329896907325228028184938
0.943298969072165038873833964317
0.948453608247422752519639743696
0.953608247422680466165445523075
0.958762886597938179811251302453
0.963917525773195893457057081832
0.969072164948453607102862861211
0.974226804123711431770971103106
0.979381443298969145416776882485
0.984536082474226859062582661863
0.989690721649484572708388441242
0.994845360824742397376496683137
0.000780533221942668917030239140
0.001816146398210079530508020973
0.002851409243213090787677499449
0.003883845329489321162447224012
0.004912276262165987845975667625
0.005935615630788229797609734106
0.006952796096469419061258943060
0.007962759997865500108393810308
0.008964458176697977231928149422
0.009956850427084008511857682322
0.010938906359195914308468644549
0.011909606385330749611650702491
0.012867942742493414243210025916
0.013812920521853061864292477878
0.014743558693236914411417437520
0.015658891119156904264686502870
0.016557967555342459342604399808
0.017439854635807786054080281701
0.018303636840964095100492414758
0.019148417447528185558747182426
0.019973319459108049983564470153
0.020777486516426454943307078338
0.021560083786191758248307337453
0.022320298827667114233141987256
0.023057342436026015408678802032
0.023770449461603070789861291701
0.024458879604187820644423112526
0.025121918181529975105936713931
0.025758876871256827095768571212
0.026369094425429309008768186118
0.026951937356996406858211656754
0.027506800597430394739184578157
0.028033108124862683718792055743
0.028530313562067137478361900094
0.028997900743668536538422131343
0.029435384251987332243638562090
0.029842309920967011876991037411
0.030218255307656018138207087986
0.030562830130758583679906337238
0.030875676675797689846314497686
0.031156470166469066307435298313
0.031404919101801730130230083660
0.031620765558774042991441177719
0.031803785460071495871936519961
0.031953788806708648129184524578
0.032070619875272883547712154950
0.032154157379585504572538923185
0.032204314596613485555121059178
0.032221039456498727637789869505
0.032204314596613485555121059178
0.032154157379585504572538923185
0.032070619875272883547712154950
0.031953788806708648129184524578
0.031803785460071495871936519961
0.031620765558774042991441177719
0.031404919101801730130230083660
0.031156470166469066307435298313
0.030875676675797689846314497686
0.030562830130758583679906337238
0.030218255307656018138207087986
0.029842309920967011876991037411
0.029435384251987332243638562090
0.028997900743668536538422131343
0.028530313562067137478361900094
0.028033108124862683718792055743
0.027506800597430394739184578157
0.026951937356996406858211656754
0.026369094425429309008768186118
0.025758876871256827095768571212
0.025121918181529975105936713931
0.024458879604187820644423112526
0.023770449461603070789861291701
0.023057342436026015408678802032
0.022320298827667114233141987256
0.021560083786191758248307337453
0.020777486516426454943307078338
0.019973319459108049983564470153
0.019148417447528185558747182426
0.018303636840964095100492414758
0.017439854635807786054080281701
0.016557967555342459342604399808
0.015658891119156904264686502870
0.014743558693236914411417437520
0.013812920521853061864292477878
0.012867942742493414243210025916
0.011909606385330749611650702491
0.010938906359195914308468644549
0.009956850427084008511857682322
0.008964458176697977231928149422
0.007962759997865500108393810308
0.006952796096469419061258943060
0.005935615630788229797609734106
0.004912276262165987845975667625
0.003883845329489321162447224012
0.002851409243213090787677499449
0.001816146398210079530508020973
0.000780533221942668917030239140
