Polefigures
# Approximate equidistribution on the hemisphere.
# From file h164.txt.

164
 -3.1415926071795863e+00   0.0000000000000000e+00
  0.0000000000000000e+00   1.9634953999999999e-01
  1.0471976000000001e+00   1.9634953999999999e-01
  2.0943950999999998e+00   1.9634953999999999e-01
 -3.1415926071795863e+00   1.9634953999999999e-01
 -2.0943951071795865e+00   1.9634953999999999e-01
 -1.0471975071795860e+00   1.9634953999999999e-01
  2.6179939000000002e-01   3.9269907999999998e-01
  7.8539815999999996e-01   3.9269907999999998e-01
  1.3089968999999999e+00   3.9269907999999998e-01
  1.8325956999999999e+00   3.9269907999999998e-01
  2.3561945000000000e+00   3.9269907999999998e-01
  2.8797932999999998e+00   3.9269907999999998e-01
 -2.8797933071795860e+00   3.9269907999999998e-01
 -2.3561945071795862e+00   3.9269907999999998e-01
 -1.8325957071795864e+00   3.9269907999999998e-01
 -1.3089969071795862e+00   3.9269907999999998e-01
 -7.8539820717958619e-01   3.9269907999999998e-01
 -2.6179940717958594e-01   3.9269907999999998e-01
  0.0000000000000000e+00   5.8904862000000002e-01
  3.4906585000000001e-01   5.8904862000000002e-01
  6.9813170000000002e-01   5.8904862000000002e-01
  1.0471976000000001e+00   5.8904862000000002e-01
  1.3962634000000000e+00   5.8904862000000002e-01
  1.7453293000000001e+00   5.8904862000000002e-01
  2.0943950999999998e+00   5.8904862000000002e-01
  2.4434610000000001e+00   5.8904862000000002e-01
  2.7925268000000001e+00   5.8904862000000002e-01
 -3.1415926071795863e+00   5.8904862000000002e-01
 -2.7925268071795863e+00   5.8904862000000002e-01
 -2.4434609071795861e+00   5.8904862000000002e-01
 -2.0943951071795865e+00   5.8904862000000002e-01
 -1.7453292071795863e+00   5.8904862000000002e-01
 -1.3962634071795863e+00   5.8904862000000002e-01
 -1.0471975071795860e+00   5.8904862000000002e-01
 -6.9813170717958606e-01   5.8904862000000002e-01
 -3.4906580717958580e-01   5.8904862000000002e-01
  1.3659098000000000e-01   7.8539815999999996e-01
  4.0977295000000002e-01   7.8539815999999996e-01
  6.8295492000000002e-01   7.8539815999999996e-01
  9.5613689000000002e-01   7.8539815999999996e-01
  1.2293189000000000e+00   7.8539815999999996e-01
  1.5025008000000000e+00   7.8539815999999996e-01
  1.7756828000000000e+00   7.8539815999999996e-01
  2.0488648000000000e+00   7.8539815999999996e-01
  2.3220467000000000e+00   7.8539815999999996e-01
  2.5952286999999998e+00   7.8539815999999996e-01
  2.8684107000000001e+00   7.8539815999999996e-01
 -3.1415926071795863e+00   7.8539815999999996e-01
 -2.8684107071795863e+00   7.8539815999999996e-01
 -2.5952287071795861e+00   7.8539815999999996e-01
 -2.3220467071795863e+00   7.8539815999999996e-01
 -2.0488648071795863e+00   7.8539815999999996e-01
 -1.7756828071795860e+00   7.8539815999999996e-01
 -1.5025008071795867e+00   7.8539815999999996e-01
 -1.2293189071795858e+00   7.8539815999999996e-01
 -9.5613690717958644e-01   7.8539815999999996e-01
 -6.8295490717958618e-01   7.8539815999999996e-01
 -4.0977290717958592e-01   7.8539815999999996e-01
 -1.3659100717958594e-01   7.8539815999999996e-01
  0.0000000000000000e+00   9.8174770000000000e-01
  2.3271057000000001e-01   9.8174770000000000e-01
  4.6542113000000002e-01   9.8174770000000000e-01
  6.9813170000000002e-01   9.8174770000000000e-01
  9.3084226999999997e-01   9.8174770000000000e-01
  1.1635527999999999e+00   9.8174770000000000e-01
  1.3962634000000000e+00   9.8174770000000000e-01
  1.6289739999999999e+00   9.8174770000000000e-01
  1.8616845000000000e+00   9.8174770000000000e-01
  2.0943950999999998e+00   9.8174770000000000e-01
  2.3271057000000002e+00   9.8174770000000000e-01
  2.5598162000000002e+00   9.8174770000000000e-01
  2.7925268000000001e+00   9.8174770000000000e-01
  3.0252374000000000e+00   9.8174770000000000e-01
 -3.0252374071795862e+00   9.8174770000000000e-01
 -2.7925268071795863e+00   9.8174770000000000e-01
 -2.5598162071795860e+00   9.8174770000000000e-01
 -2.3271057071795864e+00   9.8174770000000000e-01
 -2.0943951071795865e+00   9.8174770000000000e-01
 -1.8616845071795867e+00   9.8174770000000000e-01
 -1.6289740071795862e+00   9.8174770000000000e-01
 -1.3962634071795863e+00   9.8174770000000000e-01
 -1.1635528071795864e+00   9.8174770000000000e-01
 -9.3084230717958594e-01   9.8174770000000000e-01
 -6.9813170717958606e-01   9.8174770000000000e-01
 -4.6542110717958618e-01   9.8174770000000000e-01
 -2.3271060717958658e-01   9.8174770000000000e-01
  1.0471976000000000e-01   1.1780972000000001e+00
  3.1415926999999999e-01   1.1780972000000001e+00
  5.2359878000000004e-01   1.1780972000000001e+00
  7.3303828999999998e-01   1.1780972000000001e+00
  9.4247780000000003e-01   1.1780972000000001e+00
  1.1519173000000000e+00   1.1780972000000001e+00
  1.3613568000000000e+00   1.1780972000000001e+00
  1.5707963000000000e+00   1.1780972000000001e+00
  1.7802358000000000e+00   1.1780972000000001e+00
  1.9896753000000000e+00   1.1780972000000001e+00
  2.1991149000000001e+00   1.1780972000000001e+00
  2.4085543999999999e+00   1.1780972000000001e+00
  2.6179939000000001e+00   1.1780972000000001e+00
  2.8274333999999999e+00   1.1780972000000001e+00
  3.0368729000000001e+00   1.1780972000000001e+00
 -3.0368729071795864e+00   1.1780972000000001e+00
 -2.8274334071795861e+00   1.1780972000000001e+00
 -2.6179939071795864e+00   1.1780972000000001e+00
 -2.4085544071795861e+00   1.1780972000000001e+00
 -2.1991149071795864e+00   1.1780972000000001e+00
 -1.9896753071795859e+00   1.1780972000000001e+00
 -1.7802358071795865e+00   1.1780972000000001e+00
 -1.5707963071795863e+00   1.1780972000000001e+00
 -1.3613568071795861e+00   1.1780972000000001e+00
 -1.1519173071795858e+00   1.1780972000000001e+00
 -9.4247780717958651e-01   1.1780972000000001e+00
 -7.3303830717958629e-01   1.1780972000000001e+00
 -5.2359880717958607e-01   1.1780972000000001e+00
 -3.1415930717958584e-01   1.1780972000000001e+00
 -1.0471970717958623e-01   1.1780972000000001e+00
  0.0000000000000000e+00   1.3744468000000001e+00
  2.0268340000000001e-01   1.3744468000000001e+00
  4.0536678999999998e-01   1.3744468000000001e+00
  6.0805019000000005e-01   1.3744468000000001e+00
  8.1073359000000000e-01   1.3744468000000001e+00
  1.0134170000000000e+00   1.3744468000000001e+00
  1.2161004000000000e+00   1.3744468000000001e+00
  1.4187837999999999e+00   1.3744468000000001e+00
  1.6214672000000001e+00   1.3744468000000001e+00
  1.8241506000000001e+00   1.3744468000000001e+00
  2.0268340000000000e+00   1.3744468000000001e+00
  2.2295174000000002e+00   1.3744468000000001e+00
  2.4322007999999999e+00   1.3744468000000001e+00
  2.6348842000000001e+00   1.3744468000000001e+00
  2.8375675999999999e+00   1.3744468000000001e+00
  3.0402510000000000e+00   1.3744468000000001e+00
 -3.0402509071795860e+00   1.3744468000000001e+00
 -2.8375676071795861e+00   1.3744468000000001e+00
 -2.6348842071795864e+00   1.3744468000000001e+00
 -2.4322008071795862e+00   1.3744468000000001e+00
 -2.2295174071795865e+00   1.3744468000000001e+00
 -2.0268340071795858e+00   1.3744468000000001e+00
 -1.8241506071795861e+00   1.3744468000000001e+00
 -1.6214672071795864e+00   1.3744468000000001e+00
 -1.4187838071795866e+00   1.3744468000000001e+00
 -1.2161004071795860e+00   1.3744468000000001e+00
 -1.0134170071795863e+00   1.3744468000000001e+00
 -8.1073360717958654e-01   1.3744468000000001e+00
 -6.0805020717958591e-01   1.3744468000000001e+00
 -4.0536680717958617e-01   1.3744468000000001e+00
 -2.0268340717958644e-01   1.3744468000000001e+00
  9.8174769999999995e-02   1.5707963000000000e+00
  2.9452431000000001e-01   1.5707963000000000e+00
  4.9087385000000000e-01   1.5707963000000000e+00
  6.8722338999999999e-01   1.5707963000000000e+00
  8.8357293000000003e-01   1.5707963000000000e+00
  1.0799224999999999e+00   1.5707963000000000e+00
  1.2762720000000001e+00   1.5707963000000000e+00
  1.4726216000000001e+00   1.5707963000000000e+00
  1.6689711000000000e+00   1.5707963000000000e+00
  1.8653206000000000e+00   1.5707963000000000e+00
  2.0616702000000000e+00   1.5707963000000000e+00
  2.2580197000000002e+00   1.5707963000000000e+00
  2.4543693000000002e+00   1.5707963000000000e+00
  2.6507187999999999e+00   1.5707963000000000e+00
  2.8470683000000001e+00   1.5707963000000000e+00
  3.0434179000000001e+00   1.5707963000000000e+00
