Polefigures
# Approximate equidistribution on the hemisphere.
# From file h19.txt.

19
  1.0471976000000001e+00   1.5707963000000000e+00
 -3.1415926071795863e+00   1.5707963000000000e+00
 -1.0471976000000001e+00   1.5707963000000000e+00
  1.0471976000000001e+00   2.2845206999999998e+00
 -3.1415926071795863e+00   2.2845206999999998e+00
 -1.0471976000000001e+00   2.2845206999999998e+00
  5.2359878000000004e-01   1.5707963000000000e+00
  2.6179939000000001e+00   1.5707963000000000e+00
 -1.5707963000000000e+00   1.5707963000000000e+00
  5.2359878000000004e-01   2.0344438999999999e+00
  2.6179939000000001e+00   2.0344438999999999e+00
 -1.5707963000000000e+00   2.0344438999999999e+00
  2.6179939000000001e+00   1.1071487000000000e+00
 -1.5707963000000000e+00   1.1071487000000000e+00
  5.2359878000000004e-01   1.1071487000000000e+00
 -1.1102230000000000e-16   2.6179939000000001e+00
  2.0943950999999998e+00   2.6179939000000001e+00
 -2.0943950999999998e+00   2.6179939000000001e+00
 -1.5097354999999999e-16   3.1415926535897931e+00
