Polefigures
# Approximate equidistribution on the hemisphere.
# From file h23.txt.

23
 -3.1415926071795863e+00   0.0000000000000000e+00
  0.0000000000000000e+00   5.2359878000000004e-01
  1.0471976000000001e+00   5.2359878000000004e-01
  2.0943950999999998e+00   5.2359878000000004e-01
 -3.1415926071795863e+00   5.2359878000000004e-01
 -2.0943951071795865e+00   5.2359878000000004e-01
 -1.0471975071795860e+00   5.2359878000000004e-01
  3.1415926999999999e-01   1.0471976000000001e+00
  9.4247780000000003e-01   1.0471976000000001e+00
  1.5707963000000000e+00   1.0471976000000001e+00
  2.1991149000000001e+00   1.0471976000000001e+00
  2.8274333999999999e+00   1.0471976000000001e+00
 -2.8274334071795861e+00   1.0471976000000001e+00
 -2.1991149071795864e+00   1.0471976000000001e+00
 -1.5707963071795863e+00   1.0471976000000001e+00
 -9.4247780717958651e-01   1.0471976000000001e+00
 -3.1415930717958584e-01   1.0471976000000001e+00
  0.0000000000000000e+00   1.5707963000000000e+00
  5.2359878000000004e-01   1.5707963000000000e+00
  1.0471976000000001e+00   1.5707963000000000e+00
  1.5707963000000000e+00   1.5707963000000000e+00
  2.0943950999999998e+00   1.5707963000000000e+00
  2.6179939000000001e+00   1.5707963000000000e+00
