Polefigures
# Approximate equidistribution on the hemisphere.
# From file h28.txt.

28
 -3.1415926071795863e+00   1.5707963000000000e+00
 -2.4492935999999999e-16   1.5707963000000000e+00
 -3.1415926071795863e+00   1.5707963000000000e+00
 -2.4492935999999999e-16   1.5707963000000000e+00
  1.5707963000000000e+00   1.5707963000000000e+00
 -1.5707963000000000e+00   1.5707963000000000e+00
 -1.5707963000000000e+00   1.5707963000000000e+00
  1.5707963000000000e+00   1.5707963000000000e+00
  1.5707963000000000e+00   3.1415926535897931e+00
 -1.5707963000000000e+00   3.1415926535897931e+00
 -1.5707963000000000e+00   0.0000000000000000e+00
  1.5707963000000000e+00   0.0000000000000000e+00
  2.3561945000000000e+00   1.5707963000000000e+00
 -7.8539815999999996e-01   1.5707963000000000e+00
 -2.3561945000000000e+00   1.5707963000000000e+00
  7.8539815999999996e-01   1.5707963000000000e+00
 -3.1415926071795863e+00   2.3561945000000000e+00
 -3.6739404000000000e-16   2.3561945000000000e+00
  3.1415926071795863e+00   7.8539815999999996e-01
 -7.3467041000000003e-48   7.8539815999999996e-01
  1.5707963000000000e+00   2.3561945000000000e+00
 -1.5707963000000000e+00   2.3561945000000000e+00
 -1.5707963000000000e+00   7.8539815999999996e-01
  1.5707963000000000e+00   7.8539815999999996e-01
  2.3561945000000000e+00   2.1862759999999999e+00
 -7.8539815999999996e-01   2.1862759999999999e+00
 -2.3561945000000000e+00   9.5531661999999995e-01
  7.8539815999999996e-01   9.5531661999999995e-01
