Polefigures
# Approximate equidistribution on the hemisphere.
# From file h308.txt.

308
 -3.1415926071795863e+00   0.0000000000000000e+00
  0.0000000000000000e+00   1.4279966999999999e-01
  1.0471976000000001e+00   1.4279966999999999e-01
  2.0943950999999998e+00   1.4279966999999999e-01
 -3.1415926071795863e+00   1.4279966999999999e-01
 -2.0943951071795865e+00   1.4279966999999999e-01
 -1.0471975071795860e+00   1.4279966999999999e-01
  2.6179939000000002e-01   2.8559932999999998e-01
  7.8539815999999996e-01   2.8559932999999998e-01
  1.3089968999999999e+00   2.8559932999999998e-01
  1.8325956999999999e+00   2.8559932999999998e-01
  2.3561945000000000e+00   2.8559932999999998e-01
  2.8797932999999998e+00   2.8559932999999998e-01
 -2.8797933071795860e+00   2.8559932999999998e-01
 -2.3561945071795862e+00   2.8559932999999998e-01
 -1.8325957071795864e+00   2.8559932999999998e-01
 -1.3089969071795862e+00   2.8559932999999998e-01
 -7.8539820717958619e-01   2.8559932999999998e-01
 -2.6179940717958594e-01   2.8559932999999998e-01
  0.0000000000000000e+00   4.2839899999999997e-01
  3.4906585000000001e-01   4.2839899999999997e-01
  6.9813170000000002e-01   4.2839899999999997e-01
  1.0471976000000001e+00   4.2839899999999997e-01
  1.3962634000000000e+00   4.2839899999999997e-01
  1.7453293000000001e+00   4.2839899999999997e-01
  2.0943950999999998e+00   4.2839899999999997e-01
  2.4434610000000001e+00   4.2839899999999997e-01
  2.7925268000000001e+00   4.2839899999999997e-01
 -3.1415926071795863e+00   4.2839899999999997e-01
 -2.7925268071795863e+00   4.2839899999999997e-01
 -2.4434609071795861e+00   4.2839899999999997e-01
 -2.0943951071795865e+00   4.2839899999999997e-01
 -1.7453292071795863e+00   4.2839899999999997e-01
 -1.3962634071795863e+00   4.2839899999999997e-01
 -1.0471975071795860e+00   4.2839899999999997e-01
 -6.9813170717958606e-01   4.2839899999999997e-01
 -3.4906580717958580e-01   4.2839899999999997e-01
  1.3089969000000001e-01   5.7119865999999997e-01
  3.9269907999999998e-01   5.7119865999999997e-01
  6.5449847000000005e-01   5.7119865999999997e-01
  9.1629786000000002e-01   5.7119865999999997e-01
  1.1780972000000001e+00   5.7119865999999997e-01
  1.4398966000000000e+00   5.7119865999999997e-01
  1.7016960000000001e+00   5.7119865999999997e-01
  1.9634954000000000e+00   5.7119865999999997e-01
  2.2252947999999999e+00   5.7119865999999997e-01
  2.4870942000000000e+00   5.7119865999999997e-01
  2.7488936000000002e+00   5.7119865999999997e-01
  3.0106929999999998e+00   5.7119865999999997e-01
 -3.0106930071795861e+00   5.7119865999999997e-01
 -2.7488936071795864e+00   5.7119865999999997e-01
 -2.4870942071795863e+00   5.7119865999999997e-01
 -2.2252948071795862e+00   5.7119865999999997e-01
 -1.9634954071795860e+00   5.7119865999999997e-01
 -1.7016960071795859e+00   5.7119865999999997e-01
 -1.4398966071795867e+00   5.7119865999999997e-01
 -1.1780972071795865e+00   5.7119865999999997e-01
 -9.1629790717958581e-01   5.7119865999999997e-01
 -6.5449850717958657e-01   5.7119865999999997e-01
 -3.9269910717958645e-01   5.7119865999999997e-01
 -1.3089970717958632e-01   5.7119865999999997e-01
  0.0000000000000000e+00   7.1399833000000001e-01
  2.1666156000000000e-01   7.1399833000000001e-01
  4.3332312000000001e-01   7.1399833000000001e-01
  6.4998469000000003e-01   7.1399833000000001e-01
  8.6664624999999995e-01   7.1399833000000001e-01
  1.0833078000000000e+00   7.1399833000000001e-01
  1.2999693999999999e+00   7.1399833000000001e-01
  1.5166309000000000e+00   7.1399833000000001e-01
  1.7332924999999999e+00   7.1399833000000001e-01
  1.9499541000000000e+00   7.1399833000000001e-01
  2.1666156000000001e+00   7.1399833000000001e-01
  2.3832772000000002e+00   7.1399833000000001e-01
  2.5999387000000000e+00   7.1399833000000001e-01
  2.8166003000000002e+00   7.1399833000000001e-01
  3.0332618999999998e+00   7.1399833000000001e-01
 -3.0332619071795861e+00   7.1399833000000001e-01
 -2.8166003071795864e+00   7.1399833000000001e-01
 -2.5999387071795863e+00   7.1399833000000001e-01
 -2.3832772071795860e+00   7.1399833000000001e-01
 -2.1666156071795859e+00   7.1399833000000001e-01
 -1.9499541071795861e+00   7.1399833000000001e-01
 -1.7332925071795859e+00   7.1399833000000001e-01
 -1.5166309071795858e+00   7.1399833000000001e-01
 -1.2999694071795860e+00   7.1399833000000001e-01
 -1.0833078071795859e+00   7.1399833000000001e-01
 -8.6664620717958663e-01   7.1399833000000001e-01
 -6.4998470717958590e-01   7.1399833000000001e-01
 -4.3332310717958666e-01   7.1399833000000001e-01
 -2.1666160717958594e-01   7.1399833000000001e-01
  9.5199776999999999e-02   8.5679799999999995e-01
  2.8559932999999998e-01   8.5679799999999995e-01
  4.7599889000000001e-01   8.5679799999999995e-01
  6.6639844000000004e-01   8.5679799999999995e-01
  8.5679799999999995e-01   8.5679799999999995e-01
  1.0471976000000001e+00   8.5679799999999995e-01
  1.2375970999999999e+00   8.5679799999999995e-01
  1.4279967000000000e+00   8.5679799999999995e-01
  1.6183962000000001e+00   8.5679799999999995e-01
  1.8087958000000000e+00   8.5679799999999995e-01
  1.9991953000000000e+00   8.5679799999999995e-01
  2.1895948999999999e+00   8.5679799999999995e-01
  2.3799944000000002e+00   8.5679799999999995e-01
  2.5703939999999998e+00   8.5679799999999995e-01
  2.7607935000000001e+00   8.5679799999999995e-01
  2.9511930999999998e+00   8.5679799999999995e-01
 -3.1415926071795863e+00   8.5679799999999995e-01
 -2.9511931071795861e+00   8.5679799999999995e-01
 -2.7607935071795864e+00   8.5679799999999995e-01
 -2.5703940071795861e+00   8.5679799999999995e-01
 -2.3799944071795864e+00   8.5679799999999995e-01
 -2.1895949071795862e+00   8.5679799999999995e-01
 -1.9991953071795860e+00   8.5679799999999995e-01
 -1.8087958071795862e+00   8.5679799999999995e-01
 -1.6183962071795861e+00   8.5679799999999995e-01
 -1.4279967071795863e+00   8.5679799999999995e-01
 -1.2375971071795862e+00   8.5679799999999995e-01
 -1.0471975071795860e+00   8.5679799999999995e-01
 -8.5679800717958621e-01   8.5679799999999995e-01
 -6.6639840717958609e-01   8.5679799999999995e-01
 -4.7599890717958626e-01   8.5679799999999995e-01
 -2.8559930717958615e-01   8.5679799999999995e-01
 -9.5199807179586315e-02   8.5679799999999995e-01
  0.0000000000000000e+00   9.9959766000000005e-01
  1.6981582000000001e-01   9.9959766000000005e-01
  3.3963164000000001e-01   9.9959766000000005e-01
  5.0944745999999996e-01   9.9959766000000005e-01
  6.7926328000000002e-01   9.9959766000000005e-01
  8.4907909999999998e-01   9.9959766000000005e-01
  1.0188949000000000e+00   9.9959766000000005e-01
  1.1887106999999999e+00   9.9959766000000005e-01
  1.3585266000000000e+00   9.9959766000000005e-01
  1.5283424000000001e+00   9.9959766000000005e-01
  1.6981582000000000e+00   9.9959766000000005e-01
  1.8679740000000000e+00   9.9959766000000005e-01
  2.0377898000000001e+00   9.9959766000000005e-01
  2.2076055999999999e+00   9.9959766000000005e-01
  2.3774215000000001e+00   9.9959766000000005e-01
  2.5472372999999999e+00   9.9959766000000005e-01
  2.7170531000000002e+00   9.9959766000000005e-01
  2.8868689000000001e+00   9.9959766000000005e-01
  3.0566846999999999e+00   9.9959766000000005e-01
 -3.0566847071795862e+00   9.9959766000000005e-01
 -2.8868689071795863e+00   9.9959766000000005e-01
 -2.7170531071795860e+00   9.9959766000000005e-01
 -2.5472373071795862e+00   9.9959766000000005e-01
 -2.3774215071795863e+00   9.9959766000000005e-01
 -2.2076056071795866e+00   9.9959766000000005e-01
 -2.0377898071795864e+00   9.9959766000000005e-01
 -1.8679740071795861e+00   9.9959766000000005e-01
 -1.6981582071795867e+00   9.9959766000000005e-01
 -1.5283424071795864e+00   9.9959766000000005e-01
 -1.3585265071795867e+00   9.9959766000000005e-01
 -1.1887107071795864e+00   9.9959766000000005e-01
 -1.0188949071795861e+00   9.9959766000000005e-01
 -8.4907910717958579e-01   9.9959766000000005e-01
 -6.7926330717958638e-01   9.9959766000000005e-01
 -5.0944750717958609e-01   9.9959766000000005e-01
 -3.3963160717958640e-01   9.9959766000000005e-01
 -1.6981580717958611e-01   9.9959766000000005e-01
  7.8539815999999998e-02   1.1423973000000001e+00
  2.3561945000000001e-01   1.1423973000000001e+00
  3.9269907999999998e-01   1.1423973000000001e+00
  5.4977871000000000e-01   1.1423973000000001e+00
  7.0685834999999997e-01   1.1423973000000001e+00
  8.6393797999999999e-01   1.1423973000000001e+00
  1.0210176000000000e+00   1.1423973000000001e+00
  1.1780972000000001e+00   1.1423973000000001e+00
  1.3351769000000000e+00   1.1423973000000001e+00
  1.4922565000000001e+00   1.1423973000000001e+00
  1.6493361000000000e+00   1.1423973000000001e+00
  1.8064157999999999e+00   1.1423973000000001e+00
  1.9634954000000000e+00   1.1423973000000001e+00
  2.1205750000000001e+00   1.1423973000000001e+00
  2.2776546999999998e+00   1.1423973000000001e+00
  2.4347343000000001e+00   1.1423973000000001e+00
  2.5918139000000000e+00   1.1423973000000001e+00
  2.7488936000000002e+00   1.1423973000000001e+00
  2.9059732000000000e+00   1.1423973000000001e+00
  3.0630527999999999e+00   1.1423973000000001e+00
 -3.0630528071795862e+00   1.1423973000000001e+00
 -2.9059732071795863e+00   1.1423973000000001e+00
 -2.7488936071795864e+00   1.1423973000000001e+00
 -2.5918139071795863e+00   1.1423973000000001e+00
 -2.4347343071795864e+00   1.1423973000000001e+00
 -2.2776547071795861e+00   1.1423973000000001e+00
 -2.1205750071795864e+00   1.1423973000000001e+00
 -1.9634954071795860e+00   1.1423973000000001e+00
 -1.8064158071795866e+00   1.1423973000000001e+00
 -1.6493361071795860e+00   1.1423973000000001e+00
 -1.4922565071795866e+00   1.1423973000000001e+00
 -1.3351769071795863e+00   1.1423973000000001e+00
 -1.1780972071795865e+00   1.1423973000000001e+00
 -1.0210176071795862e+00   1.1423973000000001e+00
 -8.6393800717958591e-01   1.1423973000000001e+00
 -7.0685830717958620e-01   1.1423973000000001e+00
 -5.4977870717958588e-01   1.1423973000000001e+00
 -3.9269910717958645e-01   1.1423973000000001e+00
 -2.3561940717958585e-01   1.1423973000000001e+00
 -7.8539807179586418e-02   1.1423973000000001e+00
  0.0000000000000000e+00   1.2851969999999999e+00
  1.4959965000000000e-01   1.2851969999999999e+00
  2.9919930000000000e-01   1.2851969999999999e+00
  4.4879894999999997e-01   1.2851969999999999e+00
  5.9839860000000000e-01   1.2851969999999999e+00
  7.4799824999999998e-01   1.2851969999999999e+00
  8.9759789999999995e-01   1.2851969999999999e+00
  1.0471976000000001e+00   1.2851969999999999e+00
  1.1967972000000000e+00   1.2851969999999999e+00
  1.3463969000000000e+00   1.2851969999999999e+00
  1.4959965000000000e+00   1.2851969999999999e+00
  1.6455962000000000e+00   1.2851969999999999e+00
  1.7951957999999999e+00   1.2851969999999999e+00
  1.9447954999999999e+00   1.2851969999999999e+00
  2.0943950999999998e+00   1.2851969999999999e+00
  2.2439947999999998e+00   1.2851969999999999e+00
  2.3935944000000000e+00   1.2851969999999999e+00
  2.5431941000000000e+00   1.2851969999999999e+00
  2.6927937000000002e+00   1.2851969999999999e+00
  2.8423934000000002e+00   1.2851969999999999e+00
  2.9919929999999999e+00   1.2851969999999999e+00
 -3.1415926071795863e+00   1.2851969999999999e+00
 -2.9919930071795862e+00   1.2851969999999999e+00
 -2.8423933071795862e+00   1.2851969999999999e+00
 -2.6927937071795864e+00   1.2851969999999999e+00
 -2.5431940071795864e+00   1.2851969999999999e+00
 -2.3935944071795863e+00   1.2851969999999999e+00
 -2.2439947071795858e+00   1.2851969999999999e+00
 -2.0943951071795865e+00   1.2851969999999999e+00
 -1.9447954071795861e+00   1.2851969999999999e+00
 -1.7951958071795859e+00   1.2851969999999999e+00
 -1.6455961071795864e+00   1.2851969999999999e+00
 -1.4959965071795862e+00   1.2851969999999999e+00
 -1.3463968071795867e+00   1.2851969999999999e+00
 -1.1967972071795865e+00   1.2851969999999999e+00
 -1.0471975071795860e+00   1.2851969999999999e+00
 -8.9759790717958587e-01   1.2851969999999999e+00
 -7.4799820717958632e-01   1.2851969999999999e+00
 -5.9839860717958615e-01   1.2851969999999999e+00
 -4.4879890717958659e-01   1.2851969999999999e+00
 -2.9919930717958643e-01   1.2851969999999999e+00
 -1.4959960717958598e-01   1.2851969999999999e+00
  7.1399832999999996e-02   1.4279967000000000e+00
  2.1419949999999999e-01   1.4279967000000000e+00
  3.5699916999999998e-01   1.4279967000000000e+00
  4.9979883000000003e-01   1.4279967000000000e+00
  6.4259849999999996e-01   1.4279967000000000e+00
  7.8539815999999996e-01   1.4279967000000000e+00
  9.2819783000000000e-01   1.4279967000000000e+00
  1.0709975000000000e+00   1.4279967000000000e+00
  1.2137971999999999e+00   1.4279967000000000e+00
  1.3565967999999999e+00   1.4279967000000000e+00
  1.4993965000000000e+00   1.4279967000000000e+00
  1.6421962000000001e+00   1.4279967000000000e+00
  1.7849957999999999e+00   1.4279967000000000e+00
  1.9277955000000000e+00   1.4279967000000000e+00
  2.0705952000000001e+00   1.4279967000000000e+00
  2.2133948000000001e+00   1.4279967000000000e+00
  2.3561945000000000e+00   1.4279967000000000e+00
  2.4989941999999998e+00   1.4279967000000000e+00
  2.6417937999999999e+00   1.4279967000000000e+00
  2.7845935000000002e+00   1.4279967000000000e+00
  2.9273932000000000e+00   1.4279967000000000e+00
  3.0701928000000001e+00   1.4279967000000000e+00
 -3.0701928071795863e+00   1.4279967000000000e+00
 -2.9273931071795865e+00   1.4279967000000000e+00
 -2.7845935071795864e+00   1.4279967000000000e+00
 -2.6417938071795861e+00   1.4279967000000000e+00
 -2.4989941071795863e+00   1.4279967000000000e+00
 -2.3561945071795862e+00   1.4279967000000000e+00
 -2.2133948071795864e+00   1.4279967000000000e+00
 -2.0705952071795863e+00   1.4279967000000000e+00
 -1.9277955071795860e+00   1.4279967000000000e+00
 -1.7849958071795866e+00   1.4279967000000000e+00
 -1.6421962071795866e+00   1.4279967000000000e+00
 -1.4993965071795863e+00   1.4279967000000000e+00
 -1.3565968071795860e+00   1.4279967000000000e+00
 -1.2137972071795859e+00   1.4279967000000000e+00
 -1.0709975071795865e+00   1.4279967000000000e+00
 -9.2819780717958622e-01   1.4279967000000000e+00
 -7.8539820717958619e-01   1.4279967000000000e+00
 -6.4259850717958589e-01   1.4279967000000000e+00
 -4.9979880717958647e-01   1.4279967000000000e+00
 -3.5699920717958644e-01   1.4279967000000000e+00
 -2.1419950717958613e-01   1.4279967000000000e+00
 -7.1399807179585828e-02   1.4279967000000000e+00
  0.0000000000000000e+00   1.5707963000000000e+00
  1.4279966999999999e-01   1.5707963000000000e+00
  2.8559932999999998e-01   1.5707963000000000e+00
  4.2839899999999997e-01   1.5707963000000000e+00
  5.7119865999999997e-01   1.5707963000000000e+00
  7.1399833000000001e-01   1.5707963000000000e+00
  8.5679799999999995e-01   1.5707963000000000e+00
  9.9959766000000005e-01   1.5707963000000000e+00
  1.1423973000000001e+00   1.5707963000000000e+00
  1.2851969999999999e+00   1.5707963000000000e+00
  1.4279967000000000e+00   1.5707963000000000e+00
  1.5707963000000000e+00   1.5707963000000000e+00
  1.7135959999999999e+00   1.5707963000000000e+00
  1.8563957000000000e+00   1.5707963000000000e+00
  1.9991953000000000e+00   1.5707963000000000e+00
  2.1419950000000001e+00   1.5707963000000000e+00
  2.2847947000000000e+00   1.5707963000000000e+00
  2.4275943000000000e+00   1.5707963000000000e+00
  2.5703939999999998e+00   1.5707963000000000e+00
  2.7131937000000002e+00   1.5707963000000000e+00
  2.8559933000000002e+00   1.5707963000000000e+00
  2.9987930000000000e+00   1.5707963000000000e+00
