Polefigures
# Approximate equidistribution on the hemisphere.
# From file h41.txt.

41
 -3.1415926071795863e+00   0.0000000000000000e+00
  0.0000000000000000e+00   3.9269907999999998e-01
  1.0471976000000001e+00   3.9269907999999998e-01
  2.0943950999999998e+00   3.9269907999999998e-01
 -3.1415926071795863e+00   3.9269907999999998e-01
 -2.0943951071795865e+00   3.9269907999999998e-01
 -1.0471975071795860e+00   3.9269907999999998e-01
  2.8559932999999998e-01   7.8539815999999996e-01
  8.5679799999999995e-01   7.8539815999999996e-01
  1.4279967000000000e+00   7.8539815999999996e-01
  1.9991953000000000e+00   7.8539815999999996e-01
  2.5703939999999998e+00   7.8539815999999996e-01
 -3.1415926071795863e+00   7.8539815999999996e-01
 -2.5703940071795861e+00   7.8539815999999996e-01
 -1.9991953071795860e+00   7.8539815999999996e-01
 -1.4279967071795863e+00   7.8539815999999996e-01
 -8.5679800717958621e-01   7.8539815999999996e-01
 -2.8559930717958615e-01   7.8539815999999996e-01
  0.0000000000000000e+00   1.1780972000000001e+00
  4.1887901999999999e-01   1.1780972000000001e+00
  8.3775803999999998e-01   1.1780972000000001e+00
  1.2566371000000001e+00   1.1780972000000001e+00
  1.6755161000000001e+00   1.1780972000000001e+00
  2.0943950999999998e+00   1.1780972000000001e+00
  2.5132740999999998e+00   1.1780972000000001e+00
  2.9321530999999998e+00   1.1780972000000001e+00
 -2.9321531071795861e+00   1.1780972000000001e+00
 -2.5132741071795861e+00   1.1780972000000001e+00
 -2.0943951071795865e+00   1.1780972000000001e+00
 -1.6755161071795861e+00   1.1780972000000001e+00
 -1.2566371071795865e+00   1.1780972000000001e+00
 -8.3775800717958582e-01   1.1780972000000001e+00
 -4.1887900717958626e-01   1.1780972000000001e+00
  1.9634953999999999e-01   1.5707963000000000e+00
  5.8904862000000002e-01   1.5707963000000000e+00
  9.8174770000000000e-01   1.5707963000000000e+00
  1.3744468000000001e+00   1.5707963000000000e+00
  1.7671459000000000e+00   1.5707963000000000e+00
  2.1598449000000000e+00   1.5707963000000000e+00
  2.5525440000000001e+00   1.5707963000000000e+00
  2.9452430999999999e+00   1.5707963000000000e+00
