Polefigures
# Approximate equidistribution on the hemisphere.
# From file h73.txt.

73
  1.5707963000000000e+00   1.5707963000000000e+00
  3.1415926071795863e+00   1.5707963000000000e+00
  6.9473828000000004e-01   3.1415926535897931e+00
  1.5707963000000000e+00   2.3561945000000000e+00
 -3.1415926071795863e+00   2.3561945000000000e+00
 -1.5707963000000000e+00   2.3561945000000000e+00
 -4.5755846999999996e-16   2.3561945000000000e+00
  2.3561945000000000e+00   1.5707963000000000e+00
 -2.3561945000000000e+00   1.5707963000000000e+00
  2.3561945000000000e+00   2.1862759999999999e+00
 -2.3561945000000000e+00   2.1862759999999999e+00
 -7.8539815999999996e-01   2.1862759999999999e+00
  7.8539815999999996e-01   2.1862759999999999e+00
  1.5707963000000000e+00   2.0344438999999999e+00
 -3.1415926071795863e+00   2.0344438999999999e+00
 -1.5707963000000000e+00   2.0344438999999999e+00
 -3.4653617000000001e-16   2.0344438999999999e+00
 -3.1415926071795863e+00   2.6779449999999998e+00
 -1.5707963000000000e+00   2.6779449999999998e+00
 -8.6888694999999996e-16   2.6779449999999998e+00
  1.5707963000000000e+00   2.6779449999999998e+00
  2.6779449999999998e+00   1.5707963000000000e+00
 -2.0344438999999999e+00   1.5707963000000000e+00
  2.0344438999999999e+00   1.5707963000000000e+00
 -2.6779449999999998e+00   1.5707963000000000e+00
  2.0344438999999999e+00   1.9913307000000000e+00
 -2.6779449999999998e+00   1.9913307000000000e+00
 -1.1071487000000000e+00   1.9913307000000000e+00
  4.6364760999999999e-01   1.9913307000000000e+00
  2.6779449999999998e+00   1.1502619999999999e+00
 -2.0344438999999999e+00   1.1502619999999999e+00
 -4.6364760999999999e-01   1.1502619999999999e+00
  1.1071487000000000e+00   1.1502619999999999e+00
  2.3561945000000000e+00   2.5261129000000002e+00
 -2.3561945000000000e+00   2.5261129000000002e+00
 -7.8539815999999996e-01   2.5261129000000002e+00
  7.8539815999999996e-01   2.5261129000000002e+00
  1.8925468999999999e+00   1.8770737000000000e+00
 -2.8198420999999998e+00   1.8770737000000000e+00
 -1.2490458000000000e+00   1.8770737000000000e+00
  3.2175055000000002e-01   1.8770737000000000e+00
  2.8198420999999998e+00   1.2645189999999999e+00
 -1.8925468999999999e+00   1.2645189999999999e+00
 -3.2175055000000002e-01   1.2645189999999999e+00
  1.2490458000000000e+00   1.2645189999999999e+00
  2.3561945000000000e+00   2.7010820000000000e+00
 -2.3561945000000000e+00   2.7010820000000000e+00
 -7.8539815999999996e-01   2.7010820000000000e+00
  7.8539815999999996e-01   2.7010820000000000e+00
  1.8925468999999999e+00   2.1347390000000002e+00
 -2.8198420999999998e+00   2.1347390000000002e+00
 -1.2490458000000000e+00   2.1347390000000002e+00
  3.2175055000000002e-01   2.1347390000000002e+00
  2.8198420999999998e+00   1.0068537000000000e+00
 -1.8925468999999999e+00   1.0068537000000000e+00
 -3.2175055000000002e-01   1.0068537000000000e+00
  1.2490458000000000e+00   1.0068537000000000e+00
  2.6779449999999998e+00   2.5010702999999999e+00
 -2.0344438999999999e+00   2.5010702999999999e+00
 -4.6364760999999999e-01   2.5010702999999999e+00
  1.1071487000000000e+00   2.5010702999999999e+00
  2.0344438999999999e+00   6.4052231000000004e-01
 -2.6779449999999998e+00   6.4052231000000004e-01
 -1.1071487000000000e+00   6.4052231000000004e-01
  4.6364760999999999e-01   6.4052231000000004e-01
  2.5535901000000001e+00   1.8413461000000000e+00
 -2.1587988999999999e+00   1.8413461000000000e+00
 -5.8800260000000004e-01   1.8413461000000000e+00
  9.8279371999999998e-01   1.8413461000000000e+00
  2.1587988999999999e+00   1.3002465999999999e+00
 -2.5535901000000001e+00   1.3002465999999999e+00
 -9.8279371999999998e-01   1.3002465999999999e+00
  5.8800260000000004e-01   1.3002465999999999e+00
