Polefigures
# Approximate equidistribution on the hemisphere.
# From file h37.txt.

74
  1.0471976000000001e+00   1.5707963000000000e+00
 -3.1415926071795863e+00   1.5707963000000000e+00
 -1.0471976000000001e+00   1.5707963000000000e+00
 -1.4686870000000000e-16   2.2845206999999998e+00
  2.0943950999999998e+00   2.2845206999999998e+00
 -2.0943950999999998e+00   2.2845206999999998e+00
  1.0471976000000001e+00   2.2845206999999998e+00
 -3.1415926071795863e+00   2.2845206999999998e+00
 -1.0471976000000001e+00   2.2845206999999998e+00
  5.2359878000000004e-01   1.5707963000000000e+00
  2.6179939000000001e+00   1.5707963000000000e+00
 -1.5707963000000000e+00   1.5707963000000000e+00
  1.0471976000000001e+00   2.6179939000000001e+00
 -3.1415926071795863e+00   2.6179939000000001e+00
 -1.0471976000000001e+00   2.6179939000000001e+00
  5.2359878000000004e-01   2.0344438999999999e+00
  2.6179939000000001e+00   2.0344438999999999e+00
 -1.5707963000000000e+00   2.0344438999999999e+00
  2.6179939000000001e+00   1.1071487000000000e+00
 -1.5707963000000000e+00   1.1071487000000000e+00
  5.2359878000000004e-01   1.1071487000000000e+00
 -1.2098375000000001e-16   1.9794342000000000e+00
  2.0943950999999998e+00   1.9794342000000000e+00
 -2.0943950999999998e+00   1.9794342000000000e+00
  5.2359878000000004e-01   2.3561945000000000e+00
  2.6179939000000001e+00   2.3561945000000000e+00
 -1.5707963000000000e+00   2.3561945000000000e+00
  2.6179939000000001e+00   7.8539815999999996e-01
 -1.5707963000000000e+00   7.8539815999999996e-01
  5.2359878000000004e-01   7.8539815999999996e-01
 -1.1102230000000000e-16   2.6179939000000001e+00
  2.0943950999999998e+00   2.6179939000000001e+00
 -2.0943950999999998e+00   2.6179939000000001e+00
  1.0471976000000001e+00   1.9794342000000000e+00
 -3.1415926071795863e+00   1.9794342000000000e+00
 -1.0471976000000001e+00   1.9794342000000000e+00
 -1.5097354999999999e-16   3.1415926535897931e+00
 -2.0943950535897926e+00   1.5707963535897931e+00
  4.6410207232838729e-08   1.5707963535897931e+00
  2.0943950535897931e+00   1.5707963535897931e+00
 -3.1415926535897931e+00   8.5707195358979327e-01
 -1.0471975535897933e+00   8.5707195358979327e-01
  1.0471975535897933e+00   8.5707195358979327e-01
 -2.0943950535897926e+00   8.5707195358979327e-01
  4.6410207232838729e-08   8.5707195358979327e-01
  2.0943950535897931e+00   8.5707195358979327e-01
 -2.6179938735897932e+00   1.5707963535897931e+00
 -5.2359875358979302e-01   1.5707963535897931e+00
  1.5707963535897931e+00   1.5707963535897931e+00
 -2.0943950535897926e+00   5.2359875358979302e-01
  4.6410207232838729e-08   5.2359875358979302e-01
  2.0943950535897931e+00   5.2359875358979302e-01
 -2.6179938735897932e+00   1.1071487535897933e+00
 -5.2359875358979302e-01   1.1071487535897933e+00
  1.5707963535897931e+00   1.1071487535897933e+00
 -5.2359875358979302e-01   2.0344439535897934e+00
  1.5707963535897931e+00   2.0344439535897934e+00
 -2.6179938735897932e+00   2.0344439535897934e+00
 -3.1415926535897931e+00   1.1621584535897931e+00
 -1.0471975535897933e+00   1.1621584535897931e+00
  1.0471975535897933e+00   1.1621584535897931e+00
 -2.6179938735897932e+00   7.8539815358979315e-01
 -5.2359875358979302e-01   7.8539815358979315e-01
  1.5707963535897931e+00   7.8539815358979315e-01
 -5.2359875358979302e-01   2.3561944935897934e+00
  1.5707963535897931e+00   2.3561944935897934e+00
 -2.6179938735897932e+00   2.3561944935897934e+00
 -3.1415926535897931e+00   5.2359875358979302e-01
 -1.0471975535897933e+00   5.2359875358979302e-01
  1.0471975535897933e+00   5.2359875358979302e-01
 -2.0943950535897926e+00   1.1621584535897931e+00
  4.6410207232838729e-08   1.1621584535897931e+00
  2.0943950535897931e+00   1.1621584535897931e+00
 -3.1415926535897931e+00   0.0000000000000000e+00
