Polefigures
# Approximate equidistribution on the hemisphere.
# From file h92.txt.

92
 -3.1415926071795863e+00   0.0000000000000000e+00
  0.0000000000000000e+00   2.6179939000000002e-01
  1.0471976000000001e+00   2.6179939000000002e-01
  2.0943950999999998e+00   2.6179939000000002e-01
 -3.1415926071795863e+00   2.6179939000000002e-01
 -2.0943951071795865e+00   2.6179939000000002e-01
 -1.0471975071795860e+00   2.6179939000000002e-01
  2.6179939000000002e-01   5.2359878000000004e-01
  7.8539815999999996e-01   5.2359878000000004e-01
  1.3089968999999999e+00   5.2359878000000004e-01
  1.8325956999999999e+00   5.2359878000000004e-01
  2.3561945000000000e+00   5.2359878000000004e-01
  2.8797932999999998e+00   5.2359878000000004e-01
 -2.8797933071795860e+00   5.2359878000000004e-01
 -2.3561945071795862e+00   5.2359878000000004e-01
 -1.8325957071795864e+00   5.2359878000000004e-01
 -1.3089969071795862e+00   5.2359878000000004e-01
 -7.8539820717958619e-01   5.2359878000000004e-01
 -2.6179940717958594e-01   5.2359878000000004e-01
  0.0000000000000000e+00   7.8539815999999996e-01
  3.6959913999999999e-01   7.8539815999999996e-01
  7.3919827000000005e-01   7.8539815999999996e-01
  1.1087974000000000e+00   7.8539815999999996e-01
  1.4783964999999999e+00   7.8539815999999996e-01
  1.8479957000000000e+00   7.8539815999999996e-01
  2.2175948000000001e+00   7.8539815999999996e-01
  2.5871940000000002e+00   7.8539815999999996e-01
  2.9567931000000001e+00   7.8539815999999996e-01
 -2.9567931071795863e+00   7.8539815999999996e-01
 -2.5871939071795862e+00   7.8539815999999996e-01
 -2.2175948071795863e+00   7.8539815999999996e-01
 -1.8479957071795861e+00   7.8539815999999996e-01
 -1.4783965071795864e+00   7.8539815999999996e-01
 -1.1087974071795861e+00   7.8539815999999996e-01
 -7.3919830717958579e-01   7.8539815999999996e-01
 -3.6959910717958611e-01   7.8539815999999996e-01
  1.4959965000000000e-01   1.0471976000000001e+00
  4.4879894999999997e-01   1.0471976000000001e+00
  7.4799824999999998e-01   1.0471976000000001e+00
  1.0471976000000001e+00   1.0471976000000001e+00
  1.3463969000000000e+00   1.0471976000000001e+00
  1.6455962000000000e+00   1.0471976000000001e+00
  1.9447954999999999e+00   1.0471976000000001e+00
  2.2439947999999998e+00   1.0471976000000001e+00
  2.5431941000000000e+00   1.0471976000000001e+00
  2.8423934000000002e+00   1.0471976000000001e+00
 -3.1415926071795863e+00   1.0471976000000001e+00
 -2.8423933071795862e+00   1.0471976000000001e+00
 -2.5431940071795864e+00   1.0471976000000001e+00
 -2.2439947071795858e+00   1.0471976000000001e+00
 -1.9447954071795861e+00   1.0471976000000001e+00
 -1.6455961071795864e+00   1.0471976000000001e+00
 -1.3463968071795867e+00   1.0471976000000001e+00
 -1.0471975071795860e+00   1.0471976000000001e+00
 -7.4799820717958632e-01   1.0471976000000001e+00
 -4.4879890717958659e-01   1.0471976000000001e+00
 -1.4959960717958598e-01   1.0471976000000001e+00
  0.0000000000000000e+00   1.3089968999999999e+00
  2.7318197000000000e-01   1.3089968999999999e+00
  5.4636393999999999e-01   1.3089968999999999e+00
  8.1954590999999999e-01   1.3089968999999999e+00
  1.0927279000000001e+00   1.3089968999999999e+00
  1.3659098000000001e+00   1.3089968999999999e+00
  1.6390918000000001e+00   1.3089968999999999e+00
  1.9122737999999999e+00   1.3089968999999999e+00
  2.1854558000000002e+00   1.3089968999999999e+00
  2.4586377000000001e+00   1.3089968999999999e+00
  2.7318197000000000e+00   1.3089968999999999e+00
  3.0050017000000002e+00   1.3089968999999999e+00
 -3.0050017071795860e+00   1.3089968999999999e+00
 -2.7318197071795862e+00   1.3089968999999999e+00
 -2.4586377071795864e+00   1.3089968999999999e+00
 -2.1854558071795864e+00   1.3089968999999999e+00
 -1.9122738071795862e+00   1.3089968999999999e+00
 -1.6390918071795859e+00   1.3089968999999999e+00
 -1.3659098071795865e+00   1.3089968999999999e+00
 -1.0927279071795866e+00   1.3089968999999999e+00
 -8.1954590717958631e-01   1.3089968999999999e+00
 -5.4636390717958605e-01   1.3089968999999999e+00
 -2.7318200717958607e-01   1.3089968999999999e+00
  1.3089969000000001e-01   1.5707963000000000e+00
  3.9269907999999998e-01   1.5707963000000000e+00
  6.5449847000000005e-01   1.5707963000000000e+00
  9.1629786000000002e-01   1.5707963000000000e+00
  1.1780972000000001e+00   1.5707963000000000e+00
  1.4398966000000000e+00   1.5707963000000000e+00
  1.7016960000000001e+00   1.5707963000000000e+00
  1.9634954000000000e+00   1.5707963000000000e+00
  2.2252947999999999e+00   1.5707963000000000e+00
  2.4870942000000000e+00   1.5707963000000000e+00
  2.7488936000000002e+00   1.5707963000000000e+00
  3.0106929999999998e+00   1.5707963000000000e+00
