Nodes
# Approximate equidistribution on the sphere.
# From file r34.txt.

34
 -3.1415926071795863e+00   0.0000000000000000e+00
  0.0000000000000000e+00   6.2831853000000004e-01
  1.0471976000000001e+00   6.2831853000000004e-01
  2.0943950999999998e+00   6.2831853000000004e-01
 -3.1415926071795863e+00   6.2831853000000004e-01
 -2.0943951071795865e+00   6.2831853000000004e-01
 -1.0471975071795860e+00   6.2831853000000004e-01
  3.1415926999999999e-01   1.2566371000000001e+00
  9.4247780000000003e-01   1.2566371000000001e+00
  1.5707963000000000e+00   1.2566371000000001e+00
  2.1991149000000001e+00   1.2566371000000001e+00
  2.8274333999999999e+00   1.2566371000000001e+00
 -2.8274334071795861e+00   1.2566371000000001e+00
 -2.1991149071795864e+00   1.2566371000000001e+00
 -1.5707963071795863e+00   1.2566371000000001e+00
 -9.4247780717958651e-01   1.2566371000000001e+00
 -3.1415930717958584e-01   1.2566371000000001e+00
  0.0000000000000000e+00   1.8849556000000001e+00
  6.2831853000000004e-01   1.8849556000000001e+00
  1.2566371000000001e+00   1.8849556000000001e+00
  1.8849556000000001e+00   1.8849556000000001e+00
  2.5132740999999998e+00   1.8849556000000001e+00
 -3.1415926071795863e+00   1.8849556000000001e+00
 -2.5132741071795861e+00   1.8849556000000001e+00
 -1.8849556071795863e+00   1.8849556000000001e+00
 -1.2566371071795865e+00   1.8849556000000001e+00
 -6.2831850717958648e-01   1.8849556000000001e+00
  5.2359878000000004e-01   2.5132740999999998e+00
  1.5707963000000000e+00   2.5132740999999998e+00
  2.6179939000000001e+00   2.5132740999999998e+00
 -2.6179939071795864e+00   2.5132740999999998e+00
 -1.5707963071795863e+00   2.5132740999999998e+00
 -5.2359880717958607e-01   2.5132740999999998e+00
  0.0000000000000000e+00   3.1415926535897931e+00
