Nodes
# Approximate equidistribution on the sphere.
# From file r156.txt.

156
 -3.1415926071795863e+00   0.0000000000000000e+00
  0.0000000000000000e+00   2.8559932999999998e-01
  1.0471976000000001e+00   2.8559932999999998e-01
  2.0943950999999998e+00   2.8559932999999998e-01
 -3.1415926071795863e+00   2.8559932999999998e-01
 -2.0943951071795865e+00   2.8559932999999998e-01
 -1.0471975071795860e+00   2.8559932999999998e-01
  2.6179939000000002e-01   5.7119865999999997e-01
  7.8539815999999996e-01   5.7119865999999997e-01
  1.3089968999999999e+00   5.7119865999999997e-01
  1.8325956999999999e+00   5.7119865999999997e-01
  2.3561945000000000e+00   5.7119865999999997e-01
  2.8797932999999998e+00   5.7119865999999997e-01
 -2.8797933071795860e+00   5.7119865999999997e-01
 -2.3561945071795862e+00   5.7119865999999997e-01
 -1.8325957071795864e+00   5.7119865999999997e-01
 -1.3089969071795862e+00   5.7119865999999997e-01
 -7.8539820717958619e-01   5.7119865999999997e-01
 -2.6179940717958594e-01   5.7119865999999997e-01
  0.0000000000000000e+00   8.5679799999999995e-01
  3.6959913999999999e-01   8.5679799999999995e-01
  7.3919827000000005e-01   8.5679799999999995e-01
  1.1087974000000000e+00   8.5679799999999995e-01
  1.4783964999999999e+00   8.5679799999999995e-01
  1.8479957000000000e+00   8.5679799999999995e-01
  2.2175948000000001e+00   8.5679799999999995e-01
  2.5871940000000002e+00   8.5679799999999995e-01
  2.9567931000000001e+00   8.5679799999999995e-01
 -2.9567931071795863e+00   8.5679799999999995e-01
 -2.5871939071795862e+00   8.5679799999999995e-01
 -2.2175948071795863e+00   8.5679799999999995e-01
 -1.8479957071795861e+00   8.5679799999999995e-01
 -1.4783965071795864e+00   8.5679799999999995e-01
 -1.1087974071795861e+00   8.5679799999999995e-01
 -7.3919830717958579e-01   8.5679799999999995e-01
 -3.6959910717958611e-01   8.5679799999999995e-01
  1.5707963000000000e-01   1.1423973000000001e+00
  4.7123890000000002e-01   1.1423973000000001e+00
  7.8539815999999996e-01   1.1423973000000001e+00
  1.0995573999999999e+00   1.1423973000000001e+00
  1.4137166999999999e+00   1.1423973000000001e+00
  1.7278760000000000e+00   1.1423973000000001e+00
  2.0420351999999999e+00   1.1423973000000001e+00
  2.3561945000000000e+00   1.1423973000000001e+00
  2.6703538000000000e+00   1.1423973000000001e+00
  2.9845130000000002e+00   1.1423973000000001e+00
 -2.9845130071795865e+00   1.1423973000000001e+00
 -2.6703537071795864e+00   1.1423973000000001e+00
 -2.3561945071795862e+00   1.1423973000000001e+00
 -2.0420352071795866e+00   1.1423973000000001e+00
 -1.7278760071795860e+00   1.1423973000000001e+00
 -1.4137167071795860e+00   1.1423973000000001e+00
 -1.0995574071795859e+00   1.1423973000000001e+00
 -7.8539820717958619e-01   1.1423973000000001e+00
 -4.7123890717958616e-01   1.1423973000000001e+00
 -1.5707960717958613e-01   1.1423973000000001e+00
  0.0000000000000000e+00   1.4279967000000000e+00
  2.8559932999999998e-01   1.4279967000000000e+00
  5.7119865999999997e-01   1.4279967000000000e+00
  8.5679799999999995e-01   1.4279967000000000e+00
  1.1423973000000001e+00   1.4279967000000000e+00
  1.4279967000000000e+00   1.4279967000000000e+00
  1.7135959999999999e+00   1.4279967000000000e+00
  1.9991953000000000e+00   1.4279967000000000e+00
  2.2847947000000000e+00   1.4279967000000000e+00
  2.5703939999999998e+00   1.4279967000000000e+00
  2.8559933000000002e+00   1.4279967000000000e+00
 -3.1415926071795863e+00   1.4279967000000000e+00
 -2.8559933071795864e+00   1.4279967000000000e+00
 -2.5703940071795861e+00   1.4279967000000000e+00
 -2.2847946071795864e+00   1.4279967000000000e+00
 -1.9991953071795860e+00   1.4279967000000000e+00
 -1.7135960071795866e+00   1.4279967000000000e+00
 -1.4279967071795863e+00   1.4279967000000000e+00
 -1.1423973071795865e+00   1.4279967000000000e+00
 -8.5679800717958621e-01   1.4279967000000000e+00
 -5.7119870717958587e-01   1.4279967000000000e+00
 -2.8559930717958615e-01   1.4279967000000000e+00
  1.4279966999999999e-01   1.7135959999999999e+00
  4.2839899999999997e-01   1.7135959999999999e+00
  7.1399833000000001e-01   1.7135959999999999e+00
  9.9959766000000005e-01   1.7135959999999999e+00
  1.2851969999999999e+00   1.7135959999999999e+00
  1.5707963000000000e+00   1.7135959999999999e+00
  1.8563957000000000e+00   1.7135959999999999e+00
  2.1419950000000001e+00   1.7135959999999999e+00
  2.4275943000000000e+00   1.7135959999999999e+00
  2.7131937000000002e+00   1.7135959999999999e+00
  2.9987930000000000e+00   1.7135959999999999e+00
 -2.9987930071795863e+00   1.7135959999999999e+00
 -2.7131936071795861e+00   1.7135959999999999e+00
 -2.4275943071795862e+00   1.7135959999999999e+00
 -2.1419950071795864e+00   1.7135959999999999e+00
 -1.8563957071795860e+00   1.7135959999999999e+00
 -1.5707963071795863e+00   1.7135959999999999e+00
 -1.2851970071795860e+00   1.7135959999999999e+00
 -9.9959770717958651e-01   1.7135959999999999e+00
 -7.1399830717958590e-01   1.7135959999999999e+00
 -4.2839900717958646e-01   1.7135959999999999e+00
 -1.4279970717958612e-01   1.7135959999999999e+00
  0.0000000000000000e+00   1.9991953000000000e+00
  3.1415926999999999e-01   1.9991953000000000e+00
  6.2831853000000004e-01   1.9991953000000000e+00
  9.4247780000000003e-01   1.9991953000000000e+00
  1.2566371000000001e+00   1.9991953000000000e+00
  1.5707963000000000e+00   1.9991953000000000e+00
  1.8849556000000001e+00   1.9991953000000000e+00
  2.1991149000000001e+00   1.9991953000000000e+00
  2.5132740999999998e+00   1.9991953000000000e+00
  2.8274333999999999e+00   1.9991953000000000e+00
 -3.1415926071795863e+00   1.9991953000000000e+00
 -2.8274334071795861e+00   1.9991953000000000e+00
 -2.5132741071795861e+00   1.9991953000000000e+00
 -2.1991149071795864e+00   1.9991953000000000e+00
 -1.8849556071795863e+00   1.9991953000000000e+00
 -1.5707963071795863e+00   1.9991953000000000e+00
 -1.2566371071795865e+00   1.9991953000000000e+00
 -9.4247780717958651e-01   1.9991953000000000e+00
 -6.2831850717958648e-01   1.9991953000000000e+00
 -3.1415930717958584e-01   1.9991953000000000e+00
  1.8479957000000000e-01   2.2847947000000000e+00
  5.5439870000000002e-01   2.2847947000000000e+00
  9.2399783999999996e-01   2.2847947000000000e+00
  1.2935970000000001e+00   2.2847947000000000e+00
  1.6631961000000000e+00   2.2847947000000000e+00
  2.0327951999999998e+00   2.2847947000000000e+00
  2.4023943999999999e+00   2.2847947000000000e+00
  2.7719935000000002e+00   2.2847947000000000e+00
 -3.1415926071795863e+00   2.2847947000000000e+00
 -2.7719935071795860e+00   2.2847947000000000e+00
 -2.4023944071795862e+00   2.2847947000000000e+00
 -2.0327952071795865e+00   2.2847947000000000e+00
 -1.6631961071795862e+00   2.2847947000000000e+00
 -1.2935970071795859e+00   2.2847947000000000e+00
 -9.2399780717958624e-01   2.2847947000000000e+00
 -5.5439870717958595e-01   2.2847947000000000e+00
 -1.8479960717958654e-01   2.2847947000000000e+00
  0.0000000000000000e+00   2.5703939999999998e+00
  5.2359878000000004e-01   2.5703939999999998e+00
  1.0471976000000001e+00   2.5703939999999998e+00
  1.5707963000000000e+00   2.5703939999999998e+00
  2.0943950999999998e+00   2.5703939999999998e+00
  2.6179939000000001e+00   2.5703939999999998e+00
 -3.1415926071795863e+00   2.5703939999999998e+00
 -2.6179939071795864e+00   2.5703939999999998e+00
 -2.0943951071795865e+00   2.5703939999999998e+00
 -1.5707963071795863e+00   2.5703939999999998e+00
 -1.0471975071795860e+00   2.5703939999999998e+00
 -5.2359880717958607e-01   2.5703939999999998e+00
  5.2359878000000004e-01   2.8559933000000002e+00
  1.5707963000000000e+00   2.8559933000000002e+00
  2.6179939000000001e+00   2.8559933000000002e+00
 -2.6179939071795864e+00   2.8559933000000002e+00
 -1.5707963071795863e+00   2.8559933000000002e+00
 -5.2359880717958607e-01   2.8559933000000002e+00
  0.0000000000000000e+00   3.1415926535897931e+00
