Nodes
# Approximate equidistribution on the sphere.
# From file r460.txt.

460
 -3.1415926071795863e+00   0.0000000000000000e+00
  0.0000000000000000e+00   1.6534698000000000e-01
  1.0471976000000001e+00   1.6534698000000000e-01
  2.0943950999999998e+00   1.6534698000000000e-01
 -3.1415926071795863e+00   1.6534698000000000e-01
 -2.0943951071795865e+00   1.6534698000000000e-01
 -1.0471975071795860e+00   1.6534698000000000e-01
  2.6179939000000002e-01   3.3069396000000001e-01
  7.8539815999999996e-01   3.3069396000000001e-01
  1.3089968999999999e+00   3.3069396000000001e-01
  1.8325956999999999e+00   3.3069396000000001e-01
  2.3561945000000000e+00   3.3069396000000001e-01
  2.8797932999999998e+00   3.3069396000000001e-01
 -2.8797933071795860e+00   3.3069396000000001e-01
 -2.3561945071795862e+00   3.3069396000000001e-01
 -1.8325957071795864e+00   3.3069396000000001e-01
 -1.3089969071795862e+00   3.3069396000000001e-01
 -7.8539820717958619e-01   3.3069396000000001e-01
 -2.6179940717958594e-01   3.3069396000000001e-01
  0.0000000000000000e+00   4.9604094999999998e-01
  3.4906585000000001e-01   4.9604094999999998e-01
  6.9813170000000002e-01   4.9604094999999998e-01
  1.0471976000000001e+00   4.9604094999999998e-01
  1.3962634000000000e+00   4.9604094999999998e-01
  1.7453293000000001e+00   4.9604094999999998e-01
  2.0943950999999998e+00   4.9604094999999998e-01
  2.4434610000000001e+00   4.9604094999999998e-01
  2.7925268000000001e+00   4.9604094999999998e-01
 -3.1415926071795863e+00   4.9604094999999998e-01
 -2.7925268071795863e+00   4.9604094999999998e-01
 -2.4434609071795861e+00   4.9604094999999998e-01
 -2.0943951071795865e+00   4.9604094999999998e-01
 -1.7453292071795863e+00   4.9604094999999998e-01
 -1.3962634071795863e+00   4.9604094999999998e-01
 -1.0471975071795860e+00   4.9604094999999998e-01
 -6.9813170717958606e-01   4.9604094999999998e-01
 -3.4906580717958580e-01   4.9604094999999998e-01
  1.3659098000000000e-01   6.6138792999999996e-01
  4.0977295000000002e-01   6.6138792999999996e-01
  6.8295492000000002e-01   6.6138792999999996e-01
  9.5613689000000002e-01   6.6138792999999996e-01
  1.2293189000000000e+00   6.6138792999999996e-01
  1.5025008000000000e+00   6.6138792999999996e-01
  1.7756828000000000e+00   6.6138792999999996e-01
  2.0488648000000000e+00   6.6138792999999996e-01
  2.3220467000000000e+00   6.6138792999999996e-01
  2.5952286999999998e+00   6.6138792999999996e-01
  2.8684107000000001e+00   6.6138792999999996e-01
 -3.1415926071795863e+00   6.6138792999999996e-01
 -2.8684107071795863e+00   6.6138792999999996e-01
 -2.5952287071795861e+00   6.6138792999999996e-01
 -2.3220467071795863e+00   6.6138792999999996e-01
 -2.0488648071795863e+00   6.6138792999999996e-01
 -1.7756828071795860e+00   6.6138792999999996e-01
 -1.5025008071795867e+00   6.6138792999999996e-01
 -1.2293189071795858e+00   6.6138792999999996e-01
 -9.5613690717958644e-01   6.6138792999999996e-01
 -6.8295490717958618e-01   6.6138792999999996e-01
 -4.0977290717958592e-01   6.6138792999999996e-01
 -1.3659100717958594e-01   6.6138792999999996e-01
  0.0000000000000000e+00   8.2673490999999999e-01
  2.2439948000000001e-01   8.2673490999999999e-01
  4.4879894999999997e-01   8.2673490999999999e-01
  6.7319843000000001e-01   8.2673490999999999e-01
  8.9759789999999995e-01   8.2673490999999999e-01
  1.1219973999999999e+00   8.2673490999999999e-01
  1.3463969000000000e+00   8.2673490999999999e-01
  1.5707963000000000e+00   8.2673490999999999e-01
  1.7951957999999999e+00   8.2673490999999999e-01
  2.0195953000000002e+00   8.2673490999999999e-01
  2.2439947999999998e+00   8.2673490999999999e-01
  2.4683942000000001e+00   8.2673490999999999e-01
  2.6927937000000002e+00   8.2673490999999999e-01
  2.9171931999999998e+00   8.2673490999999999e-01
 -3.1415926071795863e+00   8.2673490999999999e-01
 -2.9171932071795861e+00   8.2673490999999999e-01
 -2.6927937071795864e+00   8.2673490999999999e-01
 -2.4683942071795864e+00   8.2673490999999999e-01
 -2.2439947071795858e+00   8.2673490999999999e-01
 -2.0195953071795865e+00   8.2673490999999999e-01
 -1.7951958071795859e+00   8.2673490999999999e-01
 -1.5707963071795863e+00   8.2673490999999999e-01
 -1.3463968071795867e+00   8.2673490999999999e-01
 -1.1219974071795864e+00   8.2673490999999999e-01
 -8.9759790717958587e-01   8.2673490999999999e-01
 -6.7319840717958623e-01   8.2673490999999999e-01
 -4.4879890717958659e-01   8.2673490999999999e-01
 -2.2439950717958634e-01   8.2673490999999999e-01
  9.8174769999999995e-02   9.9208189000000002e-01
  2.9452431000000001e-01   9.9208189000000002e-01
  4.9087385000000000e-01   9.9208189000000002e-01
  6.8722338999999999e-01   9.9208189000000002e-01
  8.8357293000000003e-01   9.9208189000000002e-01
  1.0799224999999999e+00   9.9208189000000002e-01
  1.2762720000000001e+00   9.9208189000000002e-01
  1.4726216000000001e+00   9.9208189000000002e-01
  1.6689711000000000e+00   9.9208189000000002e-01
  1.8653206000000000e+00   9.9208189000000002e-01
  2.0616702000000000e+00   9.9208189000000002e-01
  2.2580197000000002e+00   9.9208189000000002e-01
  2.4543693000000002e+00   9.9208189000000002e-01
  2.6507187999999999e+00   9.9208189000000002e-01
  2.8470683000000001e+00   9.9208189000000002e-01
  3.0434179000000001e+00   9.9208189000000002e-01
 -3.0434179071795864e+00   9.9208189000000002e-01
 -2.8470683071795864e+00   9.9208189000000002e-01
 -2.6507188071795862e+00   9.9208189000000002e-01
 -2.4543693071795860e+00   9.9208189000000002e-01
 -2.2580197071795860e+00   9.9208189000000002e-01
 -2.0616702071795858e+00   9.9208189000000002e-01
 -1.8653206071795863e+00   9.9208189000000002e-01
 -1.6689711071795861e+00   9.9208189000000002e-01
 -1.4726215071795865e+00   9.9208189000000002e-01
 -1.2762720071795863e+00   9.9208189000000002e-01
 -1.0799225071795862e+00   9.9208189000000002e-01
 -8.8357290717958659e-01   9.9208189000000002e-01
 -6.8722340717958641e-01   9.9208189000000002e-01
 -4.9087380717958595e-01   9.9208189000000002e-01
 -2.9452430717958666e-01   9.9208189000000002e-01
 -9.8174807179586487e-02   9.9208189000000002e-01
  0.0000000000000000e+00   1.1574289000000000e+00
  1.7951958000000001e-01   1.1574289000000000e+00
  3.5903916000000002e-01   1.1574289000000000e+00
  5.3855874000000004e-01   1.1574289000000000e+00
  7.1807832000000005e-01   1.1574289000000000e+00
  8.9759789999999995e-01   1.1574289000000000e+00
  1.0771174999999999e+00   1.1574289000000000e+00
  1.2566371000000001e+00   1.1574289000000000e+00
  1.4361565999999999e+00   1.1574289000000000e+00
  1.6156762000000000e+00   1.1574289000000000e+00
  1.7951957999999999e+00   1.1574289000000000e+00
  1.9747154000000000e+00   1.1574289000000000e+00
  2.1542349999999999e+00   1.1574289000000000e+00
  2.3337545000000000e+00   1.1574289000000000e+00
  2.5132740999999998e+00   1.1574289000000000e+00
  2.6927937000000002e+00   1.1574289000000000e+00
  2.8723133000000001e+00   1.1574289000000000e+00
  3.0518329000000000e+00   1.1574289000000000e+00
 -3.0518329071795862e+00   1.1574289000000000e+00
 -2.8723133071795863e+00   1.1574289000000000e+00
 -2.6927937071795864e+00   1.1574289000000000e+00
 -2.5132741071795861e+00   1.1574289000000000e+00
 -2.3337545071795862e+00   1.1574289000000000e+00
 -2.1542350071795866e+00   1.1574289000000000e+00
 -1.9747154071795858e+00   1.1574289000000000e+00
 -1.7951958071795859e+00   1.1574289000000000e+00
 -1.6156762071795860e+00   1.1574289000000000e+00
 -1.4361566071795862e+00   1.1574289000000000e+00
 -1.2566371071795865e+00   1.1574289000000000e+00
 -1.0771175071795867e+00   1.1574289000000000e+00
 -8.9759790717958587e-01   1.1574289000000000e+00
 -7.1807830717958598e-01   1.1574289000000000e+00
 -5.3855870717958609e-01   1.1574289000000000e+00
 -3.5903920717958648e-01   1.1574289000000000e+00
 -1.7951960717958659e-01   1.1574289000000000e+00
  8.4907910000000003e-02   1.3227758999999999e+00
  2.5472372999999998e-01   1.3227758999999999e+00
  4.2453954999999999e-01   1.3227758999999999e+00
  5.9435537000000005e-01   1.3227758999999999e+00
  7.6417119000000000e-01   1.3227758999999999e+00
  9.3398700999999995e-01   1.3227758999999999e+00
  1.1038028000000000e+00   1.3227758999999999e+00
  1.2736186000000000e+00   1.3227758999999999e+00
  1.4434345000000000e+00   1.3227758999999999e+00
  1.6132503000000000e+00   1.3227758999999999e+00
  1.7830661000000001e+00   1.3227758999999999e+00
  1.9528818999999999e+00   1.3227758999999999e+00
  2.1226976999999998e+00   1.3227758999999999e+00
  2.2925135999999999e+00   1.3227758999999999e+00
  2.4623293999999998e+00   1.3227758999999999e+00
  2.6321452000000001e+00   1.3227758999999999e+00
  2.8019609999999999e+00   1.3227758999999999e+00
  2.9717768000000002e+00   1.3227758999999999e+00
 -3.1415926071795863e+00   1.3227758999999999e+00
 -2.9717768071795860e+00   1.3227758999999999e+00
 -2.8019610071795862e+00   1.3227758999999999e+00
 -2.6321452071795863e+00   1.3227758999999999e+00
 -2.4623294071795860e+00   1.3227758999999999e+00
 -2.2925136071795862e+00   1.3227758999999999e+00
 -2.1226977071795865e+00   1.3227758999999999e+00
 -1.9528819071795862e+00   1.3227758999999999e+00
 -1.7830661071795859e+00   1.3227758999999999e+00
 -1.6132503071795865e+00   1.3227758999999999e+00
 -1.4434345071795862e+00   1.3227758999999999e+00
 -1.2736186071795865e+00   1.3227758999999999e+00
 -1.1038028071795862e+00   1.3227758999999999e+00
 -9.3398700717958594e-01   1.3227758999999999e+00
 -7.6417120717958653e-01   1.3227758999999999e+00
 -5.9435540717958624e-01   1.3227758999999999e+00
 -4.2453950717958655e-01   1.3227758999999999e+00
 -2.5472370717958626e-01   1.3227758999999999e+00
 -8.4907907179585962e-02   1.3227758999999999e+00
  0.0000000000000000e+00   1.4881228000000000e+00
  1.6534698000000000e-01   1.4881228000000000e+00
  3.3069396000000001e-01   1.4881228000000000e+00
  4.9604094999999998e-01   1.4881228000000000e+00
  6.6138792999999996e-01   1.4881228000000000e+00
  8.2673490999999999e-01   1.4881228000000000e+00
  9.9208189000000002e-01   1.4881228000000000e+00
  1.1574289000000000e+00   1.4881228000000000e+00
  1.3227758999999999e+00   1.4881228000000000e+00
  1.4881228000000000e+00   1.4881228000000000e+00
  1.6534698000000001e+00   1.4881228000000000e+00
  1.8188168000000000e+00   1.4881228000000000e+00
  1.9841637999999999e+00   1.4881228000000000e+00
  2.1495107999999998e+00   1.4881228000000000e+00
  2.3148577000000001e+00   1.4881228000000000e+00
  2.4802046999999998e+00   1.4881228000000000e+00
  2.6455517000000000e+00   1.4881228000000000e+00
  2.8108987000000001e+00   1.4881228000000000e+00
  2.9762457000000002e+00   1.4881228000000000e+00
 -3.1415926071795863e+00   1.4881228000000000e+00
 -2.9762457071795860e+00   1.4881228000000000e+00
 -2.8108987071795863e+00   1.4881228000000000e+00
 -2.6455517071795862e+00   1.4881228000000000e+00
 -2.4802047071795861e+00   1.4881228000000000e+00
 -2.3148577071795864e+00   1.4881228000000000e+00
 -2.1495108071795865e+00   1.4881228000000000e+00
 -1.9841638071795860e+00   1.4881228000000000e+00
 -1.8188168071795863e+00   1.4881228000000000e+00
 -1.6534698071795866e+00   1.4881228000000000e+00
 -1.4881228071795860e+00   1.4881228000000000e+00
 -1.3227758071795863e+00   1.4881228000000000e+00
 -1.1574289071795860e+00   1.4881228000000000e+00
 -9.9208190717958633e-01   1.4881228000000000e+00
 -8.2673490717958664e-01   1.4881228000000000e+00
 -6.6138790717958607e-01   1.4881228000000000e+00
 -4.9604090717958638e-01   1.4881228000000000e+00
 -3.3069400717958608e-01   1.4881228000000000e+00
 -1.6534700717958639e-01   1.4881228000000000e+00
  8.2673491000000002e-02   1.6534698000000001e+00
  2.4802046999999999e-01   1.6534698000000001e+00
  4.1336745000000003e-01   1.6534698000000001e+00
  5.7871444000000005e-01   1.6534698000000001e+00
  7.4406141999999997e-01   1.6534698000000001e+00
  9.0940840000000001e-01   1.6534698000000001e+00
  1.0747553999999999e+00   1.6534698000000001e+00
  1.2401024000000000e+00   1.6534698000000001e+00
  1.4054492999999999e+00   1.6534698000000001e+00
  1.5707963000000000e+00   1.6534698000000001e+00
  1.7361432999999999e+00   1.6534698000000001e+00
  1.9014903000000001e+00   1.6534698000000001e+00
  2.0668373000000000e+00   1.6534698000000001e+00
  2.2321843000000001e+00   1.6534698000000001e+00
  2.3975312000000000e+00   1.6534698000000001e+00
  2.5628782000000001e+00   1.6534698000000001e+00
  2.7282251999999998e+00   1.6534698000000001e+00
  2.8935721999999999e+00   1.6534698000000001e+00
  3.0589192000000001e+00   1.6534698000000001e+00
 -3.0589192071795863e+00   1.6534698000000001e+00
 -2.8935722071795862e+00   1.6534698000000001e+00
 -2.7282252071795861e+00   1.6534698000000001e+00
 -2.5628782071795864e+00   1.6534698000000001e+00
 -2.3975312071795862e+00   1.6534698000000001e+00
 -2.2321842071795865e+00   1.6534698000000001e+00
 -2.0668373071795862e+00   1.6534698000000001e+00
 -1.9014903071795866e+00   1.6534698000000001e+00
 -1.7361433071795860e+00   1.6534698000000001e+00
 -1.5707963071795863e+00   1.6534698000000001e+00
 -1.4054493071795866e+00   1.6534698000000001e+00
 -1.2401024071795863e+00   1.6534698000000001e+00
 -1.0747554071795866e+00   1.6534698000000001e+00
 -9.0940840717958604e-01   1.6534698000000001e+00
 -7.4406140717958635e-01   1.6534698000000001e+00
 -5.7871440717958667e-01   1.6534698000000001e+00
 -4.1336740717958609e-01   1.6534698000000001e+00
 -2.4802050717958579e-01   1.6534698000000001e+00
 -8.2673507179586103e-02   1.6534698000000001e+00
  0.0000000000000000e+00   1.8188168000000000e+00
  1.6981582000000001e-01   1.8188168000000000e+00
  3.3963164000000001e-01   1.8188168000000000e+00
  5.0944745999999996e-01   1.8188168000000000e+00
  6.7926328000000002e-01   1.8188168000000000e+00
  8.4907909999999998e-01   1.8188168000000000e+00
  1.0188949000000000e+00   1.8188168000000000e+00
  1.1887106999999999e+00   1.8188168000000000e+00
  1.3585266000000000e+00   1.8188168000000000e+00
  1.5283424000000001e+00   1.8188168000000000e+00
  1.6981582000000000e+00   1.8188168000000000e+00
  1.8679740000000000e+00   1.8188168000000000e+00
  2.0377898000000001e+00   1.8188168000000000e+00
  2.2076055999999999e+00   1.8188168000000000e+00
  2.3774215000000001e+00   1.8188168000000000e+00
  2.5472372999999999e+00   1.8188168000000000e+00
  2.7170531000000002e+00   1.8188168000000000e+00
  2.8868689000000001e+00   1.8188168000000000e+00
  3.0566846999999999e+00   1.8188168000000000e+00
 -3.0566847071795862e+00   1.8188168000000000e+00
 -2.8868689071795863e+00   1.8188168000000000e+00
 -2.7170531071795860e+00   1.8188168000000000e+00
 -2.5472373071795862e+00   1.8188168000000000e+00
 -2.3774215071795863e+00   1.8188168000000000e+00
 -2.2076056071795866e+00   1.8188168000000000e+00
 -2.0377898071795864e+00   1.8188168000000000e+00
 -1.8679740071795861e+00   1.8188168000000000e+00
 -1.6981582071795867e+00   1.8188168000000000e+00
 -1.5283424071795864e+00   1.8188168000000000e+00
 -1.3585265071795867e+00   1.8188168000000000e+00
 -1.1887107071795864e+00   1.8188168000000000e+00
 -1.0188949071795861e+00   1.8188168000000000e+00
 -8.4907910717958579e-01   1.8188168000000000e+00
 -6.7926330717958638e-01   1.8188168000000000e+00
 -5.0944750717958609e-01   1.8188168000000000e+00
 -3.3963160717958640e-01   1.8188168000000000e+00
 -1.6981580717958611e-01   1.8188168000000000e+00
  8.9759790000000006e-02   1.9841637999999999e+00
  2.6927937000000002e-01   1.9841637999999999e+00
  4.4879894999999997e-01   1.9841637999999999e+00
  6.2831853000000004e-01   1.9841637999999999e+00
  8.0783811000000005e-01   1.9841637999999999e+00
  9.8735768999999995e-01   1.9841637999999999e+00
  1.1668772999999999e+00   1.9841637999999999e+00
  1.3463969000000000e+00   1.9841637999999999e+00
  1.5259164000000001e+00   1.9841637999999999e+00
  1.7054360000000000e+00   1.9841637999999999e+00
  1.8849556000000001e+00   1.9841637999999999e+00
  2.0644752000000000e+00   1.9841637999999999e+00
  2.2439947999999998e+00   1.9841637999999999e+00
  2.4235142999999999e+00   1.9841637999999999e+00
  2.6030338999999998e+00   1.9841637999999999e+00
  2.7825535000000001e+00   1.9841637999999999e+00
  2.9620731000000000e+00   1.9841637999999999e+00
 -3.1415926071795863e+00   1.9841637999999999e+00
 -2.9620731071795863e+00   1.9841637999999999e+00
 -2.7825535071795864e+00   1.9841637999999999e+00
 -2.6030339071795860e+00   1.9841637999999999e+00
 -2.4235143071795862e+00   1.9841637999999999e+00
 -2.2439947071795858e+00   1.9841637999999999e+00
 -2.0644752071795862e+00   1.9841637999999999e+00
 -1.8849556071795863e+00   1.9841637999999999e+00
 -1.7054360071795864e+00   1.9841637999999999e+00
 -1.5259164071795865e+00   1.9841637999999999e+00
 -1.3463968071795867e+00   1.9841637999999999e+00
 -1.1668773071795862e+00   1.9841637999999999e+00
 -9.8735770717958626e-01   1.9841637999999999e+00
 -8.0783810717958637e-01   1.9841637999999999e+00
 -6.2831850717958648e-01   1.9841637999999999e+00
 -4.4879890717958659e-01   1.9841637999999999e+00
 -2.6927940717958609e-01   1.9841637999999999e+00
 -8.9759807179586204e-02   1.9841637999999999e+00
  0.0000000000000000e+00   2.1495107999999998e+00
  1.9634953999999999e-01   2.1495107999999998e+00
  3.9269907999999998e-01   2.1495107999999998e+00
  5.8904862000000002e-01   2.1495107999999998e+00
  7.8539815999999996e-01   2.1495107999999998e+00
  9.8174770000000000e-01   2.1495107999999998e+00
  1.1780972000000001e+00   2.1495107999999998e+00
  1.3744468000000001e+00   2.1495107999999998e+00
  1.5707963000000000e+00   2.1495107999999998e+00
  1.7671459000000000e+00   2.1495107999999998e+00
  1.9634954000000000e+00   2.1495107999999998e+00
  2.1598449000000000e+00   2.1495107999999998e+00
  2.3561945000000000e+00   2.1495107999999998e+00
  2.5525440000000001e+00   2.1495107999999998e+00
  2.7488936000000002e+00   2.1495107999999998e+00
  2.9452430999999999e+00   2.1495107999999998e+00
 -3.1415926071795863e+00   2.1495107999999998e+00
 -2.9452431071795862e+00   2.1495107999999998e+00
 -2.7488936071795864e+00   2.1495107999999998e+00
 -2.5525440071795864e+00   2.1495107999999998e+00
 -2.3561945071795862e+00   2.1495107999999998e+00
 -2.1598449071795862e+00   2.1495107999999998e+00
 -1.9634954071795860e+00   2.1495107999999998e+00
 -1.7671459071795859e+00   2.1495107999999998e+00
 -1.5707963071795863e+00   2.1495107999999998e+00
 -1.3744468071795861e+00   2.1495107999999998e+00
 -1.1780972071795865e+00   2.1495107999999998e+00
 -9.8174770717958637e-01   2.1495107999999998e+00
 -7.8539820717958619e-01   2.1495107999999998e+00
 -5.8904860717958663e-01   2.1495107999999998e+00
 -3.9269910717958645e-01   2.1495107999999998e+00
 -1.9634950717958599e-01   2.1495107999999998e+00
  1.1219974000000001e-01   2.3148577000000001e+00
  3.3659920999999998e-01   2.3148577000000001e+00
  5.6099869000000002e-01   2.3148577000000001e+00
  7.8539815999999996e-01   2.3148577000000001e+00
  1.0097976000000000e+00   2.3148577000000001e+00
  1.2341971000000000e+00   2.3148577000000001e+00
  1.4585965999999999e+00   2.3148577000000001e+00
  1.6829961000000000e+00   2.3148577000000001e+00
  1.9073955000000000e+00   2.3148577000000001e+00
  2.1317949999999999e+00   2.3148577000000001e+00
  2.3561945000000000e+00   2.3148577000000001e+00
  2.5805940000000001e+00   2.3148577000000001e+00
  2.8049933999999999e+00   2.3148577000000001e+00
  3.0293928999999999e+00   2.3148577000000001e+00
 -3.0293929071795862e+00   2.3148577000000001e+00
 -2.8049934071795861e+00   2.3148577000000001e+00
 -2.5805940071795863e+00   2.3148577000000001e+00
 -2.3561945071795862e+00   2.3148577000000001e+00
 -2.1317950071795861e+00   2.3148577000000001e+00
 -1.9073955071795865e+00   2.3148577000000001e+00
 -1.6829961071795863e+00   2.3148577000000001e+00
 -1.4585966071795866e+00   2.3148577000000001e+00
 -1.2341971071795861e+00   2.3148577000000001e+00
 -1.0097976071795864e+00   2.3148577000000001e+00
 -7.8539820717958619e-01   2.3148577000000001e+00
 -5.6099870717958655e-01   2.3148577000000001e+00
 -3.3659920717958602e-01   2.3148577000000001e+00
 -1.1219970717958638e-01   2.3148577000000001e+00
  0.0000000000000000e+00   2.4802046999999998e+00
  2.7318197000000000e-01   2.4802046999999998e+00
  5.4636393999999999e-01   2.4802046999999998e+00
  8.1954590999999999e-01   2.4802046999999998e+00
  1.0927279000000001e+00   2.4802046999999998e+00
  1.3659098000000001e+00   2.4802046999999998e+00
  1.6390918000000001e+00   2.4802046999999998e+00
  1.9122737999999999e+00   2.4802046999999998e+00
  2.1854558000000002e+00   2.4802046999999998e+00
  2.4586377000000001e+00   2.4802046999999998e+00
  2.7318197000000000e+00   2.4802046999999998e+00
  3.0050017000000002e+00   2.4802046999999998e+00
 -3.0050017071795860e+00   2.4802046999999998e+00
 -2.7318197071795862e+00   2.4802046999999998e+00
 -2.4586377071795864e+00   2.4802046999999998e+00
 -2.1854558071795864e+00   2.4802046999999998e+00
 -1.9122738071795862e+00   2.4802046999999998e+00
 -1.6390918071795859e+00   2.4802046999999998e+00
 -1.3659098071795865e+00   2.4802046999999998e+00
 -1.0927279071795866e+00   2.4802046999999998e+00
 -8.1954590717958631e-01   2.4802046999999998e+00
 -5.4636390717958605e-01   2.4802046999999998e+00
 -2.7318200717958607e-01   2.4802046999999998e+00
  1.7453293000000000e-01   2.6455517000000000e+00
  5.2359878000000004e-01   2.6455517000000000e+00
  8.7266463000000005e-01   2.6455517000000000e+00
  1.2217305000000001e+00   2.6455517000000000e+00
  1.5707963000000000e+00   2.6455517000000000e+00
  1.9198622000000001e+00   2.6455517000000000e+00
  2.2689279999999998e+00   2.6455517000000000e+00
  2.6179939000000001e+00   2.6455517000000000e+00
  2.9670597000000001e+00   2.6455517000000000e+00
 -2.9670597071795863e+00   2.6455517000000000e+00
 -2.6179939071795864e+00   2.6455517000000000e+00
 -2.2689280071795865e+00   2.6455517000000000e+00
 -1.9198622071795866e+00   2.6455517000000000e+00
 -1.5707963071795863e+00   2.6455517000000000e+00
 -1.2217305071795863e+00   2.6455517000000000e+00
 -8.7266460717958605e-01   2.6455517000000000e+00
 -5.2359880717958607e-01   2.6455517000000000e+00
 -1.7453290717958581e-01   2.6455517000000000e+00
  0.0000000000000000e+00   2.8108987000000001e+00
  5.2359878000000004e-01   2.8108987000000001e+00
  1.0471976000000001e+00   2.8108987000000001e+00
  1.5707963000000000e+00   2.8108987000000001e+00
  2.0943950999999998e+00   2.8108987000000001e+00
  2.6179939000000001e+00   2.8108987000000001e+00
 -3.1415926071795863e+00   2.8108987000000001e+00
 -2.6179939071795864e+00   2.8108987000000001e+00
 -2.0943951071795865e+00   2.8108987000000001e+00
 -1.5707963071795863e+00   2.8108987000000001e+00
 -1.0471975071795860e+00   2.8108987000000001e+00
 -5.2359880717958607e-01   2.8108987000000001e+00
  5.2359878000000004e-01   2.9762457000000002e+00
  1.5707963000000000e+00   2.9762457000000002e+00
  2.6179939000000001e+00   2.9762457000000002e+00
 -2.6179939071795864e+00   2.9762457000000002e+00
 -1.5707963071795863e+00   2.9762457000000002e+00
 -5.2359880717958607e-01   2.9762457000000002e+00
  0.0000000000000000e+00   3.1415926535897931e+00
