Nodes
# Approximate equidistribution on the sphere.
# From file r128.txt.

128
 -3.1415926071795863e+00   0.0000000000000000e+00
  0.0000000000000000e+00   3.1415926999999999e-01
  1.0471976000000001e+00   3.1415926999999999e-01
  2.0943950999999998e+00   3.1415926999999999e-01
 -3.1415926071795863e+00   3.1415926999999999e-01
 -2.0943951071795865e+00   3.1415926999999999e-01
 -1.0471975071795860e+00   3.1415926999999999e-01
  2.6179939000000002e-01   6.2831853000000004e-01
  7.8539815999999996e-01   6.2831853000000004e-01
  1.3089968999999999e+00   6.2831853000000004e-01
  1.8325956999999999e+00   6.2831853000000004e-01
  2.3561945000000000e+00   6.2831853000000004e-01
  2.8797932999999998e+00   6.2831853000000004e-01
 -2.8797933071795860e+00   6.2831853000000004e-01
 -2.3561945071795862e+00   6.2831853000000004e-01
 -1.8325957071795864e+00   6.2831853000000004e-01
 -1.3089969071795862e+00   6.2831853000000004e-01
 -7.8539820717958619e-01   6.2831853000000004e-01
 -2.6179940717958594e-01   6.2831853000000004e-01
  0.0000000000000000e+00   9.4247780000000003e-01
  3.9269907999999998e-01   9.4247780000000003e-01
  7.8539815999999996e-01   9.4247780000000003e-01
  1.1780972000000001e+00   9.4247780000000003e-01
  1.5707963000000000e+00   9.4247780000000003e-01
  1.9634954000000000e+00   9.4247780000000003e-01
  2.3561945000000000e+00   9.4247780000000003e-01
  2.7488936000000002e+00   9.4247780000000003e-01
 -3.1415926071795863e+00   9.4247780000000003e-01
 -2.7488936071795864e+00   9.4247780000000003e-01
 -2.3561945071795862e+00   9.4247780000000003e-01
 -1.9634954071795860e+00   9.4247780000000003e-01
 -1.5707963071795863e+00   9.4247780000000003e-01
 -1.1780972071795865e+00   9.4247780000000003e-01
 -7.8539820717958619e-01   9.4247780000000003e-01
 -3.9269910717958645e-01   9.4247780000000003e-01
  1.6534698000000000e-01   1.2566371000000001e+00
  4.9604094999999998e-01   1.2566371000000001e+00
  8.2673490999999999e-01   1.2566371000000001e+00
  1.1574289000000000e+00   1.2566371000000001e+00
  1.4881228000000000e+00   1.2566371000000001e+00
  1.8188168000000000e+00   1.2566371000000001e+00
  2.1495107999999998e+00   1.2566371000000001e+00
  2.4802046999999998e+00   1.2566371000000001e+00
  2.8108987000000001e+00   1.2566371000000001e+00
 -3.1415926071795863e+00   1.2566371000000001e+00
 -2.8108987071795863e+00   1.2566371000000001e+00
 -2.4802047071795861e+00   1.2566371000000001e+00
 -2.1495108071795865e+00   1.2566371000000001e+00
 -1.8188168071795863e+00   1.2566371000000001e+00
 -1.4881228071795860e+00   1.2566371000000001e+00
 -1.1574289071795860e+00   1.2566371000000001e+00
 -8.2673490717958664e-01   1.2566371000000001e+00
 -4.9604090717958638e-01   1.2566371000000001e+00
 -1.6534700717958639e-01   1.2566371000000001e+00
  0.0000000000000000e+00   1.5707963000000000e+00
  3.1415926999999999e-01   1.5707963000000000e+00
  6.2831853000000004e-01   1.5707963000000000e+00
  9.4247780000000003e-01   1.5707963000000000e+00
  1.2566371000000001e+00   1.5707963000000000e+00
  1.5707963000000000e+00   1.5707963000000000e+00
  1.8849556000000001e+00   1.5707963000000000e+00
  2.1991149000000001e+00   1.5707963000000000e+00
  2.5132740999999998e+00   1.5707963000000000e+00
  2.8274333999999999e+00   1.5707963000000000e+00
 -3.1415926071795863e+00   1.5707963000000000e+00
 -2.8274334071795861e+00   1.5707963000000000e+00
 -2.5132741071795861e+00   1.5707963000000000e+00
 -2.1991149071795864e+00   1.5707963000000000e+00
 -1.8849556071795863e+00   1.5707963000000000e+00
 -1.5707963071795863e+00   1.5707963000000000e+00
 -1.2566371071795865e+00   1.5707963000000000e+00
 -9.4247780717958651e-01   1.5707963000000000e+00
 -6.2831850717958648e-01   1.5707963000000000e+00
 -3.1415930717958584e-01   1.5707963000000000e+00
  1.6534698000000000e-01   1.8849556000000001e+00
  4.9604094999999998e-01   1.8849556000000001e+00
  8.2673490999999999e-01   1.8849556000000001e+00
  1.1574289000000000e+00   1.8849556000000001e+00
  1.4881228000000000e+00   1.8849556000000001e+00
  1.8188168000000000e+00   1.8849556000000001e+00
  2.1495107999999998e+00   1.8849556000000001e+00
  2.4802046999999998e+00   1.8849556000000001e+00
  2.8108987000000001e+00   1.8849556000000001e+00
 -3.1415926071795863e+00   1.8849556000000001e+00
 -2.8108987071795863e+00   1.8849556000000001e+00
 -2.4802047071795861e+00   1.8849556000000001e+00
 -2.1495108071795865e+00   1.8849556000000001e+00
 -1.8188168071795863e+00   1.8849556000000001e+00
 -1.4881228071795860e+00   1.8849556000000001e+00
 -1.1574289071795860e+00   1.8849556000000001e+00
 -8.2673490717958664e-01   1.8849556000000001e+00
 -4.9604090717958638e-01   1.8849556000000001e+00
 -1.6534700717958639e-01   1.8849556000000001e+00
  0.0000000000000000e+00   2.1991149000000001e+00
  3.9269907999999998e-01   2.1991149000000001e+00
  7.8539815999999996e-01   2.1991149000000001e+00
  1.1780972000000001e+00   2.1991149000000001e+00
  1.5707963000000000e+00   2.1991149000000001e+00
  1.9634954000000000e+00   2.1991149000000001e+00
  2.3561945000000000e+00   2.1991149000000001e+00
  2.7488936000000002e+00   2.1991149000000001e+00
 -3.1415926071795863e+00   2.1991149000000001e+00
 -2.7488936071795864e+00   2.1991149000000001e+00
 -2.3561945071795862e+00   2.1991149000000001e+00
 -1.9634954071795860e+00   2.1991149000000001e+00
 -1.5707963071795863e+00   2.1991149000000001e+00
 -1.1780972071795865e+00   2.1991149000000001e+00
 -7.8539820717958619e-01   2.1991149000000001e+00
 -3.9269910717958645e-01   2.1991149000000001e+00
  2.6179939000000002e-01   2.5132740999999998e+00
  7.8539815999999996e-01   2.5132740999999998e+00
  1.3089968999999999e+00   2.5132740999999998e+00
  1.8325956999999999e+00   2.5132740999999998e+00
  2.3561945000000000e+00   2.5132740999999998e+00
  2.8797932999999998e+00   2.5132740999999998e+00
 -2.8797933071795860e+00   2.5132740999999998e+00
 -2.3561945071795862e+00   2.5132740999999998e+00
 -1.8325957071795864e+00   2.5132740999999998e+00
 -1.3089969071795862e+00   2.5132740999999998e+00
 -7.8539820717958619e-01   2.5132740999999998e+00
 -2.6179940717958594e-01   2.5132740999999998e+00
  0.0000000000000000e+00   2.8274333999999999e+00
  1.0471976000000001e+00   2.8274333999999999e+00
  2.0943950999999998e+00   2.8274333999999999e+00
 -3.1415926071795863e+00   2.8274333999999999e+00
 -2.0943951071795865e+00   2.8274333999999999e+00
 -1.0471975071795860e+00   2.8274333999999999e+00
 -3.1415926071795863e+00   3.1415926535897931e+00
