Nodes
# Approximate equidistribution on the sphere.
# From file r1652.txt.

1652
 -3.1415926071795863e+00   0.0000000000000000e+00
  0.0000000000000000e+00   8.7266463000000002e-02
  1.0471976000000001e+00   8.7266463000000002e-02
  2.0943950999999998e+00   8.7266463000000002e-02
 -3.1415926071795863e+00   8.7266463000000002e-02
 -2.0943951071795865e+00   8.7266463000000002e-02
 -1.0471975071795860e+00   8.7266463000000002e-02
  2.4166097000000000e-01   1.7453293000000000e-01
  7.2498291999999998e-01   1.7453293000000000e-01
  1.2083048999999999e+00   1.7453293000000000e-01
  1.6916268000000001e+00   1.7453293000000000e-01
  2.1749488000000001e+00   1.7453293000000000e-01
  2.6582707000000001e+00   1.7453293000000000e-01
 -3.1415926071795863e+00   1.7453293000000000e-01
 -2.6582707071795864e+00   1.7453293000000000e-01
 -2.1749488071795859e+00   1.7453293000000000e-01
 -1.6916268071795866e+00   1.7453293000000000e-01
 -1.2083049071795866e+00   1.7453293000000000e-01
 -7.2498290717958636e-01   1.7453293000000000e-01
 -2.4166100717958638e-01   1.7453293000000000e-01
  0.0000000000000000e+00   2.6179939000000002e-01
  3.3069396000000001e-01   2.6179939000000002e-01
  6.6138792999999996e-01   2.6179939000000002e-01
  9.9208189000000002e-01   2.6179939000000002e-01
  1.3227758999999999e+00   2.6179939000000002e-01
  1.6534698000000001e+00   2.6179939000000002e-01
  1.9841637999999999e+00   2.6179939000000002e-01
  2.3148577000000001e+00   2.6179939000000002e-01
  2.6455517000000000e+00   2.6179939000000002e-01
  2.9762457000000002e+00   2.6179939000000002e-01
 -2.9762457071795860e+00   2.6179939000000002e-01
 -2.6455517071795862e+00   2.6179939000000002e-01
 -2.3148577071795864e+00   2.6179939000000002e-01
 -1.9841638071795860e+00   2.6179939000000002e-01
 -1.6534698071795866e+00   2.6179939000000002e-01
 -1.3227758071795863e+00   2.6179939000000002e-01
 -9.9208190717958633e-01   2.6179939000000002e-01
 -6.6138790717958607e-01   2.6179939000000002e-01
 -3.3069400717958608e-01   2.6179939000000002e-01
  1.2566371000000001e-01   3.4906585000000001e-01
  3.7699112000000001e-01   3.4906585000000001e-01
  6.2831853000000004e-01   3.4906585000000001e-01
  8.7964593999999996e-01   3.4906585000000001e-01
  1.1309734000000000e+00   3.4906585000000001e-01
  1.3823008000000001e+00   3.4906585000000001e-01
  1.6336282000000000e+00   3.4906585000000001e-01
  1.8849556000000001e+00   3.4906585000000001e-01
  2.1362830000000002e+00   3.4906585000000001e-01
  2.3876103999999998e+00   3.4906585000000001e-01
  2.6389377999999999e+00   3.4906585000000001e-01
  2.8902652000000000e+00   3.4906585000000001e-01
 -3.1415926071795863e+00   3.4906585000000001e-01
 -2.8902652071795862e+00   3.4906585000000001e-01
 -2.6389378071795861e+00   3.4906585000000001e-01
 -2.3876104071795861e+00   3.4906585000000001e-01
 -2.1362830071795864e+00   3.4906585000000001e-01
 -1.8849556071795863e+00   3.4906585000000001e-01
 -1.6336282071795862e+00   3.4906585000000001e-01
 -1.3823008071795861e+00   3.4906585000000001e-01
 -1.1309733071795867e+00   3.4906585000000001e-01
 -8.7964590717958657e-01   3.4906585000000001e-01
 -6.2831850717958648e-01   3.4906585000000001e-01
 -3.7699110717958639e-01   3.4906585000000001e-01
 -1.2566370717958630e-01   3.4906585000000001e-01
  0.0000000000000000e+00   4.3633231000000000e-01
  2.0943951000000000e-01   4.3633231000000000e-01
  4.1887901999999999e-01   4.3633231000000000e-01
  6.2831853000000004e-01   4.3633231000000000e-01
  8.3775803999999998e-01   4.3633231000000000e-01
  1.0471976000000001e+00   4.3633231000000000e-01
  1.2566371000000001e+00   4.3633231000000000e-01
  1.4660766000000001e+00   4.3633231000000000e-01
  1.6755161000000001e+00   4.3633231000000000e-01
  1.8849556000000001e+00   4.3633231000000000e-01
  2.0943950999999998e+00   4.3633231000000000e-01
  2.3038346000000001e+00   4.3633231000000000e-01
  2.5132740999999998e+00   4.3633231000000000e-01
  2.7227136000000001e+00   4.3633231000000000e-01
  2.9321530999999998e+00   4.3633231000000000e-01
 -3.1415926071795863e+00   4.3633231000000000e-01
 -2.9321531071795861e+00   4.3633231000000000e-01
 -2.7227136071795863e+00   4.3633231000000000e-01
 -2.5132741071795861e+00   4.3633231000000000e-01
 -2.3038346071795863e+00   4.3633231000000000e-01
 -2.0943951071795865e+00   4.3633231000000000e-01
 -1.8849556071795863e+00   4.3633231000000000e-01
 -1.6755161071795861e+00   4.3633231000000000e-01
 -1.4660766071795859e+00   4.3633231000000000e-01
 -1.2566371071795865e+00   4.3633231000000000e-01
 -1.0471975071795860e+00   4.3633231000000000e-01
 -8.3775800717958582e-01   4.3633231000000000e-01
 -6.2831850717958648e-01   4.3633231000000000e-01
 -4.1887900717958626e-01   4.3633231000000000e-01
 -2.0943950717958604e-01   4.3633231000000000e-01
  8.7266463000000002e-02   5.2359878000000004e-01
  2.6179939000000002e-01   5.2359878000000004e-01
  4.3633231000000000e-01   5.2359878000000004e-01
  6.1086523999999998e-01   5.2359878000000004e-01
  7.8539815999999996e-01   5.2359878000000004e-01
  9.5993108999999999e-01   5.2359878000000004e-01
  1.1344639999999999e+00   5.2359878000000004e-01
  1.3089968999999999e+00   5.2359878000000004e-01
  1.4835299000000000e+00   5.2359878000000004e-01
  1.6580627999999999e+00   5.2359878000000004e-01
  1.8325956999999999e+00   5.2359878000000004e-01
  2.0071286000000002e+00   5.2359878000000004e-01
  2.1816616000000000e+00   5.2359878000000004e-01
  2.3561945000000000e+00   5.2359878000000004e-01
  2.5307274000000000e+00   5.2359878000000004e-01
  2.7052603000000000e+00   5.2359878000000004e-01
  2.8797932999999998e+00   5.2359878000000004e-01
  3.0543262000000002e+00   5.2359878000000004e-01
 -3.0543262071795860e+00   5.2359878000000004e-01
 -2.8797933071795860e+00   5.2359878000000004e-01
 -2.7052603071795862e+00   5.2359878000000004e-01
 -2.5307274071795862e+00   5.2359878000000004e-01
 -2.3561945071795862e+00   5.2359878000000004e-01
 -2.1816616071795858e+00   5.2359878000000004e-01
 -2.0071286071795864e+00   5.2359878000000004e-01
 -1.8325957071795864e+00   5.2359878000000004e-01
 -1.6580628071795864e+00   5.2359878000000004e-01
 -1.4835299071795864e+00   5.2359878000000004e-01
 -1.3089969071795862e+00   5.2359878000000004e-01
 -1.1344640071795862e+00   5.2359878000000004e-01
 -9.5993110717958618e-01   5.2359878000000004e-01
 -7.8539820717958619e-01   5.2359878000000004e-01
 -6.1086520717958592e-01   5.2359878000000004e-01
 -4.3633230717958593e-01   5.2359878000000004e-01
 -2.6179940717958594e-01   5.2359878000000004e-01
 -8.7266507179585950e-02   5.2359878000000004e-01
  0.0000000000000000e+00   6.1086523999999998e-01
  1.5324842000000000e-01   6.1086523999999998e-01
  3.0649683999999999e-01   6.1086523999999998e-01
  4.5974526999999998e-01   6.1086523999999998e-01
  6.1299369000000004e-01   6.1086523999999998e-01
  7.6624210999999998e-01   6.1086523999999998e-01
  9.1949053000000003e-01   6.1086523999999998e-01
  1.0727390000000001e+00   6.1086523999999998e-01
  1.2259873999999999e+00   6.1086523999999998e-01
  1.3792358000000000e+00   6.1086523999999998e-01
  1.5324842000000001e+00   6.1086523999999998e-01
  1.6857325999999999e+00   6.1086523999999998e-01
  1.8389811000000000e+00   6.1086523999999998e-01
  1.9922295000000001e+00   6.1086523999999998e-01
  2.1454778999999999e+00   6.1086523999999998e-01
  2.2987262999999998e+00   6.1086523999999998e-01
  2.4519747999999999e+00   6.1086523999999998e-01
  2.6052232000000002e+00   6.1086523999999998e-01
  2.7584716000000000e+00   6.1086523999999998e-01
  2.9117199999999999e+00   6.1086523999999998e-01
  3.0649684000000001e+00   6.1086523999999998e-01
 -3.0649684071795864e+00   6.1086523999999998e-01
 -2.9117200071795861e+00   6.1086523999999998e-01
 -2.7584716071795863e+00   6.1086523999999998e-01
 -2.6052232071795864e+00   6.1086523999999998e-01
 -2.4519747071795863e+00   6.1086523999999998e-01
 -2.2987263071795860e+00   6.1086523999999998e-01
 -2.1454779071795862e+00   6.1086523999999998e-01
 -1.9922295071795864e+00   6.1086523999999998e-01
 -1.8389811071795865e+00   6.1086523999999998e-01
 -1.6857326071795864e+00   6.1086523999999998e-01
 -1.5324842071795866e+00   6.1086523999999998e-01
 -1.3792358071795858e+00   6.1086523999999998e-01
 -1.2259874071795860e+00   6.1086523999999998e-01
 -1.0727389071795859e+00   6.1086523999999998e-01
 -9.1949050717958603e-01   6.1086523999999998e-01
 -7.6624210717958618e-01   6.1086523999999998e-01
 -6.1299370717958634e-01   6.1086523999999998e-01
 -4.5974530717958650e-01   6.1086523999999998e-01
 -3.0649680717958638e-01   6.1086523999999998e-01
 -1.5324840717958654e-01   6.1086523999999998e-01
  6.8295491999999999e-02   6.9813170000000002e-01
  2.0488648000000001e-01   6.9813170000000002e-01
  3.4147746000000001e-01   6.9813170000000002e-01
  4.7806844999999998e-01   6.9813170000000002e-01
  6.1465943000000001e-01   6.9813170000000002e-01
  7.5125041999999997e-01   6.9813170000000002e-01
  8.8784140000000000e-01   6.9813170000000002e-01
  1.0244324000000000e+00   6.9813170000000002e-01
  1.1610233999999999e+00   6.9813170000000002e-01
  1.2976144000000001e+00   6.9813170000000002e-01
  1.4342052999999999e+00   6.9813170000000002e-01
  1.5707963000000000e+00   6.9813170000000002e-01
  1.7073872999999999e+00   6.9813170000000002e-01
  1.8439783000000001e+00   6.9813170000000002e-01
  1.9805693000000000e+00   6.9813170000000002e-01
  2.1171603000000001e+00   6.9813170000000002e-01
  2.2537512999999998e+00   6.9813170000000002e-01
  2.3903422000000001e+00   6.9813170000000002e-01
  2.5269332000000002e+00   6.9813170000000002e-01
  2.6635241999999999e+00   6.9813170000000002e-01
  2.8001152000000000e+00   6.9813170000000002e-01
  2.9367062000000002e+00   6.9813170000000002e-01
  3.0732971999999998e+00   6.9813170000000002e-01
 -3.0732972071795861e+00   6.9813170000000002e-01
 -2.9367062071795864e+00   6.9813170000000002e-01
 -2.8001152071795863e+00   6.9813170000000002e-01
 -2.6635242071795862e+00   6.9813170000000002e-01
 -2.5269332071795860e+00   6.9813170000000002e-01
 -2.3903422071795863e+00   6.9813170000000002e-01
 -2.2537512071795867e+00   6.9813170000000002e-01
 -2.1171603071795859e+00   6.9813170000000002e-01
 -1.9805693071795858e+00   6.9813170000000002e-01
 -1.8439783071795866e+00   6.9813170000000002e-01
 -1.7073873071795864e+00   6.9813170000000002e-01
 -1.5707963071795863e+00   6.9813170000000002e-01
 -1.4342053071795862e+00   6.9813170000000002e-01
 -1.2976143071795860e+00   6.9813170000000002e-01
 -1.1610234071795862e+00   6.9813170000000002e-01
 -1.0244324071795861e+00   6.9813170000000002e-01
 -8.8784140717958593e-01   6.9813170000000002e-01
 -7.5125040717958580e-01   6.9813170000000002e-01
 -6.1465940717958656e-01   6.9813170000000002e-01
 -4.7806840717958643e-01   6.9813170000000002e-01
 -3.4147750717958658e-01   6.9813170000000002e-01
 -2.0488650717958645e-01   6.9813170000000002e-01
 -6.8295507179586323e-02   6.9813170000000002e-01
  0.0000000000000000e+00   7.8539815999999996e-01
  1.2319971000000000e-01   7.8539815999999996e-01
  2.4639942000000001e-01   7.8539815999999996e-01
  3.6959913999999999e-01   7.8539815999999996e-01
  4.9279885000000001e-01   7.8539815999999996e-01
  6.1599855999999997e-01   7.8539815999999996e-01
  7.3919827000000005e-01   7.8539815999999996e-01
  8.6239798000000001e-01   7.8539815999999996e-01
  9.8559770000000002e-01   7.8539815999999996e-01
  1.1087974000000000e+00   7.8539815999999996e-01
  1.2319971000000001e+00   7.8539815999999996e-01
  1.3551968000000001e+00   7.8539815999999996e-01
  1.4783964999999999e+00   7.8539815999999996e-01
  1.6015963000000000e+00   7.8539815999999996e-01
  1.7247960000000000e+00   7.8539815999999996e-01
  1.8479957000000000e+00   7.8539815999999996e-01
  1.9711954000000000e+00   7.8539815999999996e-01
  2.0943950999999998e+00   7.8539815999999996e-01
  2.2175948000000001e+00   7.8539815999999996e-01
  2.3407944999999999e+00   7.8539815999999996e-01
  2.4639942000000001e+00   7.8539815999999996e-01
  2.5871940000000002e+00   7.8539815999999996e-01
  2.7103937000000000e+00   7.8539815999999996e-01
  2.8335933999999998e+00   7.8539815999999996e-01
  2.9567931000000001e+00   7.8539815999999996e-01
  3.0799927999999999e+00   7.8539815999999996e-01
 -3.0799928071795861e+00   7.8539815999999996e-01
 -2.9567931071795863e+00   7.8539815999999996e-01
 -2.8335934071795861e+00   7.8539815999999996e-01
 -2.7103937071795863e+00   7.8539815999999996e-01
 -2.5871939071795862e+00   7.8539815999999996e-01
 -2.4639942071795864e+00   7.8539815999999996e-01
 -2.3407945071795861e+00   7.8539815999999996e-01
 -2.2175948071795863e+00   7.8539815999999996e-01
 -2.0943951071795865e+00   7.8539815999999996e-01
 -1.9711954071795859e+00   7.8539815999999996e-01
 -1.8479957071795861e+00   7.8539815999999996e-01
 -1.7247960071795863e+00   7.8539815999999996e-01
 -1.6015962071795862e+00   7.8539815999999996e-01
 -1.4783965071795864e+00   7.8539815999999996e-01
 -1.3551968071795866e+00   7.8539815999999996e-01
 -1.2319971071795859e+00   7.8539815999999996e-01
 -1.1087974071795861e+00   7.8539815999999996e-01
 -9.8559770717958628e-01   7.8539815999999996e-01
 -8.6239800717958648e-01   7.8539815999999996e-01
 -7.3919830717958579e-01   7.8539815999999996e-01
 -6.1599860717958599e-01   7.8539815999999996e-01
 -4.9279880717958591e-01   7.8539815999999996e-01
 -3.6959910717958611e-01   7.8539815999999996e-01
 -2.4639940717958631e-01   7.8539815999999996e-01
 -1.2319970717958650e-01   7.8539815999999996e-01
  5.7119865999999998e-02   8.7266463000000005e-01
  1.7135960000000000e-01   8.7266463000000005e-01
  2.8559932999999998e-01   8.7266463000000005e-01
  3.9983907000000002e-01   8.7266463000000005e-01
  5.1407879999999995e-01   8.7266463000000005e-01
  6.2831853000000004e-01   8.7266463000000005e-01
  7.4255826000000003e-01   8.7266463000000005e-01
  8.5679799999999995e-01   8.7266463000000005e-01
  9.7103773000000004e-01   8.7266463000000005e-01
  1.0852774999999999e+00   8.7266463000000005e-01
  1.1995172000000001e+00   8.7266463000000005e-01
  1.3137569000000000e+00   8.7266463000000005e-01
  1.4279967000000000e+00   8.7266463000000005e-01
  1.5422364000000000e+00   8.7266463000000005e-01
  1.6564760999999999e+00   8.7266463000000005e-01
  1.7707158999999999e+00   8.7266463000000005e-01
  1.8849556000000001e+00   8.7266463000000005e-01
  1.9991953000000000e+00   8.7266463000000005e-01
  2.1134350999999998e+00   8.7266463000000005e-01
  2.2276748000000000e+00   8.7266463000000005e-01
  2.3419145000000001e+00   8.7266463000000005e-01
  2.4561543000000001e+00   8.7266463000000005e-01
  2.5703939999999998e+00   8.7266463000000005e-01
  2.6846337000000000e+00   8.7266463000000005e-01
  2.7988735000000000e+00   8.7266463000000005e-01
  2.9131132000000002e+00   8.7266463000000005e-01
  3.0273528999999999e+00   8.7266463000000005e-01
 -3.1415926071795863e+00   8.7266463000000005e-01
 -3.0273529071795862e+00   8.7266463000000005e-01
 -2.9131132071795864e+00   8.7266463000000005e-01
 -2.7988734071795864e+00   8.7266463000000005e-01
 -2.6846337071795863e+00   8.7266463000000005e-01
 -2.5703940071795861e+00   8.7266463000000005e-01
 -2.4561542071795861e+00   8.7266463000000005e-01
 -2.3419145071795864e+00   8.7266463000000005e-01
 -2.2276748071795867e+00   8.7266463000000005e-01
 -2.1134351071795860e+00   8.7266463000000005e-01
 -1.9991953071795860e+00   8.7266463000000005e-01
 -1.8849556071795863e+00   8.7266463000000005e-01
 -1.7707159071795866e+00   8.7266463000000005e-01
 -1.6564761071795866e+00   8.7266463000000005e-01
 -1.5422364071795860e+00   8.7266463000000005e-01
 -1.4279967071795863e+00   8.7266463000000005e-01
 -1.3137569071795863e+00   8.7266463000000005e-01
 -1.1995172071795865e+00   8.7266463000000005e-01
 -1.0852775071795859e+00   8.7266463000000005e-01
 -9.7103770717958593e-01   8.7266463000000005e-01
 -8.5679800717958621e-01   8.7266463000000005e-01
 -7.4255830717958649e-01   8.7266463000000005e-01
 -6.2831850717958648e-01   8.7266463000000005e-01
 -5.1407880717958587e-01   8.7266463000000005e-01
 -3.9983910717958615e-01   8.7266463000000005e-01
 -2.8559930717958615e-01   8.7266463000000005e-01
 -1.7135960717958643e-01   8.7266463000000005e-01
 -5.7119907179585816e-02   8.7266463000000005e-01
  0.0000000000000000e+00   9.5993108999999999e-01
  1.0649467000000000e-01   9.5993108999999999e-01
  2.1298933000000000e-01   9.5993108999999999e-01
  3.1948399999999999e-01   9.5993108999999999e-01
  4.2597866000000001e-01   9.5993108999999999e-01
  5.3247332999999997e-01   9.5993108999999999e-01
  6.3896799999999998e-01   9.5993108999999999e-01
  7.4546266000000005e-01   9.5993108999999999e-01
  8.5195732999999996e-01   9.5993108999999999e-01
  9.5845199999999997e-01   9.5993108999999999e-01
  1.0649466999999999e+00   9.5993108999999999e-01
  1.1714412999999999e+00   9.5993108999999999e-01
  1.2779360000000000e+00   9.5993108999999999e-01
  1.3844307000000000e+00   9.5993108999999999e-01
  1.4909253000000000e+00   9.5993108999999999e-01
  1.5974200000000001e+00   9.5993108999999999e-01
  1.7039146999999999e+00   9.5993108999999999e-01
  1.8104093000000001e+00   9.5993108999999999e-01
  1.9169039999999999e+00   9.5993108999999999e-01
  2.0233987000000000e+00   9.5993108999999999e-01
  2.1298933000000000e+00   9.5993108999999999e-01
  2.2363879999999998e+00   9.5993108999999999e-01
  2.3428827000000001e+00   9.5993108999999999e-01
  2.4493773000000001e+00   9.5993108999999999e-01
  2.5558719999999999e+00   9.5993108999999999e-01
  2.6623667000000002e+00   9.5993108999999999e-01
  2.7688613000000002e+00   9.5993108999999999e-01
  2.8753560000000000e+00   9.5993108999999999e-01
  2.9818506999999999e+00   9.5993108999999999e-01
  3.0883452999999998e+00   9.5993108999999999e-01
 -3.0883453071795861e+00   9.5993108999999999e-01
 -2.9818506071795863e+00   9.5993108999999999e-01
 -2.8753560071795863e+00   9.5993108999999999e-01
 -2.7688613071795865e+00   9.5993108999999999e-01
 -2.6623666071795862e+00   9.5993108999999999e-01
 -2.5558720071795862e+00   9.5993108999999999e-01
 -2.4493773071795863e+00   9.5993108999999999e-01
 -2.3428826071795861e+00   9.5993108999999999e-01
 -2.2363880071795865e+00   9.5993108999999999e-01
 -2.1298933071795858e+00   9.5993108999999999e-01
 -2.0233987071795863e+00   9.5993108999999999e-01
 -1.9169040071795864e+00   9.5993108999999999e-01
 -1.8104093071795866e+00   9.5993108999999999e-01
 -1.7039147071795862e+00   9.5993108999999999e-01
 -1.5974200071795863e+00   9.5993108999999999e-01
 -1.4909253071795865e+00   9.5993108999999999e-01
 -1.3844307071795861e+00   9.5993108999999999e-01
 -1.2779360071795862e+00   9.5993108999999999e-01
 -1.1714413071795864e+00   9.5993108999999999e-01
 -1.0649467071795859e+00   9.5993108999999999e-01
 -9.5845200717958612e-01   9.5993108999999999e-01
 -8.5195730717958629e-01   9.5993108999999999e-01
 -7.4546270717958585e-01   9.5993108999999999e-01
 -6.3896800717958602e-01   9.5993108999999999e-01
 -5.3247330717958619e-01   9.5993108999999999e-01
 -4.2597870717958664e-01   9.5993108999999999e-01
 -3.1948400717958592e-01   9.5993108999999999e-01
 -2.1298930717958608e-01   9.5993108999999999e-01
 -1.0649470717958653e-01   9.5993108999999999e-01
  5.0670848999999997e-02   1.0471976000000001e+00
  1.5201255000000000e-01   1.0471976000000001e+00
  2.5335425000000000e-01   1.0471976000000001e+00
  3.5469593999999999e-01   1.0471976000000001e+00
  4.5603764000000002e-01   1.0471976000000001e+00
  5.5737934000000000e-01   1.0471976000000001e+00
  6.5872103999999998e-01   1.0471976000000001e+00
  7.6006273999999996e-01   1.0471976000000001e+00
  8.6140444000000005e-01   1.0471976000000001e+00
  9.6274614000000003e-01   1.0471976000000001e+00
  1.0640878000000000e+00   1.0471976000000001e+00
  1.1654294999999999e+00   1.0471976000000001e+00
  1.2667712000000000e+00   1.0471976000000001e+00
  1.3681129000000001e+00   1.0471976000000001e+00
  1.4694545999999999e+00   1.0471976000000001e+00
  1.5707963000000000e+00   1.0471976000000001e+00
  1.6721379999999999e+00   1.0471976000000001e+00
  1.7734797000000000e+00   1.0471976000000001e+00
  1.8748214000000001e+00   1.0471976000000001e+00
  1.9761631000000000e+00   1.0471976000000001e+00
  2.0775047999999998e+00   1.0471976000000001e+00
  2.1788465000000001e+00   1.0471976000000001e+00
  2.2801882000000000e+00   1.0471976000000001e+00
  2.3815298999999999e+00   1.0471976000000001e+00
  2.4828716000000002e+00   1.0471976000000001e+00
  2.5842133000000000e+00   1.0471976000000001e+00
  2.6855549999999999e+00   1.0471976000000001e+00
  2.7868966999999998e+00   1.0471976000000001e+00
  2.8882384000000001e+00   1.0471976000000001e+00
  2.9895801000000000e+00   1.0471976000000001e+00
  3.0909217999999998e+00   1.0471976000000001e+00
 -3.0909218071795861e+00   1.0471976000000001e+00
 -2.9895801071795862e+00   1.0471976000000001e+00
 -2.8882384071795864e+00   1.0471976000000001e+00
 -2.7868967071795860e+00   1.0471976000000001e+00
 -2.6855550071795862e+00   1.0471976000000001e+00
 -2.5842133071795863e+00   1.0471976000000001e+00
 -2.4828716071795864e+00   1.0471976000000001e+00
 -2.3815299071795861e+00   1.0471976000000001e+00
 -2.2801882071795863e+00   1.0471976000000001e+00
 -2.1788465071795864e+00   1.0471976000000001e+00
 -2.0775048071795865e+00   1.0471976000000001e+00
 -1.9761631071795867e+00   1.0471976000000001e+00
 -1.8748214071795859e+00   1.0471976000000001e+00
 -1.7734797071795860e+00   1.0471976000000001e+00
 -1.6721380071795862e+00   1.0471976000000001e+00
 -1.5707963071795863e+00   1.0471976000000001e+00
 -1.4694546071795864e+00   1.0471976000000001e+00
 -1.3681129071795866e+00   1.0471976000000001e+00
 -1.2667712071795858e+00   1.0471976000000001e+00
 -1.1654295071795859e+00   1.0471976000000001e+00
 -1.0640878071795861e+00   1.0471976000000001e+00
 -9.6274610717958620e-01   1.0471976000000001e+00
 -8.6140440717958633e-01   1.0471976000000001e+00
 -7.6006270717958646e-01   1.0471976000000001e+00
 -6.5872100717958659e-01   1.0471976000000001e+00
 -5.5737930717958584e-01   1.0471976000000001e+00
 -4.5603760717958597e-01   1.0471976000000001e+00
 -3.5469590717958610e-01   1.0471976000000001e+00
 -2.5335420717958623e-01   1.0471976000000001e+00
 -1.5201250717958636e-01   1.0471976000000001e+00
 -5.0670807179586497e-02   1.0471976000000001e+00
  0.0000000000000000e+00   1.1344639999999999e+00
  9.6664389000000003e-02   1.1344639999999999e+00
  1.9332878000000001e-01   1.1344639999999999e+00
  2.8999317000000002e-01   1.1344639999999999e+00
  3.8665756000000001e-01   1.1344639999999999e+00
  4.8332195000000000e-01   1.1344639999999999e+00
  5.7998634000000004e-01   1.1344639999999999e+00
  6.7665072999999998e-01   1.1344639999999999e+00
  7.7331510999999997e-01   1.1344639999999999e+00
  8.6997950000000002e-01   1.1344639999999999e+00
  9.6664388999999995e-01   1.1344639999999999e+00
  1.0633083000000001e+00   1.1344639999999999e+00
  1.1599727000000000e+00   1.1344639999999999e+00
  1.2566371000000001e+00   1.1344639999999999e+00
  1.3533014999999999e+00   1.1344639999999999e+00
  1.4499658000000000e+00   1.1344639999999999e+00
  1.5466302000000001e+00   1.1344639999999999e+00
  1.6432945999999999e+00   1.1344639999999999e+00
  1.7399590000000000e+00   1.1344639999999999e+00
  1.8366233999999999e+00   1.1344639999999999e+00
  1.9332878000000000e+00   1.1344639999999999e+00
  2.0299521999999999e+00   1.1344639999999999e+00
  2.1266166000000002e+00   1.1344639999999999e+00
  2.2232810000000001e+00   1.1344639999999999e+00
  2.3199453000000001e+00   1.1344639999999999e+00
  2.4166097000000000e+00   1.1344639999999999e+00
  2.5132740999999998e+00   1.1344639999999999e+00
  2.6099385000000002e+00   1.1344639999999999e+00
  2.7066029000000000e+00   1.1344639999999999e+00
  2.8032672999999999e+00   1.1344639999999999e+00
  2.8999316999999998e+00   1.1344639999999999e+00
  2.9965961000000001e+00   1.1344639999999999e+00
  3.0932605000000000e+00   1.1344639999999999e+00
 -3.0932605071795862e+00   1.1344639999999999e+00
 -2.9965961071795864e+00   1.1344639999999999e+00
 -2.8999317071795860e+00   1.1344639999999999e+00
 -2.8032673071795862e+00   1.1344639999999999e+00
 -2.7066029071795863e+00   1.1344639999999999e+00
 -2.6099385071795864e+00   1.1344639999999999e+00
 -2.5132741071795861e+00   1.1344639999999999e+00
 -2.4166097071795862e+00   1.1344639999999999e+00
 -2.3199453071795864e+00   1.1344639999999999e+00
 -2.2232809071795865e+00   1.1344639999999999e+00
 -2.1266166071795860e+00   1.1344639999999999e+00
 -2.0299522071795861e+00   1.1344639999999999e+00
 -1.9332878071795863e+00   1.1344639999999999e+00
 -1.8366234071795864e+00   1.1344639999999999e+00
 -1.7399590071795865e+00   1.1344639999999999e+00
 -1.6432946071795866e+00   1.1344639999999999e+00
 -1.5466302071795859e+00   1.1344639999999999e+00
 -1.4499658071795860e+00   1.1344639999999999e+00
 -1.3533014071795861e+00   1.1344639999999999e+00
 -1.2566371071795865e+00   1.1344639999999999e+00
 -1.1599727071795867e+00   1.1344639999999999e+00
 -1.0633083071795859e+00   1.1344639999999999e+00
 -9.6664390717958604e-01   1.1344639999999999e+00
 -8.6997950717958616e-01   1.1344639999999999e+00
 -7.7331510717958629e-01   1.1344639999999999e+00
 -6.7665070717958642e-01   1.1344639999999999e+00
 -5.7998630717958655e-01   1.1344639999999999e+00
 -4.8332190717958667e-01   1.1344639999999999e+00
 -3.8665760717958619e-01   1.1344639999999999e+00
 -2.8999320717958632e-01   1.1344639999999999e+00
 -1.9332880717958645e-01   1.1344639999999999e+00
 -9.6664407179586576e-02   1.1344639999999999e+00
  4.6199891999999999e-02   1.2217305000000001e+00
  1.3859968000000000e-01   1.2217305000000001e+00
  2.3099945999999999e-01   1.2217305000000001e+00
  3.2339923999999998e-01   1.2217305000000001e+00
  4.1579903000000001e-01   1.2217305000000001e+00
  5.0819881000000000e-01   1.2217305000000001e+00
  6.0059859999999998e-01   1.2217305000000001e+00
  6.9299838000000002e-01   1.2217305000000001e+00
  7.8539815999999996e-01   1.2217305000000001e+00
  8.7779795000000005e-01   1.2217305000000001e+00
  9.7019772999999998e-01   1.2217305000000001e+00
  1.0625975000000001e+00   1.2217305000000001e+00
  1.1549973000000000e+00   1.2217305000000001e+00
  1.2473970999999999e+00   1.2217305000000001e+00
  1.3397969000000001e+00   1.2217305000000001e+00
  1.4321967000000000e+00   1.2217305000000001e+00
  1.5245964000000001e+00   1.2217305000000001e+00
  1.6169962000000000e+00   1.2217305000000001e+00
  1.7093959999999999e+00   1.2217305000000001e+00
  1.8017958000000001e+00   1.2217305000000001e+00
  1.8941956000000000e+00   1.2217305000000001e+00
  1.9865953999999999e+00   1.2217305000000001e+00
  2.0789951000000002e+00   1.2217305000000001e+00
  2.1713949000000001e+00   1.2217305000000001e+00
  2.2637947000000000e+00   1.2217305000000001e+00
  2.3561945000000000e+00   1.2217305000000001e+00
  2.4485942999999999e+00   1.2217305000000001e+00
  2.5409940999999998e+00   1.2217305000000001e+00
  2.6333937999999999e+00   1.2217305000000001e+00
  2.7257935999999998e+00   1.2217305000000001e+00
  2.8181934000000002e+00   1.2217305000000001e+00
  2.9105932000000001e+00   1.2217305000000001e+00
  3.0029930000000000e+00   1.2217305000000001e+00
  3.0953927999999999e+00   1.2217305000000001e+00
 -3.0953928071795862e+00   1.2217305000000001e+00
 -3.0029930071795863e+00   1.2217305000000001e+00
 -2.9105932071795864e+00   1.2217305000000001e+00
 -2.8181934071795864e+00   1.2217305000000001e+00
 -2.7257936071795861e+00   1.2217305000000001e+00
 -2.6333938071795862e+00   1.2217305000000001e+00
 -2.5409941071795861e+00   1.2217305000000001e+00
 -2.4485943071795861e+00   1.2217305000000001e+00
 -2.3561945071795862e+00   1.2217305000000001e+00
 -2.2637947071795859e+00   1.2217305000000001e+00
 -2.1713949071795859e+00   1.2217305000000001e+00
 -2.0789951071795860e+00   1.2217305000000001e+00
 -1.9865953071795861e+00   1.2217305000000001e+00
 -1.8941956071795865e+00   1.2217305000000001e+00
 -1.8017958071795865e+00   1.2217305000000001e+00
 -1.7093960071795866e+00   1.2217305000000001e+00
 -1.6169962071795858e+00   1.2217305000000001e+00
 -1.5245964071795859e+00   1.2217305000000001e+00
 -1.4321966071795860e+00   1.2217305000000001e+00
 -1.3397969071795863e+00   1.2217305000000001e+00
 -1.2473971071795864e+00   1.2217305000000001e+00
 -1.1549973071795865e+00   1.2217305000000001e+00
 -1.0625975071795866e+00   1.2217305000000001e+00
 -9.7019770717958664e-01   1.2217305000000001e+00
 -8.7779790717958583e-01   1.2217305000000001e+00
 -7.8539820717958619e-01   1.2217305000000001e+00
 -6.9299840717958627e-01   1.2217305000000001e+00
 -6.0059860717958635e-01   1.2217305000000001e+00
 -5.0819880717958643e-01   1.2217305000000001e+00
 -4.1579900717958651e-01   1.2217305000000001e+00
 -3.2339920717958659e-01   1.2217305000000001e+00
 -2.3099950717958606e-01   1.2217305000000001e+00
 -1.3859970717958614e-01   1.2217305000000001e+00
 -4.6199907179586219e-02   1.2217305000000001e+00
  0.0000000000000000e+00   1.3089968999999999e+00
  8.9759790000000006e-02   1.3089968999999999e+00
  1.7951958000000001e-01   1.3089968999999999e+00
  2.6927937000000002e-01   1.3089968999999999e+00
  3.5903916000000002e-01   1.3089968999999999e+00
  4.4879894999999997e-01   1.3089968999999999e+00
  5.3855874000000004e-01   1.3089968999999999e+00
  6.2831853000000004e-01   1.3089968999999999e+00
  7.1807832000000005e-01   1.3089968999999999e+00
  8.0783811000000005e-01   1.3089968999999999e+00
  8.9759789999999995e-01   1.3089968999999999e+00
  9.8735768999999995e-01   1.3089968999999999e+00
  1.0771174999999999e+00   1.3089968999999999e+00
  1.1668772999999999e+00   1.3089968999999999e+00
  1.2566371000000001e+00   1.3089968999999999e+00
  1.3463969000000000e+00   1.3089968999999999e+00
  1.4361565999999999e+00   1.3089968999999999e+00
  1.5259164000000001e+00   1.3089968999999999e+00
  1.6156762000000000e+00   1.3089968999999999e+00
  1.7054360000000000e+00   1.3089968999999999e+00
  1.7951957999999999e+00   1.3089968999999999e+00
  1.8849556000000001e+00   1.3089968999999999e+00
  1.9747154000000000e+00   1.3089968999999999e+00
  2.0644752000000000e+00   1.3089968999999999e+00
  2.1542349999999999e+00   1.3089968999999999e+00
  2.2439947999999998e+00   1.3089968999999999e+00
  2.3337545000000000e+00   1.3089968999999999e+00
  2.4235142999999999e+00   1.3089968999999999e+00
  2.5132740999999998e+00   1.3089968999999999e+00
  2.6030338999999998e+00   1.3089968999999999e+00
  2.6927937000000002e+00   1.3089968999999999e+00
  2.7825535000000001e+00   1.3089968999999999e+00
  2.8723133000000001e+00   1.3089968999999999e+00
  2.9620731000000000e+00   1.3089968999999999e+00
  3.0518329000000000e+00   1.3089968999999999e+00
 -3.1415926071795863e+00   1.3089968999999999e+00
 -3.0518329071795862e+00   1.3089968999999999e+00
 -2.9620731071795863e+00   1.3089968999999999e+00
 -2.8723133071795863e+00   1.3089968999999999e+00
 -2.7825535071795864e+00   1.3089968999999999e+00
 -2.6927937071795864e+00   1.3089968999999999e+00
 -2.6030339071795860e+00   1.3089968999999999e+00
 -2.5132741071795861e+00   1.3089968999999999e+00
 -2.4235143071795862e+00   1.3089968999999999e+00
 -2.3337545071795862e+00   1.3089968999999999e+00
 -2.2439947071795858e+00   1.3089968999999999e+00
 -2.1542350071795866e+00   1.3089968999999999e+00
 -2.0644752071795862e+00   1.3089968999999999e+00
 -1.9747154071795858e+00   1.3089968999999999e+00
 -1.8849556071795863e+00   1.3089968999999999e+00
 -1.7951958071795859e+00   1.3089968999999999e+00
 -1.7054360071795864e+00   1.3089968999999999e+00
 -1.6156762071795860e+00   1.3089968999999999e+00
 -1.5259164071795865e+00   1.3089968999999999e+00
 -1.4361566071795862e+00   1.3089968999999999e+00
 -1.3463968071795867e+00   1.3089968999999999e+00
 -1.2566371071795865e+00   1.3089968999999999e+00
 -1.1668773071795862e+00   1.3089968999999999e+00
 -1.0771175071795867e+00   1.3089968999999999e+00
 -9.8735770717958626e-01   1.3089968999999999e+00
 -8.9759790717958587e-01   1.3089968999999999e+00
 -8.0783810717958637e-01   1.3089968999999999e+00
 -7.1807830717958598e-01   1.3089968999999999e+00
 -6.2831850717958648e-01   1.3089968999999999e+00
 -5.3855870717958609e-01   1.3089968999999999e+00
 -4.4879890717958659e-01   1.3089968999999999e+00
 -3.5903920717958648e-01   1.3089968999999999e+00
 -2.6927940717958609e-01   1.3089968999999999e+00
 -1.7951960717958659e-01   1.3089968999999999e+00
 -8.9759807179586204e-02   1.3089968999999999e+00
  4.4247783999999998e-02   1.3962634000000000e+00
  1.3274335000000001e-01   1.3962634000000000e+00
  2.2123892000000001e-01   1.3962634000000000e+00
  3.0973448999999997e-01   1.3962634000000000e+00
  3.9823005000000000e-01   1.3962634000000000e+00
  4.8672562000000003e-01   1.3962634000000000e+00
  5.7522119000000005e-01   1.3962634000000000e+00
  6.6371676000000002e-01   1.3962634000000000e+00
  7.5221232999999998e-01   1.3962634000000000e+00
  8.4070789000000001e-01   1.3962634000000000e+00
  9.2920345999999998e-01   1.3962634000000000e+00
  1.0176989999999999e+00   1.3962634000000000e+00
  1.1061946000000000e+00   1.3962634000000000e+00
  1.1946901999999999e+00   1.3962634000000000e+00
  1.2831857000000000e+00   1.3962634000000000e+00
  1.3716813000000001e+00   1.3962634000000000e+00
  1.4601769000000000e+00   1.3962634000000000e+00
  1.5486724000000001e+00   1.3962634000000000e+00
  1.6371680000000000e+00   1.3962634000000000e+00
  1.7256636000000001e+00   1.3962634000000000e+00
  1.8141590999999999e+00   1.3962634000000000e+00
  1.9026547000000000e+00   1.3962634000000000e+00
  1.9911502999999999e+00   1.3962634000000000e+00
  2.0796458000000002e+00   1.3962634000000000e+00
  2.1681414000000001e+00   1.3962634000000000e+00
  2.2566370000000000e+00   1.3962634000000000e+00
  2.3451325000000001e+00   1.3962634000000000e+00
  2.4336281000000000e+00   1.3962634000000000e+00
  2.5221236999999999e+00   1.3962634000000000e+00
  2.6106191999999999e+00   1.3962634000000000e+00
  2.6991147999999998e+00   1.3962634000000000e+00
  2.7876104000000002e+00   1.3962634000000000e+00
  2.8761060000000001e+00   1.3962634000000000e+00
  2.9646015000000001e+00   1.3962634000000000e+00
  3.0530971000000000e+00   1.3962634000000000e+00
 -3.1415926071795863e+00   1.3962634000000000e+00
 -3.0530971071795863e+00   1.3962634000000000e+00
 -2.9646015071795864e+00   1.3962634000000000e+00
 -2.8761059071795860e+00   1.3962634000000000e+00
 -2.7876104071795864e+00   1.3962634000000000e+00
 -2.6991148071795861e+00   1.3962634000000000e+00
 -2.6106192071795862e+00   1.3962634000000000e+00
 -2.5221237071795861e+00   1.3962634000000000e+00
 -2.4336281071795862e+00   1.3962634000000000e+00
 -2.3451325071795863e+00   1.3962634000000000e+00
 -2.2566370071795863e+00   1.3962634000000000e+00
 -2.1681414071795864e+00   1.3962634000000000e+00
 -2.0796458071795865e+00   1.3962634000000000e+00
 -1.9911503071795860e+00   1.3962634000000000e+00
 -1.9026547071795861e+00   1.3962634000000000e+00
 -1.8141591071795862e+00   1.3962634000000000e+00
 -1.7256636071795866e+00   1.3962634000000000e+00
 -1.6371680071795867e+00   1.3962634000000000e+00
 -1.5486724071795859e+00   1.3962634000000000e+00
 -1.4601769071795863e+00   1.3962634000000000e+00
 -1.3716813071795864e+00   1.3962634000000000e+00
 -1.2831857071795865e+00   1.3962634000000000e+00
 -1.1946902071795860e+00   1.3962634000000000e+00
 -1.1061946071795861e+00   1.3962634000000000e+00
 -1.0176990071795862e+00   1.3962634000000000e+00
 -9.2920350717958655e-01   1.3962634000000000e+00
 -8.4070790717958666e-01   1.3962634000000000e+00
 -7.5221230717958587e-01   1.3962634000000000e+00
 -6.6371680717958625e-01   1.3962634000000000e+00
 -5.7522120717958636e-01   1.3962634000000000e+00
 -4.8672560717958646e-01   1.3962634000000000e+00
 -3.9823000717958656e-01   1.3962634000000000e+00
 -3.0973450717958606e-01   1.3962634000000000e+00
 -2.2123890717958616e-01   1.3962634000000000e+00
 -1.3274330717958627e-01   1.3962634000000000e+00
 -4.4247807179586651e-02   1.3962634000000000e+00
  0.0000000000000000e+00   1.4835299000000000e+00
  8.7266463000000002e-02   1.4835299000000000e+00
  1.7453293000000000e-01   1.4835299000000000e+00
  2.6179939000000002e-01   1.4835299000000000e+00
  3.4906585000000001e-01   1.4835299000000000e+00
  4.3633231000000000e-01   1.4835299000000000e+00
  5.2359878000000004e-01   1.4835299000000000e+00
  6.1086523999999998e-01   1.4835299000000000e+00
  6.9813170000000002e-01   1.4835299000000000e+00
  7.8539815999999996e-01   1.4835299000000000e+00
  8.7266463000000005e-01   1.4835299000000000e+00
  9.5993108999999999e-01   1.4835299000000000e+00
  1.0471976000000001e+00   1.4835299000000000e+00
  1.1344639999999999e+00   1.4835299000000000e+00
  1.2217305000000001e+00   1.4835299000000000e+00
  1.3089968999999999e+00   1.4835299000000000e+00
  1.3962634000000000e+00   1.4835299000000000e+00
  1.4835299000000000e+00   1.4835299000000000e+00
  1.5707963000000000e+00   1.4835299000000000e+00
  1.6580627999999999e+00   1.4835299000000000e+00
  1.7453293000000001e+00   1.4835299000000000e+00
  1.8325956999999999e+00   1.4835299000000000e+00
  1.9198622000000001e+00   1.4835299000000000e+00
  2.0071286000000002e+00   1.4835299000000000e+00
  2.0943950999999998e+00   1.4835299000000000e+00
  2.1816616000000000e+00   1.4835299000000000e+00
  2.2689279999999998e+00   1.4835299000000000e+00
  2.3561945000000000e+00   1.4835299000000000e+00
  2.4434610000000001e+00   1.4835299000000000e+00
  2.5307274000000000e+00   1.4835299000000000e+00
  2.6179939000000001e+00   1.4835299000000000e+00
  2.7052603000000000e+00   1.4835299000000000e+00
  2.7925268000000001e+00   1.4835299000000000e+00
  2.8797932999999998e+00   1.4835299000000000e+00
  2.9670597000000001e+00   1.4835299000000000e+00
  3.0543262000000002e+00   1.4835299000000000e+00
 -3.1415926071795863e+00   1.4835299000000000e+00
 -3.0543262071795860e+00   1.4835299000000000e+00
 -2.9670597071795863e+00   1.4835299000000000e+00
 -2.8797933071795860e+00   1.4835299000000000e+00
 -2.7925268071795863e+00   1.4835299000000000e+00
 -2.7052603071795862e+00   1.4835299000000000e+00
 -2.6179939071795864e+00   1.4835299000000000e+00
 -2.5307274071795862e+00   1.4835299000000000e+00
 -2.4434609071795861e+00   1.4835299000000000e+00
 -2.3561945071795862e+00   1.4835299000000000e+00
 -2.2689280071795865e+00   1.4835299000000000e+00
 -2.1816616071795858e+00   1.4835299000000000e+00
 -2.0943951071795865e+00   1.4835299000000000e+00
 -2.0071286071795864e+00   1.4835299000000000e+00
 -1.9198622071795866e+00   1.4835299000000000e+00
 -1.8325957071795864e+00   1.4835299000000000e+00
 -1.7453292071795863e+00   1.4835299000000000e+00
 -1.6580628071795864e+00   1.4835299000000000e+00
 -1.5707963071795863e+00   1.4835299000000000e+00
 -1.4835299071795864e+00   1.4835299000000000e+00
 -1.3962634071795863e+00   1.4835299000000000e+00
 -1.3089969071795862e+00   1.4835299000000000e+00
 -1.2217305071795863e+00   1.4835299000000000e+00
 -1.1344640071795862e+00   1.4835299000000000e+00
 -1.0471975071795860e+00   1.4835299000000000e+00
 -9.5993110717958618e-01   1.4835299000000000e+00
 -8.7266460717958605e-01   1.4835299000000000e+00
 -7.8539820717958619e-01   1.4835299000000000e+00
 -6.9813170717958606e-01   1.4835299000000000e+00
 -6.1086520717958592e-01   1.4835299000000000e+00
 -5.2359880717958607e-01   1.4835299000000000e+00
 -4.3633230717958593e-01   1.4835299000000000e+00
 -3.4906580717958580e-01   1.4835299000000000e+00
 -2.6179940717958594e-01   1.4835299000000000e+00
 -1.7453290717958581e-01   1.4835299000000000e+00
 -8.7266507179585950e-02   1.4835299000000000e+00
  4.3633231000000001e-02   1.5707963000000000e+00
  1.3089969000000001e-01   1.5707963000000000e+00
  2.1816616000000000e-01   1.5707963000000000e+00
  3.0543261999999999e-01   1.5707963000000000e+00
  3.9269907999999998e-01   1.5707963000000000e+00
  4.7996554000000002e-01   1.5707963000000000e+00
  5.6723201000000001e-01   1.5707963000000000e+00
  6.5449847000000005e-01   1.5707963000000000e+00
  7.4176492999999999e-01   1.5707963000000000e+00
  8.2903139000000003e-01   1.5707963000000000e+00
  9.1629786000000002e-01   1.5707963000000000e+00
  1.0035643000000001e+00   1.5707963000000000e+00
  1.0908308000000000e+00   1.5707963000000000e+00
  1.1780972000000001e+00   1.5707963000000000e+00
  1.2653637000000000e+00   1.5707963000000000e+00
  1.3526301999999999e+00   1.5707963000000000e+00
  1.4398966000000000e+00   1.5707963000000000e+00
  1.5271631000000001e+00   1.5707963000000000e+00
  1.6144296000000000e+00   1.5707963000000000e+00
  1.7016960000000001e+00   1.5707963000000000e+00
  1.7889625000000000e+00   1.5707963000000000e+00
  1.8762289000000001e+00   1.5707963000000000e+00
  1.9634954000000000e+00   1.5707963000000000e+00
  2.0507618999999999e+00   1.5707963000000000e+00
  2.1380283000000002e+00   1.5707963000000000e+00
  2.2252947999999999e+00   1.5707963000000000e+00
  2.3125613000000000e+00   1.5707963000000000e+00
  2.3998276999999999e+00   1.5707963000000000e+00
  2.4870942000000000e+00   1.5707963000000000e+00
  2.5743605999999999e+00   1.5707963000000000e+00
  2.6616271000000000e+00   1.5707963000000000e+00
  2.7488936000000002e+00   1.5707963000000000e+00
  2.8361600000000000e+00   1.5707963000000000e+00
  2.9234265000000001e+00   1.5707963000000000e+00
  3.0106929999999998e+00   1.5707963000000000e+00
  3.0979594000000001e+00   1.5707963000000000e+00
 -3.0979594071795864e+00   1.5707963000000000e+00
 -3.0106930071795861e+00   1.5707963000000000e+00
 -2.9234265071795864e+00   1.5707963000000000e+00
 -2.8361600071795863e+00   1.5707963000000000e+00
 -2.7488936071795864e+00   1.5707963000000000e+00
 -2.6616271071795863e+00   1.5707963000000000e+00
 -2.5743606071795861e+00   1.5707963000000000e+00
 -2.4870942071795863e+00   1.5707963000000000e+00
 -2.3998277071795862e+00   1.5707963000000000e+00
 -2.3125613071795863e+00   1.5707963000000000e+00
 -2.2252948071795862e+00   1.5707963000000000e+00
 -2.1380283071795860e+00   1.5707963000000000e+00
 -2.0507619071795862e+00   1.5707963000000000e+00
 -1.9634954071795860e+00   1.5707963000000000e+00
 -1.8762289071795859e+00   1.5707963000000000e+00
 -1.7889625071795860e+00   1.5707963000000000e+00
 -1.7016960071795859e+00   1.5707963000000000e+00
 -1.6144296071795861e+00   1.5707963000000000e+00
 -1.5271631071795859e+00   1.5707963000000000e+00
 -1.4398966071795867e+00   1.5707963000000000e+00
 -1.3526302071795859e+00   1.5707963000000000e+00
 -1.2653637071795858e+00   1.5707963000000000e+00
 -1.1780972071795865e+00   1.5707963000000000e+00
 -1.0908308071795858e+00   1.5707963000000000e+00
 -1.0035643071795866e+00   1.5707963000000000e+00
 -9.1629790717958581e-01   1.5707963000000000e+00
 -8.2903140717958657e-01   1.5707963000000000e+00
 -7.4176490717958643e-01   1.5707963000000000e+00
 -6.5449850717958657e-01   1.5707963000000000e+00
 -5.6723200717958644e-01   1.5707963000000000e+00
 -4.7996550717958630e-01   1.5707963000000000e+00
 -3.9269910717958645e-01   1.5707963000000000e+00
 -3.0543260717958631e-01   1.5707963000000000e+00
 -2.1816610717958618e-01   1.5707963000000000e+00
 -1.3089970717958632e-01   1.5707963000000000e+00
 -4.3633207179586186e-02   1.5707963000000000e+00
  0.0000000000000000e+00   1.6580627999999999e+00
  8.7266463000000002e-02   1.6580627999999999e+00
  1.7453293000000000e-01   1.6580627999999999e+00
  2.6179939000000002e-01   1.6580627999999999e+00
  3.4906585000000001e-01   1.6580627999999999e+00
  4.3633231000000000e-01   1.6580627999999999e+00
  5.2359878000000004e-01   1.6580627999999999e+00
  6.1086523999999998e-01   1.6580627999999999e+00
  6.9813170000000002e-01   1.6580627999999999e+00
  7.8539815999999996e-01   1.6580627999999999e+00
  8.7266463000000005e-01   1.6580627999999999e+00
  9.5993108999999999e-01   1.6580627999999999e+00
  1.0471976000000001e+00   1.6580627999999999e+00
  1.1344639999999999e+00   1.6580627999999999e+00
  1.2217305000000001e+00   1.6580627999999999e+00
  1.3089968999999999e+00   1.6580627999999999e+00
  1.3962634000000000e+00   1.6580627999999999e+00
  1.4835299000000000e+00   1.6580627999999999e+00
  1.5707963000000000e+00   1.6580627999999999e+00
  1.6580627999999999e+00   1.6580627999999999e+00
  1.7453293000000001e+00   1.6580627999999999e+00
  1.8325956999999999e+00   1.6580627999999999e+00
  1.9198622000000001e+00   1.6580627999999999e+00
  2.0071286000000002e+00   1.6580627999999999e+00
  2.0943950999999998e+00   1.6580627999999999e+00
  2.1816616000000000e+00   1.6580627999999999e+00
  2.2689279999999998e+00   1.6580627999999999e+00
  2.3561945000000000e+00   1.6580627999999999e+00
  2.4434610000000001e+00   1.6580627999999999e+00
  2.5307274000000000e+00   1.6580627999999999e+00
  2.6179939000000001e+00   1.6580627999999999e+00
  2.7052603000000000e+00   1.6580627999999999e+00
  2.7925268000000001e+00   1.6580627999999999e+00
  2.8797932999999998e+00   1.6580627999999999e+00
  2.9670597000000001e+00   1.6580627999999999e+00
  3.0543262000000002e+00   1.6580627999999999e+00
 -3.1415926071795863e+00   1.6580627999999999e+00
 -3.0543262071795860e+00   1.6580627999999999e+00
 -2.9670597071795863e+00   1.6580627999999999e+00
 -2.8797933071795860e+00   1.6580627999999999e+00
 -2.7925268071795863e+00   1.6580627999999999e+00
 -2.7052603071795862e+00   1.6580627999999999e+00
 -2.6179939071795864e+00   1.6580627999999999e+00
 -2.5307274071795862e+00   1.6580627999999999e+00
 -2.4434609071795861e+00   1.6580627999999999e+00
 -2.3561945071795862e+00   1.6580627999999999e+00
 -2.2689280071795865e+00   1.6580627999999999e+00
 -2.1816616071795858e+00   1.6580627999999999e+00
 -2.0943951071795865e+00   1.6580627999999999e+00
 -2.0071286071795864e+00   1.6580627999999999e+00
 -1.9198622071795866e+00   1.6580627999999999e+00
 -1.8325957071795864e+00   1.6580627999999999e+00
 -1.7453292071795863e+00   1.6580627999999999e+00
 -1.6580628071795864e+00   1.6580627999999999e+00
 -1.5707963071795863e+00   1.6580627999999999e+00
 -1.4835299071795864e+00   1.6580627999999999e+00
 -1.3962634071795863e+00   1.6580627999999999e+00
 -1.3089969071795862e+00   1.6580627999999999e+00
 -1.2217305071795863e+00   1.6580627999999999e+00
 -1.1344640071795862e+00   1.6580627999999999e+00
 -1.0471975071795860e+00   1.6580627999999999e+00
 -9.5993110717958618e-01   1.6580627999999999e+00
 -8.7266460717958605e-01   1.6580627999999999e+00
 -7.8539820717958619e-01   1.6580627999999999e+00
 -6.9813170717958606e-01   1.6580627999999999e+00
 -6.1086520717958592e-01   1.6580627999999999e+00
 -5.2359880717958607e-01   1.6580627999999999e+00
 -4.3633230717958593e-01   1.6580627999999999e+00
 -3.4906580717958580e-01   1.6580627999999999e+00
 -2.6179940717958594e-01   1.6580627999999999e+00
 -1.7453290717958581e-01   1.6580627999999999e+00
 -8.7266507179585950e-02   1.6580627999999999e+00
  4.4247783999999998e-02   1.7453293000000001e+00
  1.3274335000000001e-01   1.7453293000000001e+00
  2.2123892000000001e-01   1.7453293000000001e+00
  3.0973448999999997e-01   1.7453293000000001e+00
  3.9823005000000000e-01   1.7453293000000001e+00
  4.8672562000000003e-01   1.7453293000000001e+00
  5.7522119000000005e-01   1.7453293000000001e+00
  6.6371676000000002e-01   1.7453293000000001e+00
  7.5221232999999998e-01   1.7453293000000001e+00
  8.4070789000000001e-01   1.7453293000000001e+00
  9.2920345999999998e-01   1.7453293000000001e+00
  1.0176989999999999e+00   1.7453293000000001e+00
  1.1061946000000000e+00   1.7453293000000001e+00
  1.1946901999999999e+00   1.7453293000000001e+00
  1.2831857000000000e+00   1.7453293000000001e+00
  1.3716813000000001e+00   1.7453293000000001e+00
  1.4601769000000000e+00   1.7453293000000001e+00
  1.5486724000000001e+00   1.7453293000000001e+00
  1.6371680000000000e+00   1.7453293000000001e+00
  1.7256636000000001e+00   1.7453293000000001e+00
  1.8141590999999999e+00   1.7453293000000001e+00
  1.9026547000000000e+00   1.7453293000000001e+00
  1.9911502999999999e+00   1.7453293000000001e+00
  2.0796458000000002e+00   1.7453293000000001e+00
  2.1681414000000001e+00   1.7453293000000001e+00
  2.2566370000000000e+00   1.7453293000000001e+00
  2.3451325000000001e+00   1.7453293000000001e+00
  2.4336281000000000e+00   1.7453293000000001e+00
  2.5221236999999999e+00   1.7453293000000001e+00
  2.6106191999999999e+00   1.7453293000000001e+00
  2.6991147999999998e+00   1.7453293000000001e+00
  2.7876104000000002e+00   1.7453293000000001e+00
  2.8761060000000001e+00   1.7453293000000001e+00
  2.9646015000000001e+00   1.7453293000000001e+00
  3.0530971000000000e+00   1.7453293000000001e+00
 -3.1415926071795863e+00   1.7453293000000001e+00
 -3.0530971071795863e+00   1.7453293000000001e+00
 -2.9646015071795864e+00   1.7453293000000001e+00
 -2.8761059071795860e+00   1.7453293000000001e+00
 -2.7876104071795864e+00   1.7453293000000001e+00
 -2.6991148071795861e+00   1.7453293000000001e+00
 -2.6106192071795862e+00   1.7453293000000001e+00
 -2.5221237071795861e+00   1.7453293000000001e+00
 -2.4336281071795862e+00   1.7453293000000001e+00
 -2.3451325071795863e+00   1.7453293000000001e+00
 -2.2566370071795863e+00   1.7453293000000001e+00
 -2.1681414071795864e+00   1.7453293000000001e+00
 -2.0796458071795865e+00   1.7453293000000001e+00
 -1.9911503071795860e+00   1.7453293000000001e+00
 -1.9026547071795861e+00   1.7453293000000001e+00
 -1.8141591071795862e+00   1.7453293000000001e+00
 -1.7256636071795866e+00   1.7453293000000001e+00
 -1.6371680071795867e+00   1.7453293000000001e+00
 -1.5486724071795859e+00   1.7453293000000001e+00
 -1.4601769071795863e+00   1.7453293000000001e+00
 -1.3716813071795864e+00   1.7453293000000001e+00
 -1.2831857071795865e+00   1.7453293000000001e+00
 -1.1946902071795860e+00   1.7453293000000001e+00
 -1.1061946071795861e+00   1.7453293000000001e+00
 -1.0176990071795862e+00   1.7453293000000001e+00
 -9.2920350717958655e-01   1.7453293000000001e+00
 -8.4070790717958666e-01   1.7453293000000001e+00
 -7.5221230717958587e-01   1.7453293000000001e+00
 -6.6371680717958625e-01   1.7453293000000001e+00
 -5.7522120717958636e-01   1.7453293000000001e+00
 -4.8672560717958646e-01   1.7453293000000001e+00
 -3.9823000717958656e-01   1.7453293000000001e+00
 -3.0973450717958606e-01   1.7453293000000001e+00
 -2.2123890717958616e-01   1.7453293000000001e+00
 -1.3274330717958627e-01   1.7453293000000001e+00
 -4.4247807179586651e-02   1.7453293000000001e+00
  0.0000000000000000e+00   1.8325956999999999e+00
  8.9759790000000006e-02   1.8325956999999999e+00
  1.7951958000000001e-01   1.8325956999999999e+00
  2.6927937000000002e-01   1.8325956999999999e+00
  3.5903916000000002e-01   1.8325956999999999e+00
  4.4879894999999997e-01   1.8325956999999999e+00
  5.3855874000000004e-01   1.8325956999999999e+00
  6.2831853000000004e-01   1.8325956999999999e+00
  7.1807832000000005e-01   1.8325956999999999e+00
  8.0783811000000005e-01   1.8325956999999999e+00
  8.9759789999999995e-01   1.8325956999999999e+00
  9.8735768999999995e-01   1.8325956999999999e+00
  1.0771174999999999e+00   1.8325956999999999e+00
  1.1668772999999999e+00   1.8325956999999999e+00
  1.2566371000000001e+00   1.8325956999999999e+00
  1.3463969000000000e+00   1.8325956999999999e+00
  1.4361565999999999e+00   1.8325956999999999e+00
  1.5259164000000001e+00   1.8325956999999999e+00
  1.6156762000000000e+00   1.8325956999999999e+00
  1.7054360000000000e+00   1.8325956999999999e+00
  1.7951957999999999e+00   1.8325956999999999e+00
  1.8849556000000001e+00   1.8325956999999999e+00
  1.9747154000000000e+00   1.8325956999999999e+00
  2.0644752000000000e+00   1.8325956999999999e+00
  2.1542349999999999e+00   1.8325956999999999e+00
  2.2439947999999998e+00   1.8325956999999999e+00
  2.3337545000000000e+00   1.8325956999999999e+00
  2.4235142999999999e+00   1.8325956999999999e+00
  2.5132740999999998e+00   1.8325956999999999e+00
  2.6030338999999998e+00   1.8325956999999999e+00
  2.6927937000000002e+00   1.8325956999999999e+00
  2.7825535000000001e+00   1.8325956999999999e+00
  2.8723133000000001e+00   1.8325956999999999e+00
  2.9620731000000000e+00   1.8325956999999999e+00
  3.0518329000000000e+00   1.8325956999999999e+00
 -3.1415926071795863e+00   1.8325956999999999e+00
 -3.0518329071795862e+00   1.8325956999999999e+00
 -2.9620731071795863e+00   1.8325956999999999e+00
 -2.8723133071795863e+00   1.8325956999999999e+00
 -2.7825535071795864e+00   1.8325956999999999e+00
 -2.6927937071795864e+00   1.8325956999999999e+00
 -2.6030339071795860e+00   1.8325956999999999e+00
 -2.5132741071795861e+00   1.8325956999999999e+00
 -2.4235143071795862e+00   1.8325956999999999e+00
 -2.3337545071795862e+00   1.8325956999999999e+00
 -2.2439947071795858e+00   1.8325956999999999e+00
 -2.1542350071795866e+00   1.8325956999999999e+00
 -2.0644752071795862e+00   1.8325956999999999e+00
 -1.9747154071795858e+00   1.8325956999999999e+00
 -1.8849556071795863e+00   1.8325956999999999e+00
 -1.7951958071795859e+00   1.8325956999999999e+00
 -1.7054360071795864e+00   1.8325956999999999e+00
 -1.6156762071795860e+00   1.8325956999999999e+00
 -1.5259164071795865e+00   1.8325956999999999e+00
 -1.4361566071795862e+00   1.8325956999999999e+00
 -1.3463968071795867e+00   1.8325956999999999e+00
 -1.2566371071795865e+00   1.8325956999999999e+00
 -1.1668773071795862e+00   1.8325956999999999e+00
 -1.0771175071795867e+00   1.8325956999999999e+00
 -9.8735770717958626e-01   1.8325956999999999e+00
 -8.9759790717958587e-01   1.8325956999999999e+00
 -8.0783810717958637e-01   1.8325956999999999e+00
 -7.1807830717958598e-01   1.8325956999999999e+00
 -6.2831850717958648e-01   1.8325956999999999e+00
 -5.3855870717958609e-01   1.8325956999999999e+00
 -4.4879890717958659e-01   1.8325956999999999e+00
 -3.5903920717958648e-01   1.8325956999999999e+00
 -2.6927940717958609e-01   1.8325956999999999e+00
 -1.7951960717958659e-01   1.8325956999999999e+00
 -8.9759807179586204e-02   1.8325956999999999e+00
  4.6199891999999999e-02   1.9198622000000001e+00
  1.3859968000000000e-01   1.9198622000000001e+00
  2.3099945999999999e-01   1.9198622000000001e+00
  3.2339923999999998e-01   1.9198622000000001e+00
  4.1579903000000001e-01   1.9198622000000001e+00
  5.0819881000000000e-01   1.9198622000000001e+00
  6.0059859999999998e-01   1.9198622000000001e+00
  6.9299838000000002e-01   1.9198622000000001e+00
  7.8539815999999996e-01   1.9198622000000001e+00
  8.7779795000000005e-01   1.9198622000000001e+00
  9.7019772999999998e-01   1.9198622000000001e+00
  1.0625975000000001e+00   1.9198622000000001e+00
  1.1549973000000000e+00   1.9198622000000001e+00
  1.2473970999999999e+00   1.9198622000000001e+00
  1.3397969000000001e+00   1.9198622000000001e+00
  1.4321967000000000e+00   1.9198622000000001e+00
  1.5245964000000001e+00   1.9198622000000001e+00
  1.6169962000000000e+00   1.9198622000000001e+00
  1.7093959999999999e+00   1.9198622000000001e+00
  1.8017958000000001e+00   1.9198622000000001e+00
  1.8941956000000000e+00   1.9198622000000001e+00
  1.9865953999999999e+00   1.9198622000000001e+00
  2.0789951000000002e+00   1.9198622000000001e+00
  2.1713949000000001e+00   1.9198622000000001e+00
  2.2637947000000000e+00   1.9198622000000001e+00
  2.3561945000000000e+00   1.9198622000000001e+00
  2.4485942999999999e+00   1.9198622000000001e+00
  2.5409940999999998e+00   1.9198622000000001e+00
  2.6333937999999999e+00   1.9198622000000001e+00
  2.7257935999999998e+00   1.9198622000000001e+00
  2.8181934000000002e+00   1.9198622000000001e+00
  2.9105932000000001e+00   1.9198622000000001e+00
  3.0029930000000000e+00   1.9198622000000001e+00
  3.0953927999999999e+00   1.9198622000000001e+00
 -3.0953928071795862e+00   1.9198622000000001e+00
 -3.0029930071795863e+00   1.9198622000000001e+00
 -2.9105932071795864e+00   1.9198622000000001e+00
 -2.8181934071795864e+00   1.9198622000000001e+00
 -2.7257936071795861e+00   1.9198622000000001e+00
 -2.6333938071795862e+00   1.9198622000000001e+00
 -2.5409941071795861e+00   1.9198622000000001e+00
 -2.4485943071795861e+00   1.9198622000000001e+00
 -2.3561945071795862e+00   1.9198622000000001e+00
 -2.2637947071795859e+00   1.9198622000000001e+00
 -2.1713949071795859e+00   1.9198622000000001e+00
 -2.0789951071795860e+00   1.9198622000000001e+00
 -1.9865953071795861e+00   1.9198622000000001e+00
 -1.8941956071795865e+00   1.9198622000000001e+00
 -1.8017958071795865e+00   1.9198622000000001e+00
 -1.7093960071795866e+00   1.9198622000000001e+00
 -1.6169962071795858e+00   1.9198622000000001e+00
 -1.5245964071795859e+00   1.9198622000000001e+00
 -1.4321966071795860e+00   1.9198622000000001e+00
 -1.3397969071795863e+00   1.9198622000000001e+00
 -1.2473971071795864e+00   1.9198622000000001e+00
 -1.1549973071795865e+00   1.9198622000000001e+00
 -1.0625975071795866e+00   1.9198622000000001e+00
 -9.7019770717958664e-01   1.9198622000000001e+00
 -8.7779790717958583e-01   1.9198622000000001e+00
 -7.8539820717958619e-01   1.9198622000000001e+00
 -6.9299840717958627e-01   1.9198622000000001e+00
 -6.0059860717958635e-01   1.9198622000000001e+00
 -5.0819880717958643e-01   1.9198622000000001e+00
 -4.1579900717958651e-01   1.9198622000000001e+00
 -3.2339920717958659e-01   1.9198622000000001e+00
 -2.3099950717958606e-01   1.9198622000000001e+00
 -1.3859970717958614e-01   1.9198622000000001e+00
 -4.6199907179586219e-02   1.9198622000000001e+00
  0.0000000000000000e+00   2.0071286000000002e+00
  9.6664389000000003e-02   2.0071286000000002e+00
  1.9332878000000001e-01   2.0071286000000002e+00
  2.8999317000000002e-01   2.0071286000000002e+00
  3.8665756000000001e-01   2.0071286000000002e+00
  4.8332195000000000e-01   2.0071286000000002e+00
  5.7998634000000004e-01   2.0071286000000002e+00
  6.7665072999999998e-01   2.0071286000000002e+00
  7.7331510999999997e-01   2.0071286000000002e+00
  8.6997950000000002e-01   2.0071286000000002e+00
  9.6664388999999995e-01   2.0071286000000002e+00
  1.0633083000000001e+00   2.0071286000000002e+00
  1.1599727000000000e+00   2.0071286000000002e+00
  1.2566371000000001e+00   2.0071286000000002e+00
  1.3533014999999999e+00   2.0071286000000002e+00
  1.4499658000000000e+00   2.0071286000000002e+00
  1.5466302000000001e+00   2.0071286000000002e+00
  1.6432945999999999e+00   2.0071286000000002e+00
  1.7399590000000000e+00   2.0071286000000002e+00
  1.8366233999999999e+00   2.0071286000000002e+00
  1.9332878000000000e+00   2.0071286000000002e+00
  2.0299521999999999e+00   2.0071286000000002e+00
  2.1266166000000002e+00   2.0071286000000002e+00
  2.2232810000000001e+00   2.0071286000000002e+00
  2.3199453000000001e+00   2.0071286000000002e+00
  2.4166097000000000e+00   2.0071286000000002e+00
  2.5132740999999998e+00   2.0071286000000002e+00
  2.6099385000000002e+00   2.0071286000000002e+00
  2.7066029000000000e+00   2.0071286000000002e+00
  2.8032672999999999e+00   2.0071286000000002e+00
  2.8999316999999998e+00   2.0071286000000002e+00
  2.9965961000000001e+00   2.0071286000000002e+00
  3.0932605000000000e+00   2.0071286000000002e+00
 -3.0932605071795862e+00   2.0071286000000002e+00
 -2.9965961071795864e+00   2.0071286000000002e+00
 -2.8999317071795860e+00   2.0071286000000002e+00
 -2.8032673071795862e+00   2.0071286000000002e+00
 -2.7066029071795863e+00   2.0071286000000002e+00
 -2.6099385071795864e+00   2.0071286000000002e+00
 -2.5132741071795861e+00   2.0071286000000002e+00
 -2.4166097071795862e+00   2.0071286000000002e+00
 -2.3199453071795864e+00   2.0071286000000002e+00
 -2.2232809071795865e+00   2.0071286000000002e+00
 -2.1266166071795860e+00   2.0071286000000002e+00
 -2.0299522071795861e+00   2.0071286000000002e+00
 -1.9332878071795863e+00   2.0071286000000002e+00
 -1.8366234071795864e+00   2.0071286000000002e+00
 -1.7399590071795865e+00   2.0071286000000002e+00
 -1.6432946071795866e+00   2.0071286000000002e+00
 -1.5466302071795859e+00   2.0071286000000002e+00
 -1.4499658071795860e+00   2.0071286000000002e+00
 -1.3533014071795861e+00   2.0071286000000002e+00
 -1.2566371071795865e+00   2.0071286000000002e+00
 -1.1599727071795867e+00   2.0071286000000002e+00
 -1.0633083071795859e+00   2.0071286000000002e+00
 -9.6664390717958604e-01   2.0071286000000002e+00
 -8.6997950717958616e-01   2.0071286000000002e+00
 -7.7331510717958629e-01   2.0071286000000002e+00
 -6.7665070717958642e-01   2.0071286000000002e+00
 -5.7998630717958655e-01   2.0071286000000002e+00
 -4.8332190717958667e-01   2.0071286000000002e+00
 -3.8665760717958619e-01   2.0071286000000002e+00
 -2.8999320717958632e-01   2.0071286000000002e+00
 -1.9332880717958645e-01   2.0071286000000002e+00
 -9.6664407179586576e-02   2.0071286000000002e+00
  5.0670848999999997e-02   2.0943950999999998e+00
  1.5201255000000000e-01   2.0943950999999998e+00
  2.5335425000000000e-01   2.0943950999999998e+00
  3.5469593999999999e-01   2.0943950999999998e+00
  4.5603764000000002e-01   2.0943950999999998e+00
  5.5737934000000000e-01   2.0943950999999998e+00
  6.5872103999999998e-01   2.0943950999999998e+00
  7.6006273999999996e-01   2.0943950999999998e+00
  8.6140444000000005e-01   2.0943950999999998e+00
  9.6274614000000003e-01   2.0943950999999998e+00
  1.0640878000000000e+00   2.0943950999999998e+00
  1.1654294999999999e+00   2.0943950999999998e+00
  1.2667712000000000e+00   2.0943950999999998e+00
  1.3681129000000001e+00   2.0943950999999998e+00
  1.4694545999999999e+00   2.0943950999999998e+00
  1.5707963000000000e+00   2.0943950999999998e+00
  1.6721379999999999e+00   2.0943950999999998e+00
  1.7734797000000000e+00   2.0943950999999998e+00
  1.8748214000000001e+00   2.0943950999999998e+00
  1.9761631000000000e+00   2.0943950999999998e+00
  2.0775047999999998e+00   2.0943950999999998e+00
  2.1788465000000001e+00   2.0943950999999998e+00
  2.2801882000000000e+00   2.0943950999999998e+00
  2.3815298999999999e+00   2.0943950999999998e+00
  2.4828716000000002e+00   2.0943950999999998e+00
  2.5842133000000000e+00   2.0943950999999998e+00
  2.6855549999999999e+00   2.0943950999999998e+00
  2.7868966999999998e+00   2.0943950999999998e+00
  2.8882384000000001e+00   2.0943950999999998e+00
  2.9895801000000000e+00   2.0943950999999998e+00
  3.0909217999999998e+00   2.0943950999999998e+00
 -3.0909218071795861e+00   2.0943950999999998e+00
 -2.9895801071795862e+00   2.0943950999999998e+00
 -2.8882384071795864e+00   2.0943950999999998e+00
 -2.7868967071795860e+00   2.0943950999999998e+00
 -2.6855550071795862e+00   2.0943950999999998e+00
 -2.5842133071795863e+00   2.0943950999999998e+00
 -2.4828716071795864e+00   2.0943950999999998e+00
 -2.3815299071795861e+00   2.0943950999999998e+00
 -2.2801882071795863e+00   2.0943950999999998e+00
 -2.1788465071795864e+00   2.0943950999999998e+00
 -2.0775048071795865e+00   2.0943950999999998e+00
 -1.9761631071795867e+00   2.0943950999999998e+00
 -1.8748214071795859e+00   2.0943950999999998e+00
 -1.7734797071795860e+00   2.0943950999999998e+00
 -1.6721380071795862e+00   2.0943950999999998e+00
 -1.5707963071795863e+00   2.0943950999999998e+00
 -1.4694546071795864e+00   2.0943950999999998e+00
 -1.3681129071795866e+00   2.0943950999999998e+00
 -1.2667712071795858e+00   2.0943950999999998e+00
 -1.1654295071795859e+00   2.0943950999999998e+00
 -1.0640878071795861e+00   2.0943950999999998e+00
 -9.6274610717958620e-01   2.0943950999999998e+00
 -8.6140440717958633e-01   2.0943950999999998e+00
 -7.6006270717958646e-01   2.0943950999999998e+00
 -6.5872100717958659e-01   2.0943950999999998e+00
 -5.5737930717958584e-01   2.0943950999999998e+00
 -4.5603760717958597e-01   2.0943950999999998e+00
 -3.5469590717958610e-01   2.0943950999999998e+00
 -2.5335420717958623e-01   2.0943950999999998e+00
 -1.5201250717958636e-01   2.0943950999999998e+00
 -5.0670807179586497e-02   2.0943950999999998e+00
  0.0000000000000000e+00   2.1816616000000000e+00
  1.0649467000000000e-01   2.1816616000000000e+00
  2.1298933000000000e-01   2.1816616000000000e+00
  3.1948399999999999e-01   2.1816616000000000e+00
  4.2597866000000001e-01   2.1816616000000000e+00
  5.3247332999999997e-01   2.1816616000000000e+00
  6.3896799999999998e-01   2.1816616000000000e+00
  7.4546266000000005e-01   2.1816616000000000e+00
  8.5195732999999996e-01   2.1816616000000000e+00
  9.5845199999999997e-01   2.1816616000000000e+00
  1.0649466999999999e+00   2.1816616000000000e+00
  1.1714412999999999e+00   2.1816616000000000e+00
  1.2779360000000000e+00   2.1816616000000000e+00
  1.3844307000000000e+00   2.1816616000000000e+00
  1.4909253000000000e+00   2.1816616000000000e+00
  1.5974200000000001e+00   2.1816616000000000e+00
  1.7039146999999999e+00   2.1816616000000000e+00
  1.8104093000000001e+00   2.1816616000000000e+00
  1.9169039999999999e+00   2.1816616000000000e+00
  2.0233987000000000e+00   2.1816616000000000e+00
  2.1298933000000000e+00   2.1816616000000000e+00
  2.2363879999999998e+00   2.1816616000000000e+00
  2.3428827000000001e+00   2.1816616000000000e+00
  2.4493773000000001e+00   2.1816616000000000e+00
  2.5558719999999999e+00   2.1816616000000000e+00
  2.6623667000000002e+00   2.1816616000000000e+00
  2.7688613000000002e+00   2.1816616000000000e+00
  2.8753560000000000e+00   2.1816616000000000e+00
  2.9818506999999999e+00   2.1816616000000000e+00
  3.0883452999999998e+00   2.1816616000000000e+00
 -3.0883453071795861e+00   2.1816616000000000e+00
 -2.9818506071795863e+00   2.1816616000000000e+00
 -2.8753560071795863e+00   2.1816616000000000e+00
 -2.7688613071795865e+00   2.1816616000000000e+00
 -2.6623666071795862e+00   2.1816616000000000e+00
 -2.5558720071795862e+00   2.1816616000000000e+00
 -2.4493773071795863e+00   2.1816616000000000e+00
 -2.3428826071795861e+00   2.1816616000000000e+00
 -2.2363880071795865e+00   2.1816616000000000e+00
 -2.1298933071795858e+00   2.1816616000000000e+00
 -2.0233987071795863e+00   2.1816616000000000e+00
 -1.9169040071795864e+00   2.1816616000000000e+00
 -1.8104093071795866e+00   2.1816616000000000e+00
 -1.7039147071795862e+00   2.1816616000000000e+00
 -1.5974200071795863e+00   2.1816616000000000e+00
 -1.4909253071795865e+00   2.1816616000000000e+00
 -1.3844307071795861e+00   2.1816616000000000e+00
 -1.2779360071795862e+00   2.1816616000000000e+00
 -1.1714413071795864e+00   2.1816616000000000e+00
 -1.0649467071795859e+00   2.1816616000000000e+00
 -9.5845200717958612e-01   2.1816616000000000e+00
 -8.5195730717958629e-01   2.1816616000000000e+00
 -7.4546270717958585e-01   2.1816616000000000e+00
 -6.3896800717958602e-01   2.1816616000000000e+00
 -5.3247330717958619e-01   2.1816616000000000e+00
 -4.2597870717958664e-01   2.1816616000000000e+00
 -3.1948400717958592e-01   2.1816616000000000e+00
 -2.1298930717958608e-01   2.1816616000000000e+00
 -1.0649470717958653e-01   2.1816616000000000e+00
  5.7119865999999998e-02   2.2689279999999998e+00
  1.7135960000000000e-01   2.2689279999999998e+00
  2.8559932999999998e-01   2.2689279999999998e+00
  3.9983907000000002e-01   2.2689279999999998e+00
  5.1407879999999995e-01   2.2689279999999998e+00
  6.2831853000000004e-01   2.2689279999999998e+00
  7.4255826000000003e-01   2.2689279999999998e+00
  8.5679799999999995e-01   2.2689279999999998e+00
  9.7103773000000004e-01   2.2689279999999998e+00
  1.0852774999999999e+00   2.2689279999999998e+00
  1.1995172000000001e+00   2.2689279999999998e+00
  1.3137569000000000e+00   2.2689279999999998e+00
  1.4279967000000000e+00   2.2689279999999998e+00
  1.5422364000000000e+00   2.2689279999999998e+00
  1.6564760999999999e+00   2.2689279999999998e+00
  1.7707158999999999e+00   2.2689279999999998e+00
  1.8849556000000001e+00   2.2689279999999998e+00
  1.9991953000000000e+00   2.2689279999999998e+00
  2.1134350999999998e+00   2.2689279999999998e+00
  2.2276748000000000e+00   2.2689279999999998e+00
  2.3419145000000001e+00   2.2689279999999998e+00
  2.4561543000000001e+00   2.2689279999999998e+00
  2.5703939999999998e+00   2.2689279999999998e+00
  2.6846337000000000e+00   2.2689279999999998e+00
  2.7988735000000000e+00   2.2689279999999998e+00
  2.9131132000000002e+00   2.2689279999999998e+00
  3.0273528999999999e+00   2.2689279999999998e+00
 -3.1415926071795863e+00   2.2689279999999998e+00
 -3.0273529071795862e+00   2.2689279999999998e+00
 -2.9131132071795864e+00   2.2689279999999998e+00
 -2.7988734071795864e+00   2.2689279999999998e+00
 -2.6846337071795863e+00   2.2689279999999998e+00
 -2.5703940071795861e+00   2.2689279999999998e+00
 -2.4561542071795861e+00   2.2689279999999998e+00
 -2.3419145071795864e+00   2.2689279999999998e+00
 -2.2276748071795867e+00   2.2689279999999998e+00
 -2.1134351071795860e+00   2.2689279999999998e+00
 -1.9991953071795860e+00   2.2689279999999998e+00
 -1.8849556071795863e+00   2.2689279999999998e+00
 -1.7707159071795866e+00   2.2689279999999998e+00
 -1.6564761071795866e+00   2.2689279999999998e+00
 -1.5422364071795860e+00   2.2689279999999998e+00
 -1.4279967071795863e+00   2.2689279999999998e+00
 -1.3137569071795863e+00   2.2689279999999998e+00
 -1.1995172071795865e+00   2.2689279999999998e+00
 -1.0852775071795859e+00   2.2689279999999998e+00
 -9.7103770717958593e-01   2.2689279999999998e+00
 -8.5679800717958621e-01   2.2689279999999998e+00
 -7.4255830717958649e-01   2.2689279999999998e+00
 -6.2831850717958648e-01   2.2689279999999998e+00
 -5.1407880717958587e-01   2.2689279999999998e+00
 -3.9983910717958615e-01   2.2689279999999998e+00
 -2.8559930717958615e-01   2.2689279999999998e+00
 -1.7135960717958643e-01   2.2689279999999998e+00
 -5.7119907179585816e-02   2.2689279999999998e+00
  0.0000000000000000e+00   2.3561945000000000e+00
  1.2319971000000000e-01   2.3561945000000000e+00
  2.4639942000000001e-01   2.3561945000000000e+00
  3.6959913999999999e-01   2.3561945000000000e+00
  4.9279885000000001e-01   2.3561945000000000e+00
  6.1599855999999997e-01   2.3561945000000000e+00
  7.3919827000000005e-01   2.3561945000000000e+00
  8.6239798000000001e-01   2.3561945000000000e+00
  9.8559770000000002e-01   2.3561945000000000e+00
  1.1087974000000000e+00   2.3561945000000000e+00
  1.2319971000000001e+00   2.3561945000000000e+00
  1.3551968000000001e+00   2.3561945000000000e+00
  1.4783964999999999e+00   2.3561945000000000e+00
  1.6015963000000000e+00   2.3561945000000000e+00
  1.7247960000000000e+00   2.3561945000000000e+00
  1.8479957000000000e+00   2.3561945000000000e+00
  1.9711954000000000e+00   2.3561945000000000e+00
  2.0943950999999998e+00   2.3561945000000000e+00
  2.2175948000000001e+00   2.3561945000000000e+00
  2.3407944999999999e+00   2.3561945000000000e+00
  2.4639942000000001e+00   2.3561945000000000e+00
  2.5871940000000002e+00   2.3561945000000000e+00
  2.7103937000000000e+00   2.3561945000000000e+00
  2.8335933999999998e+00   2.3561945000000000e+00
  2.9567931000000001e+00   2.3561945000000000e+00
  3.0799927999999999e+00   2.3561945000000000e+00
 -3.0799928071795861e+00   2.3561945000000000e+00
 -2.9567931071795863e+00   2.3561945000000000e+00
 -2.8335934071795861e+00   2.3561945000000000e+00
 -2.7103937071795863e+00   2.3561945000000000e+00
 -2.5871939071795862e+00   2.3561945000000000e+00
 -2.4639942071795864e+00   2.3561945000000000e+00
 -2.3407945071795861e+00   2.3561945000000000e+00
 -2.2175948071795863e+00   2.3561945000000000e+00
 -2.0943951071795865e+00   2.3561945000000000e+00
 -1.9711954071795859e+00   2.3561945000000000e+00
 -1.8479957071795861e+00   2.3561945000000000e+00
 -1.7247960071795863e+00   2.3561945000000000e+00
 -1.6015962071795862e+00   2.3561945000000000e+00
 -1.4783965071795864e+00   2.3561945000000000e+00
 -1.3551968071795866e+00   2.3561945000000000e+00
 -1.2319971071795859e+00   2.3561945000000000e+00
 -1.1087974071795861e+00   2.3561945000000000e+00
 -9.8559770717958628e-01   2.3561945000000000e+00
 -8.6239800717958648e-01   2.3561945000000000e+00
 -7.3919830717958579e-01   2.3561945000000000e+00
 -6.1599860717958599e-01   2.3561945000000000e+00
 -4.9279880717958591e-01   2.3561945000000000e+00
 -3.6959910717958611e-01   2.3561945000000000e+00
 -2.4639940717958631e-01   2.3561945000000000e+00
 -1.2319970717958650e-01   2.3561945000000000e+00
  6.8295491999999999e-02   2.4434610000000001e+00
  2.0488648000000001e-01   2.4434610000000001e+00
  3.4147746000000001e-01   2.4434610000000001e+00
  4.7806844999999998e-01   2.4434610000000001e+00
  6.1465943000000001e-01   2.4434610000000001e+00
  7.5125041999999997e-01   2.4434610000000001e+00
  8.8784140000000000e-01   2.4434610000000001e+00
  1.0244324000000000e+00   2.4434610000000001e+00
  1.1610233999999999e+00   2.4434610000000001e+00
  1.2976144000000001e+00   2.4434610000000001e+00
  1.4342052999999999e+00   2.4434610000000001e+00
  1.5707963000000000e+00   2.4434610000000001e+00
  1.7073872999999999e+00   2.4434610000000001e+00
  1.8439783000000001e+00   2.4434610000000001e+00
  1.9805693000000000e+00   2.4434610000000001e+00
  2.1171603000000001e+00   2.4434610000000001e+00
  2.2537512999999998e+00   2.4434610000000001e+00
  2.3903422000000001e+00   2.4434610000000001e+00
  2.5269332000000002e+00   2.4434610000000001e+00
  2.6635241999999999e+00   2.4434610000000001e+00
  2.8001152000000000e+00   2.4434610000000001e+00
  2.9367062000000002e+00   2.4434610000000001e+00
  3.0732971999999998e+00   2.4434610000000001e+00
 -3.0732972071795861e+00   2.4434610000000001e+00
 -2.9367062071795864e+00   2.4434610000000001e+00
 -2.8001152071795863e+00   2.4434610000000001e+00
 -2.6635242071795862e+00   2.4434610000000001e+00
 -2.5269332071795860e+00   2.4434610000000001e+00
 -2.3903422071795863e+00   2.4434610000000001e+00
 -2.2537512071795867e+00   2.4434610000000001e+00
 -2.1171603071795859e+00   2.4434610000000001e+00
 -1.9805693071795858e+00   2.4434610000000001e+00
 -1.8439783071795866e+00   2.4434610000000001e+00
 -1.7073873071795864e+00   2.4434610000000001e+00
 -1.5707963071795863e+00   2.4434610000000001e+00
 -1.4342053071795862e+00   2.4434610000000001e+00
 -1.2976143071795860e+00   2.4434610000000001e+00
 -1.1610234071795862e+00   2.4434610000000001e+00
 -1.0244324071795861e+00   2.4434610000000001e+00
 -8.8784140717958593e-01   2.4434610000000001e+00
 -7.5125040717958580e-01   2.4434610000000001e+00
 -6.1465940717958656e-01   2.4434610000000001e+00
 -4.7806840717958643e-01   2.4434610000000001e+00
 -3.4147750717958658e-01   2.4434610000000001e+00
 -2.0488650717958645e-01   2.4434610000000001e+00
 -6.8295507179586323e-02   2.4434610000000001e+00
  0.0000000000000000e+00   2.5307274000000000e+00
  1.5324842000000000e-01   2.5307274000000000e+00
  3.0649683999999999e-01   2.5307274000000000e+00
  4.5974526999999998e-01   2.5307274000000000e+00
  6.1299369000000004e-01   2.5307274000000000e+00
  7.6624210999999998e-01   2.5307274000000000e+00
  9.1949053000000003e-01   2.5307274000000000e+00
  1.0727390000000001e+00   2.5307274000000000e+00
  1.2259873999999999e+00   2.5307274000000000e+00
  1.3792358000000000e+00   2.5307274000000000e+00
  1.5324842000000001e+00   2.5307274000000000e+00
  1.6857325999999999e+00   2.5307274000000000e+00
  1.8389811000000000e+00   2.5307274000000000e+00
  1.9922295000000001e+00   2.5307274000000000e+00
  2.1454778999999999e+00   2.5307274000000000e+00
  2.2987262999999998e+00   2.5307274000000000e+00
  2.4519747999999999e+00   2.5307274000000000e+00
  2.6052232000000002e+00   2.5307274000000000e+00
  2.7584716000000000e+00   2.5307274000000000e+00
  2.9117199999999999e+00   2.5307274000000000e+00
  3.0649684000000001e+00   2.5307274000000000e+00
 -3.0649684071795864e+00   2.5307274000000000e+00
 -2.9117200071795861e+00   2.5307274000000000e+00
 -2.7584716071795863e+00   2.5307274000000000e+00
 -2.6052232071795864e+00   2.5307274000000000e+00
 -2.4519747071795863e+00   2.5307274000000000e+00
 -2.2987263071795860e+00   2.5307274000000000e+00
 -2.1454779071795862e+00   2.5307274000000000e+00
 -1.9922295071795864e+00   2.5307274000000000e+00
 -1.8389811071795865e+00   2.5307274000000000e+00
 -1.6857326071795864e+00   2.5307274000000000e+00
 -1.5324842071795866e+00   2.5307274000000000e+00
 -1.3792358071795858e+00   2.5307274000000000e+00
 -1.2259874071795860e+00   2.5307274000000000e+00
 -1.0727389071795859e+00   2.5307274000000000e+00
 -9.1949050717958603e-01   2.5307274000000000e+00
 -7.6624210717958618e-01   2.5307274000000000e+00
 -6.1299370717958634e-01   2.5307274000000000e+00
 -4.5974530717958650e-01   2.5307274000000000e+00
 -3.0649680717958638e-01   2.5307274000000000e+00
 -1.5324840717958654e-01   2.5307274000000000e+00
  8.7266463000000002e-02   2.6179939000000001e+00
  2.6179939000000002e-01   2.6179939000000001e+00
  4.3633231000000000e-01   2.6179939000000001e+00
  6.1086523999999998e-01   2.6179939000000001e+00
  7.8539815999999996e-01   2.6179939000000001e+00
  9.5993108999999999e-01   2.6179939000000001e+00
  1.1344639999999999e+00   2.6179939000000001e+00
  1.3089968999999999e+00   2.6179939000000001e+00
  1.4835299000000000e+00   2.6179939000000001e+00
  1.6580627999999999e+00   2.6179939000000001e+00
  1.8325956999999999e+00   2.6179939000000001e+00
  2.0071286000000002e+00   2.6179939000000001e+00
  2.1816616000000000e+00   2.6179939000000001e+00
  2.3561945000000000e+00   2.6179939000000001e+00
  2.5307274000000000e+00   2.6179939000000001e+00
  2.7052603000000000e+00   2.6179939000000001e+00
  2.8797932999999998e+00   2.6179939000000001e+00
  3.0543262000000002e+00   2.6179939000000001e+00
 -3.0543262071795860e+00   2.6179939000000001e+00
 -2.8797933071795860e+00   2.6179939000000001e+00
 -2.7052603071795862e+00   2.6179939000000001e+00
 -2.5307274071795862e+00   2.6179939000000001e+00
 -2.3561945071795862e+00   2.6179939000000001e+00
 -2.1816616071795858e+00   2.6179939000000001e+00
 -2.0071286071795864e+00   2.6179939000000001e+00
 -1.8325957071795864e+00   2.6179939000000001e+00
 -1.6580628071795864e+00   2.6179939000000001e+00
 -1.4835299071795864e+00   2.6179939000000001e+00
 -1.3089969071795862e+00   2.6179939000000001e+00
 -1.1344640071795862e+00   2.6179939000000001e+00
 -9.5993110717958618e-01   2.6179939000000001e+00
 -7.8539820717958619e-01   2.6179939000000001e+00
 -6.1086520717958592e-01   2.6179939000000001e+00
 -4.3633230717958593e-01   2.6179939000000001e+00
 -2.6179940717958594e-01   2.6179939000000001e+00
 -8.7266507179585950e-02   2.6179939000000001e+00
  0.0000000000000000e+00   2.7052603000000000e+00
  2.0943951000000000e-01   2.7052603000000000e+00
  4.1887901999999999e-01   2.7052603000000000e+00
  6.2831853000000004e-01   2.7052603000000000e+00
  8.3775803999999998e-01   2.7052603000000000e+00
  1.0471976000000001e+00   2.7052603000000000e+00
  1.2566371000000001e+00   2.7052603000000000e+00
  1.4660766000000001e+00   2.7052603000000000e+00
  1.6755161000000001e+00   2.7052603000000000e+00
  1.8849556000000001e+00   2.7052603000000000e+00
  2.0943950999999998e+00   2.7052603000000000e+00
  2.3038346000000001e+00   2.7052603000000000e+00
  2.5132740999999998e+00   2.7052603000000000e+00
  2.7227136000000001e+00   2.7052603000000000e+00
  2.9321530999999998e+00   2.7052603000000000e+00
 -3.1415926071795863e+00   2.7052603000000000e+00
 -2.9321531071795861e+00   2.7052603000000000e+00
 -2.7227136071795863e+00   2.7052603000000000e+00
 -2.5132741071795861e+00   2.7052603000000000e+00
 -2.3038346071795863e+00   2.7052603000000000e+00
 -2.0943951071795865e+00   2.7052603000000000e+00
 -1.8849556071795863e+00   2.7052603000000000e+00
 -1.6755161071795861e+00   2.7052603000000000e+00
 -1.4660766071795859e+00   2.7052603000000000e+00
 -1.2566371071795865e+00   2.7052603000000000e+00
 -1.0471975071795860e+00   2.7052603000000000e+00
 -8.3775800717958582e-01   2.7052603000000000e+00
 -6.2831850717958648e-01   2.7052603000000000e+00
 -4.1887900717958626e-01   2.7052603000000000e+00
 -2.0943950717958604e-01   2.7052603000000000e+00
  1.2566371000000001e-01   2.7925268000000001e+00
  3.7699112000000001e-01   2.7925268000000001e+00
  6.2831853000000004e-01   2.7925268000000001e+00
  8.7964593999999996e-01   2.7925268000000001e+00
  1.1309734000000000e+00   2.7925268000000001e+00
  1.3823008000000001e+00   2.7925268000000001e+00
  1.6336282000000000e+00   2.7925268000000001e+00
  1.8849556000000001e+00   2.7925268000000001e+00
  2.1362830000000002e+00   2.7925268000000001e+00
  2.3876103999999998e+00   2.7925268000000001e+00
  2.6389377999999999e+00   2.7925268000000001e+00
  2.8902652000000000e+00   2.7925268000000001e+00
 -3.1415926071795863e+00   2.7925268000000001e+00
 -2.8902652071795862e+00   2.7925268000000001e+00
 -2.6389378071795861e+00   2.7925268000000001e+00
 -2.3876104071795861e+00   2.7925268000000001e+00
 -2.1362830071795864e+00   2.7925268000000001e+00
 -1.8849556071795863e+00   2.7925268000000001e+00
 -1.6336282071795862e+00   2.7925268000000001e+00
 -1.3823008071795861e+00   2.7925268000000001e+00
 -1.1309733071795867e+00   2.7925268000000001e+00
 -8.7964590717958657e-01   2.7925268000000001e+00
 -6.2831850717958648e-01   2.7925268000000001e+00
 -3.7699110717958639e-01   2.7925268000000001e+00
 -1.2566370717958630e-01   2.7925268000000001e+00
  0.0000000000000000e+00   2.8797932999999998e+00
  3.3069396000000001e-01   2.8797932999999998e+00
  6.6138792999999996e-01   2.8797932999999998e+00
  9.9208189000000002e-01   2.8797932999999998e+00
  1.3227758999999999e+00   2.8797932999999998e+00
  1.6534698000000001e+00   2.8797932999999998e+00
  1.9841637999999999e+00   2.8797932999999998e+00
  2.3148577000000001e+00   2.8797932999999998e+00
  2.6455517000000000e+00   2.8797932999999998e+00
  2.9762457000000002e+00   2.8797932999999998e+00
 -2.9762457071795860e+00   2.8797932999999998e+00
 -2.6455517071795862e+00   2.8797932999999998e+00
 -2.3148577071795864e+00   2.8797932999999998e+00
 -1.9841638071795860e+00   2.8797932999999998e+00
 -1.6534698071795866e+00   2.8797932999999998e+00
 -1.3227758071795863e+00   2.8797932999999998e+00
 -9.9208190717958633e-01   2.8797932999999998e+00
 -6.6138790717958607e-01   2.8797932999999998e+00
 -3.3069400717958608e-01   2.8797932999999998e+00
  2.4166097000000000e-01   2.9670597000000001e+00
  7.2498291999999998e-01   2.9670597000000001e+00
  1.2083048999999999e+00   2.9670597000000001e+00
  1.6916268000000001e+00   2.9670597000000001e+00
  2.1749488000000001e+00   2.9670597000000001e+00
  2.6582707000000001e+00   2.9670597000000001e+00
 -3.1415926071795863e+00   2.9670597000000001e+00
 -2.6582707071795864e+00   2.9670597000000001e+00
 -2.1749488071795859e+00   2.9670597000000001e+00
 -1.6916268071795866e+00   2.9670597000000001e+00
 -1.2083049071795866e+00   2.9670597000000001e+00
 -7.2498290717958636e-01   2.9670597000000001e+00
 -2.4166100717958638e-01   2.9670597000000001e+00
  0.0000000000000000e+00   3.0543262000000002e+00
  1.0471976000000001e+00   3.0543262000000002e+00
  2.0943950999999998e+00   3.0543262000000002e+00
 -3.1415926071795863e+00   3.0543262000000002e+00
 -2.0943951071795865e+00   3.0543262000000002e+00
 -1.0471975071795860e+00   3.0543262000000002e+00
 -3.1415926071795863e+00   3.1415926535897931e+00
