Nodes
# Approximate equidistribution on the sphere.
# From file r510.txt.

510
 -3.1415926071795863e+00   0.0000000000000000e+00
  0.0000000000000000e+00   1.5707963000000000e-01
  1.0471976000000001e+00   1.5707963000000000e-01
  2.0943950999999998e+00   1.5707963000000000e-01
 -3.1415926071795863e+00   1.5707963000000000e-01
 -2.0943951071795865e+00   1.5707963000000000e-01
 -1.0471975071795860e+00   1.5707963000000000e-01
  2.6179939000000002e-01   3.1415926999999999e-01
  7.8539815999999996e-01   3.1415926999999999e-01
  1.3089968999999999e+00   3.1415926999999999e-01
  1.8325956999999999e+00   3.1415926999999999e-01
  2.3561945000000000e+00   3.1415926999999999e-01
  2.8797932999999998e+00   3.1415926999999999e-01
 -2.8797933071795860e+00   3.1415926999999999e-01
 -2.3561945071795862e+00   3.1415926999999999e-01
 -1.8325957071795864e+00   3.1415926999999999e-01
 -1.3089969071795862e+00   3.1415926999999999e-01
 -7.8539820717958619e-01   3.1415926999999999e-01
 -2.6179940717958594e-01   3.1415926999999999e-01
  0.0000000000000000e+00   4.7123890000000002e-01
  3.4906585000000001e-01   4.7123890000000002e-01
  6.9813170000000002e-01   4.7123890000000002e-01
  1.0471976000000001e+00   4.7123890000000002e-01
  1.3962634000000000e+00   4.7123890000000002e-01
  1.7453293000000001e+00   4.7123890000000002e-01
  2.0943950999999998e+00   4.7123890000000002e-01
  2.4434610000000001e+00   4.7123890000000002e-01
  2.7925268000000001e+00   4.7123890000000002e-01
 -3.1415926071795863e+00   4.7123890000000002e-01
 -2.7925268071795863e+00   4.7123890000000002e-01
 -2.4434609071795861e+00   4.7123890000000002e-01
 -2.0943951071795865e+00   4.7123890000000002e-01
 -1.7453292071795863e+00   4.7123890000000002e-01
 -1.3962634071795863e+00   4.7123890000000002e-01
 -1.0471975071795860e+00   4.7123890000000002e-01
 -6.9813170717958606e-01   4.7123890000000002e-01
 -3.4906580717958580e-01   4.7123890000000002e-01
  1.3089969000000001e-01   6.2831853000000004e-01
  3.9269907999999998e-01   6.2831853000000004e-01
  6.5449847000000005e-01   6.2831853000000004e-01
  9.1629786000000002e-01   6.2831853000000004e-01
  1.1780972000000001e+00   6.2831853000000004e-01
  1.4398966000000000e+00   6.2831853000000004e-01
  1.7016960000000001e+00   6.2831853000000004e-01
  1.9634954000000000e+00   6.2831853000000004e-01
  2.2252947999999999e+00   6.2831853000000004e-01
  2.4870942000000000e+00   6.2831853000000004e-01
  2.7488936000000002e+00   6.2831853000000004e-01
  3.0106929999999998e+00   6.2831853000000004e-01
 -3.0106930071795861e+00   6.2831853000000004e-01
 -2.7488936071795864e+00   6.2831853000000004e-01
 -2.4870942071795863e+00   6.2831853000000004e-01
 -2.2252948071795862e+00   6.2831853000000004e-01
 -1.9634954071795860e+00   6.2831853000000004e-01
 -1.7016960071795859e+00   6.2831853000000004e-01
 -1.4398966071795867e+00   6.2831853000000004e-01
 -1.1780972071795865e+00   6.2831853000000004e-01
 -9.1629790717958581e-01   6.2831853000000004e-01
 -6.5449850717958657e-01   6.2831853000000004e-01
 -3.9269910717958645e-01   6.2831853000000004e-01
 -1.3089970717958632e-01   6.2831853000000004e-01
  0.0000000000000000e+00   7.8539815999999996e-01
  2.2439948000000001e-01   7.8539815999999996e-01
  4.4879894999999997e-01   7.8539815999999996e-01
  6.7319843000000001e-01   7.8539815999999996e-01
  8.9759789999999995e-01   7.8539815999999996e-01
  1.1219973999999999e+00   7.8539815999999996e-01
  1.3463969000000000e+00   7.8539815999999996e-01
  1.5707963000000000e+00   7.8539815999999996e-01
  1.7951957999999999e+00   7.8539815999999996e-01
  2.0195953000000002e+00   7.8539815999999996e-01
  2.2439947999999998e+00   7.8539815999999996e-01
  2.4683942000000001e+00   7.8539815999999996e-01
  2.6927937000000002e+00   7.8539815999999996e-01
  2.9171931999999998e+00   7.8539815999999996e-01
 -3.1415926071795863e+00   7.8539815999999996e-01
 -2.9171932071795861e+00   7.8539815999999996e-01
 -2.6927937071795864e+00   7.8539815999999996e-01
 -2.4683942071795864e+00   7.8539815999999996e-01
 -2.2439947071795858e+00   7.8539815999999996e-01
 -2.0195953071795865e+00   7.8539815999999996e-01
 -1.7951958071795859e+00   7.8539815999999996e-01
 -1.5707963071795863e+00   7.8539815999999996e-01
 -1.3463968071795867e+00   7.8539815999999996e-01
 -1.1219974071795864e+00   7.8539815999999996e-01
 -8.9759790717958587e-01   7.8539815999999996e-01
 -6.7319840717958623e-01   7.8539815999999996e-01
 -4.4879890717958659e-01   7.8539815999999996e-01
 -2.2439950717958634e-01   7.8539815999999996e-01
  9.8174769999999995e-02   9.4247780000000003e-01
  2.9452431000000001e-01   9.4247780000000003e-01
  4.9087385000000000e-01   9.4247780000000003e-01
  6.8722338999999999e-01   9.4247780000000003e-01
  8.8357293000000003e-01   9.4247780000000003e-01
  1.0799224999999999e+00   9.4247780000000003e-01
  1.2762720000000001e+00   9.4247780000000003e-01
  1.4726216000000001e+00   9.4247780000000003e-01
  1.6689711000000000e+00   9.4247780000000003e-01
  1.8653206000000000e+00   9.4247780000000003e-01
  2.0616702000000000e+00   9.4247780000000003e-01
  2.2580197000000002e+00   9.4247780000000003e-01
  2.4543693000000002e+00   9.4247780000000003e-01
  2.6507187999999999e+00   9.4247780000000003e-01
  2.8470683000000001e+00   9.4247780000000003e-01
  3.0434179000000001e+00   9.4247780000000003e-01
 -3.0434179071795864e+00   9.4247780000000003e-01
 -2.8470683071795864e+00   9.4247780000000003e-01
 -2.6507188071795862e+00   9.4247780000000003e-01
 -2.4543693071795860e+00   9.4247780000000003e-01
 -2.2580197071795860e+00   9.4247780000000003e-01
 -2.0616702071795858e+00   9.4247780000000003e-01
 -1.8653206071795863e+00   9.4247780000000003e-01
 -1.6689711071795861e+00   9.4247780000000003e-01
 -1.4726215071795865e+00   9.4247780000000003e-01
 -1.2762720071795863e+00   9.4247780000000003e-01
 -1.0799225071795862e+00   9.4247780000000003e-01
 -8.8357290717958659e-01   9.4247780000000003e-01
 -6.8722340717958641e-01   9.4247780000000003e-01
 -4.9087380717958595e-01   9.4247780000000003e-01
 -2.9452430717958666e-01   9.4247780000000003e-01
 -9.8174807179586487e-02   9.4247780000000003e-01
  0.0000000000000000e+00   1.0995573999999999e+00
  1.7453293000000000e-01   1.0995573999999999e+00
  3.4906585000000001e-01   1.0995573999999999e+00
  5.2359878000000004e-01   1.0995573999999999e+00
  6.9813170000000002e-01   1.0995573999999999e+00
  8.7266463000000005e-01   1.0995573999999999e+00
  1.0471976000000001e+00   1.0995573999999999e+00
  1.2217305000000001e+00   1.0995573999999999e+00
  1.3962634000000000e+00   1.0995573999999999e+00
  1.5707963000000000e+00   1.0995573999999999e+00
  1.7453293000000001e+00   1.0995573999999999e+00
  1.9198622000000001e+00   1.0995573999999999e+00
  2.0943950999999998e+00   1.0995573999999999e+00
  2.2689279999999998e+00   1.0995573999999999e+00
  2.4434610000000001e+00   1.0995573999999999e+00
  2.6179939000000001e+00   1.0995573999999999e+00
  2.7925268000000001e+00   1.0995573999999999e+00
  2.9670597000000001e+00   1.0995573999999999e+00
 -3.1415926071795863e+00   1.0995573999999999e+00
 -2.9670597071795863e+00   1.0995573999999999e+00
 -2.7925268071795863e+00   1.0995573999999999e+00
 -2.6179939071795864e+00   1.0995573999999999e+00
 -2.4434609071795861e+00   1.0995573999999999e+00
 -2.2689280071795865e+00   1.0995573999999999e+00
 -2.0943951071795865e+00   1.0995573999999999e+00
 -1.9198622071795866e+00   1.0995573999999999e+00
 -1.7453292071795863e+00   1.0995573999999999e+00
 -1.5707963071795863e+00   1.0995573999999999e+00
 -1.3962634071795863e+00   1.0995573999999999e+00
 -1.2217305071795863e+00   1.0995573999999999e+00
 -1.0471975071795860e+00   1.0995573999999999e+00
 -8.7266460717958605e-01   1.0995573999999999e+00
 -6.9813170717958606e-01   1.0995573999999999e+00
 -5.2359880717958607e-01   1.0995573999999999e+00
 -3.4906580717958580e-01   1.0995573999999999e+00
 -1.7453290717958581e-01   1.0995573999999999e+00
  8.2673491000000002e-02   1.2566371000000001e+00
  2.4802046999999999e-01   1.2566371000000001e+00
  4.1336745000000003e-01   1.2566371000000001e+00
  5.7871444000000005e-01   1.2566371000000001e+00
  7.4406141999999997e-01   1.2566371000000001e+00
  9.0940840000000001e-01   1.2566371000000001e+00
  1.0747553999999999e+00   1.2566371000000001e+00
  1.2401024000000000e+00   1.2566371000000001e+00
  1.4054492999999999e+00   1.2566371000000001e+00
  1.5707963000000000e+00   1.2566371000000001e+00
  1.7361432999999999e+00   1.2566371000000001e+00
  1.9014903000000001e+00   1.2566371000000001e+00
  2.0668373000000000e+00   1.2566371000000001e+00
  2.2321843000000001e+00   1.2566371000000001e+00
  2.3975312000000000e+00   1.2566371000000001e+00
  2.5628782000000001e+00   1.2566371000000001e+00
  2.7282251999999998e+00   1.2566371000000001e+00
  2.8935721999999999e+00   1.2566371000000001e+00
  3.0589192000000001e+00   1.2566371000000001e+00
 -3.0589192071795863e+00   1.2566371000000001e+00
 -2.8935722071795862e+00   1.2566371000000001e+00
 -2.7282252071795861e+00   1.2566371000000001e+00
 -2.5628782071795864e+00   1.2566371000000001e+00
 -2.3975312071795862e+00   1.2566371000000001e+00
 -2.2321842071795865e+00   1.2566371000000001e+00
 -2.0668373071795862e+00   1.2566371000000001e+00
 -1.9014903071795866e+00   1.2566371000000001e+00
 -1.7361433071795860e+00   1.2566371000000001e+00
 -1.5707963071795863e+00   1.2566371000000001e+00
 -1.4054493071795866e+00   1.2566371000000001e+00
 -1.2401024071795863e+00   1.2566371000000001e+00
 -1.0747554071795866e+00   1.2566371000000001e+00
 -9.0940840717958604e-01   1.2566371000000001e+00
 -7.4406140717958635e-01   1.2566371000000001e+00
 -5.7871440717958667e-01   1.2566371000000001e+00
 -4.1336740717958609e-01   1.2566371000000001e+00
 -2.4802050717958579e-01   1.2566371000000001e+00
 -8.2673507179586103e-02   1.2566371000000001e+00
  0.0000000000000000e+00   1.4137166999999999e+00
  1.5707963000000000e-01   1.4137166999999999e+00
  3.1415926999999999e-01   1.4137166999999999e+00
  4.7123890000000002e-01   1.4137166999999999e+00
  6.2831853000000004e-01   1.4137166999999999e+00
  7.8539815999999996e-01   1.4137166999999999e+00
  9.4247780000000003e-01   1.4137166999999999e+00
  1.0995573999999999e+00   1.4137166999999999e+00
  1.2566371000000001e+00   1.4137166999999999e+00
  1.4137166999999999e+00   1.4137166999999999e+00
  1.5707963000000000e+00   1.4137166999999999e+00
  1.7278760000000000e+00   1.4137166999999999e+00
  1.8849556000000001e+00   1.4137166999999999e+00
  2.0420351999999999e+00   1.4137166999999999e+00
  2.1991149000000001e+00   1.4137166999999999e+00
  2.3561945000000000e+00   1.4137166999999999e+00
  2.5132740999999998e+00   1.4137166999999999e+00
  2.6703538000000000e+00   1.4137166999999999e+00
  2.8274333999999999e+00   1.4137166999999999e+00
  2.9845130000000002e+00   1.4137166999999999e+00
 -3.1415926071795863e+00   1.4137166999999999e+00
 -2.9845130071795865e+00   1.4137166999999999e+00
 -2.8274334071795861e+00   1.4137166999999999e+00
 -2.6703537071795864e+00   1.4137166999999999e+00
 -2.5132741071795861e+00   1.4137166999999999e+00
 -2.3561945071795862e+00   1.4137166999999999e+00
 -2.1991149071795864e+00   1.4137166999999999e+00
 -2.0420352071795866e+00   1.4137166999999999e+00
 -1.8849556071795863e+00   1.4137166999999999e+00
 -1.7278760071795860e+00   1.4137166999999999e+00
 -1.5707963071795863e+00   1.4137166999999999e+00
 -1.4137167071795860e+00   1.4137166999999999e+00
 -1.2566371071795865e+00   1.4137166999999999e+00
 -1.0995574071795859e+00   1.4137166999999999e+00
 -9.4247780717958651e-01   1.4137166999999999e+00
 -7.8539820717958619e-01   1.4137166999999999e+00
 -6.2831850717958648e-01   1.4137166999999999e+00
 -4.7123890717958616e-01   1.4137166999999999e+00
 -3.1415930717958584e-01   1.4137166999999999e+00
 -1.5707960717958613e-01   1.4137166999999999e+00
  7.8539815999999998e-02   1.5707963000000000e+00
  2.3561945000000001e-01   1.5707963000000000e+00
  3.9269907999999998e-01   1.5707963000000000e+00
  5.4977871000000000e-01   1.5707963000000000e+00
  7.0685834999999997e-01   1.5707963000000000e+00
  8.6393797999999999e-01   1.5707963000000000e+00
  1.0210176000000000e+00   1.5707963000000000e+00
  1.1780972000000001e+00   1.5707963000000000e+00
  1.3351769000000000e+00   1.5707963000000000e+00
  1.4922565000000001e+00   1.5707963000000000e+00
  1.6493361000000000e+00   1.5707963000000000e+00
  1.8064157999999999e+00   1.5707963000000000e+00
  1.9634954000000000e+00   1.5707963000000000e+00
  2.1205750000000001e+00   1.5707963000000000e+00
  2.2776546999999998e+00   1.5707963000000000e+00
  2.4347343000000001e+00   1.5707963000000000e+00
  2.5918139000000000e+00   1.5707963000000000e+00
  2.7488936000000002e+00   1.5707963000000000e+00
  2.9059732000000000e+00   1.5707963000000000e+00
  3.0630527999999999e+00   1.5707963000000000e+00
 -3.0630528071795862e+00   1.5707963000000000e+00
 -2.9059732071795863e+00   1.5707963000000000e+00
 -2.7488936071795864e+00   1.5707963000000000e+00
 -2.5918139071795863e+00   1.5707963000000000e+00
 -2.4347343071795864e+00   1.5707963000000000e+00
 -2.2776547071795861e+00   1.5707963000000000e+00
 -2.1205750071795864e+00   1.5707963000000000e+00
 -1.9634954071795860e+00   1.5707963000000000e+00
 -1.8064158071795866e+00   1.5707963000000000e+00
 -1.6493361071795860e+00   1.5707963000000000e+00
 -1.4922565071795866e+00   1.5707963000000000e+00
 -1.3351769071795863e+00   1.5707963000000000e+00
 -1.1780972071795865e+00   1.5707963000000000e+00
 -1.0210176071795862e+00   1.5707963000000000e+00
 -8.6393800717958591e-01   1.5707963000000000e+00
 -7.0685830717958620e-01   1.5707963000000000e+00
 -5.4977870717958588e-01   1.5707963000000000e+00
 -3.9269910717958645e-01   1.5707963000000000e+00
 -2.3561940717958585e-01   1.5707963000000000e+00
 -7.8539807179586418e-02   1.5707963000000000e+00
  0.0000000000000000e+00   1.7278760000000000e+00
  1.5707963000000000e-01   1.7278760000000000e+00
  3.1415926999999999e-01   1.7278760000000000e+00
  4.7123890000000002e-01   1.7278760000000000e+00
  6.2831853000000004e-01   1.7278760000000000e+00
  7.8539815999999996e-01   1.7278760000000000e+00
  9.4247780000000003e-01   1.7278760000000000e+00
  1.0995573999999999e+00   1.7278760000000000e+00
  1.2566371000000001e+00   1.7278760000000000e+00
  1.4137166999999999e+00   1.7278760000000000e+00
  1.5707963000000000e+00   1.7278760000000000e+00
  1.7278760000000000e+00   1.7278760000000000e+00
  1.8849556000000001e+00   1.7278760000000000e+00
  2.0420351999999999e+00   1.7278760000000000e+00
  2.1991149000000001e+00   1.7278760000000000e+00
  2.3561945000000000e+00   1.7278760000000000e+00
  2.5132740999999998e+00   1.7278760000000000e+00
  2.6703538000000000e+00   1.7278760000000000e+00
  2.8274333999999999e+00   1.7278760000000000e+00
  2.9845130000000002e+00   1.7278760000000000e+00
 -3.1415926071795863e+00   1.7278760000000000e+00
 -2.9845130071795865e+00   1.7278760000000000e+00
 -2.8274334071795861e+00   1.7278760000000000e+00
 -2.6703537071795864e+00   1.7278760000000000e+00
 -2.5132741071795861e+00   1.7278760000000000e+00
 -2.3561945071795862e+00   1.7278760000000000e+00
 -2.1991149071795864e+00   1.7278760000000000e+00
 -2.0420352071795866e+00   1.7278760000000000e+00
 -1.8849556071795863e+00   1.7278760000000000e+00
 -1.7278760071795860e+00   1.7278760000000000e+00
 -1.5707963071795863e+00   1.7278760000000000e+00
 -1.4137167071795860e+00   1.7278760000000000e+00
 -1.2566371071795865e+00   1.7278760000000000e+00
 -1.0995574071795859e+00   1.7278760000000000e+00
 -9.4247780717958651e-01   1.7278760000000000e+00
 -7.8539820717958619e-01   1.7278760000000000e+00
 -6.2831850717958648e-01   1.7278760000000000e+00
 -4.7123890717958616e-01   1.7278760000000000e+00
 -3.1415930717958584e-01   1.7278760000000000e+00
 -1.5707960717958613e-01   1.7278760000000000e+00
  8.2673491000000002e-02   1.8849556000000001e+00
  2.4802046999999999e-01   1.8849556000000001e+00
  4.1336745000000003e-01   1.8849556000000001e+00
  5.7871444000000005e-01   1.8849556000000001e+00
  7.4406141999999997e-01   1.8849556000000001e+00
  9.0940840000000001e-01   1.8849556000000001e+00
  1.0747553999999999e+00   1.8849556000000001e+00
  1.2401024000000000e+00   1.8849556000000001e+00
  1.4054492999999999e+00   1.8849556000000001e+00
  1.5707963000000000e+00   1.8849556000000001e+00
  1.7361432999999999e+00   1.8849556000000001e+00
  1.9014903000000001e+00   1.8849556000000001e+00
  2.0668373000000000e+00   1.8849556000000001e+00
  2.2321843000000001e+00   1.8849556000000001e+00
  2.3975312000000000e+00   1.8849556000000001e+00
  2.5628782000000001e+00   1.8849556000000001e+00
  2.7282251999999998e+00   1.8849556000000001e+00
  2.8935721999999999e+00   1.8849556000000001e+00
  3.0589192000000001e+00   1.8849556000000001e+00
 -3.0589192071795863e+00   1.8849556000000001e+00
 -2.8935722071795862e+00   1.8849556000000001e+00
 -2.7282252071795861e+00   1.8849556000000001e+00
 -2.5628782071795864e+00   1.8849556000000001e+00
 -2.3975312071795862e+00   1.8849556000000001e+00
 -2.2321842071795865e+00   1.8849556000000001e+00
 -2.0668373071795862e+00   1.8849556000000001e+00
 -1.9014903071795866e+00   1.8849556000000001e+00
 -1.7361433071795860e+00   1.8849556000000001e+00
 -1.5707963071795863e+00   1.8849556000000001e+00
 -1.4054493071795866e+00   1.8849556000000001e+00
 -1.2401024071795863e+00   1.8849556000000001e+00
 -1.0747554071795866e+00   1.8849556000000001e+00
 -9.0940840717958604e-01   1.8849556000000001e+00
 -7.4406140717958635e-01   1.8849556000000001e+00
 -5.7871440717958667e-01   1.8849556000000001e+00
 -4.1336740717958609e-01   1.8849556000000001e+00
 -2.4802050717958579e-01   1.8849556000000001e+00
 -8.2673507179586103e-02   1.8849556000000001e+00
  0.0000000000000000e+00   2.0420351999999999e+00
  1.7453293000000000e-01   2.0420351999999999e+00
  3.4906585000000001e-01   2.0420351999999999e+00
  5.2359878000000004e-01   2.0420351999999999e+00
  6.9813170000000002e-01   2.0420351999999999e+00
  8.7266463000000005e-01   2.0420351999999999e+00
  1.0471976000000001e+00   2.0420351999999999e+00
  1.2217305000000001e+00   2.0420351999999999e+00
  1.3962634000000000e+00   2.0420351999999999e+00
  1.5707963000000000e+00   2.0420351999999999e+00
  1.7453293000000001e+00   2.0420351999999999e+00
  1.9198622000000001e+00   2.0420351999999999e+00
  2.0943950999999998e+00   2.0420351999999999e+00
  2.2689279999999998e+00   2.0420351999999999e+00
  2.4434610000000001e+00   2.0420351999999999e+00
  2.6179939000000001e+00   2.0420351999999999e+00
  2.7925268000000001e+00   2.0420351999999999e+00
  2.9670597000000001e+00   2.0420351999999999e+00
 -3.1415926071795863e+00   2.0420351999999999e+00
 -2.9670597071795863e+00   2.0420351999999999e+00
 -2.7925268071795863e+00   2.0420351999999999e+00
 -2.6179939071795864e+00   2.0420351999999999e+00
 -2.4434609071795861e+00   2.0420351999999999e+00
 -2.2689280071795865e+00   2.0420351999999999e+00
 -2.0943951071795865e+00   2.0420351999999999e+00
 -1.9198622071795866e+00   2.0420351999999999e+00
 -1.7453292071795863e+00   2.0420351999999999e+00
 -1.5707963071795863e+00   2.0420351999999999e+00
 -1.3962634071795863e+00   2.0420351999999999e+00
 -1.2217305071795863e+00   2.0420351999999999e+00
 -1.0471975071795860e+00   2.0420351999999999e+00
 -8.7266460717958605e-01   2.0420351999999999e+00
 -6.9813170717958606e-01   2.0420351999999999e+00
 -5.2359880717958607e-01   2.0420351999999999e+00
 -3.4906580717958580e-01   2.0420351999999999e+00
 -1.7453290717958581e-01   2.0420351999999999e+00
  9.8174769999999995e-02   2.1991149000000001e+00
  2.9452431000000001e-01   2.1991149000000001e+00
  4.9087385000000000e-01   2.1991149000000001e+00
  6.8722338999999999e-01   2.1991149000000001e+00
  8.8357293000000003e-01   2.1991149000000001e+00
  1.0799224999999999e+00   2.1991149000000001e+00
  1.2762720000000001e+00   2.1991149000000001e+00
  1.4726216000000001e+00   2.1991149000000001e+00
  1.6689711000000000e+00   2.1991149000000001e+00
  1.8653206000000000e+00   2.1991149000000001e+00
  2.0616702000000000e+00   2.1991149000000001e+00
  2.2580197000000002e+00   2.1991149000000001e+00
  2.4543693000000002e+00   2.1991149000000001e+00
  2.6507187999999999e+00   2.1991149000000001e+00
  2.8470683000000001e+00   2.1991149000000001e+00
  3.0434179000000001e+00   2.1991149000000001e+00
 -3.0434179071795864e+00   2.1991149000000001e+00
 -2.8470683071795864e+00   2.1991149000000001e+00
 -2.6507188071795862e+00   2.1991149000000001e+00
 -2.4543693071795860e+00   2.1991149000000001e+00
 -2.2580197071795860e+00   2.1991149000000001e+00
 -2.0616702071795858e+00   2.1991149000000001e+00
 -1.8653206071795863e+00   2.1991149000000001e+00
 -1.6689711071795861e+00   2.1991149000000001e+00
 -1.4726215071795865e+00   2.1991149000000001e+00
 -1.2762720071795863e+00   2.1991149000000001e+00
 -1.0799225071795862e+00   2.1991149000000001e+00
 -8.8357290717958659e-01   2.1991149000000001e+00
 -6.8722340717958641e-01   2.1991149000000001e+00
 -4.9087380717958595e-01   2.1991149000000001e+00
 -2.9452430717958666e-01   2.1991149000000001e+00
 -9.8174807179586487e-02   2.1991149000000001e+00
  0.0000000000000000e+00   2.3561945000000000e+00
  2.2439948000000001e-01   2.3561945000000000e+00
  4.4879894999999997e-01   2.3561945000000000e+00
  6.7319843000000001e-01   2.3561945000000000e+00
  8.9759789999999995e-01   2.3561945000000000e+00
  1.1219973999999999e+00   2.3561945000000000e+00
  1.3463969000000000e+00   2.3561945000000000e+00
  1.5707963000000000e+00   2.3561945000000000e+00
  1.7951957999999999e+00   2.3561945000000000e+00
  2.0195953000000002e+00   2.3561945000000000e+00
  2.2439947999999998e+00   2.3561945000000000e+00
  2.4683942000000001e+00   2.3561945000000000e+00
  2.6927937000000002e+00   2.3561945000000000e+00
  2.9171931999999998e+00   2.3561945000000000e+00
 -3.1415926071795863e+00   2.3561945000000000e+00
 -2.9171932071795861e+00   2.3561945000000000e+00
 -2.6927937071795864e+00   2.3561945000000000e+00
 -2.4683942071795864e+00   2.3561945000000000e+00
 -2.2439947071795858e+00   2.3561945000000000e+00
 -2.0195953071795865e+00   2.3561945000000000e+00
 -1.7951958071795859e+00   2.3561945000000000e+00
 -1.5707963071795863e+00   2.3561945000000000e+00
 -1.3463968071795867e+00   2.3561945000000000e+00
 -1.1219974071795864e+00   2.3561945000000000e+00
 -8.9759790717958587e-01   2.3561945000000000e+00
 -6.7319840717958623e-01   2.3561945000000000e+00
 -4.4879890717958659e-01   2.3561945000000000e+00
 -2.2439950717958634e-01   2.3561945000000000e+00
  1.3089969000000001e-01   2.5132740999999998e+00
  3.9269907999999998e-01   2.5132740999999998e+00
  6.5449847000000005e-01   2.5132740999999998e+00
  9.1629786000000002e-01   2.5132740999999998e+00
  1.1780972000000001e+00   2.5132740999999998e+00
  1.4398966000000000e+00   2.5132740999999998e+00
  1.7016960000000001e+00   2.5132740999999998e+00
  1.9634954000000000e+00   2.5132740999999998e+00
  2.2252947999999999e+00   2.5132740999999998e+00
  2.4870942000000000e+00   2.5132740999999998e+00
  2.7488936000000002e+00   2.5132740999999998e+00
  3.0106929999999998e+00   2.5132740999999998e+00
 -3.0106930071795861e+00   2.5132740999999998e+00
 -2.7488936071795864e+00   2.5132740999999998e+00
 -2.4870942071795863e+00   2.5132740999999998e+00
 -2.2252948071795862e+00   2.5132740999999998e+00
 -1.9634954071795860e+00   2.5132740999999998e+00
 -1.7016960071795859e+00   2.5132740999999998e+00
 -1.4398966071795867e+00   2.5132740999999998e+00
 -1.1780972071795865e+00   2.5132740999999998e+00
 -9.1629790717958581e-01   2.5132740999999998e+00
 -6.5449850717958657e-01   2.5132740999999998e+00
 -3.9269910717958645e-01   2.5132740999999998e+00
 -1.3089970717958632e-01   2.5132740999999998e+00
  0.0000000000000000e+00   2.6703538000000000e+00
  3.4906585000000001e-01   2.6703538000000000e+00
  6.9813170000000002e-01   2.6703538000000000e+00
  1.0471976000000001e+00   2.6703538000000000e+00
  1.3962634000000000e+00   2.6703538000000000e+00
  1.7453293000000001e+00   2.6703538000000000e+00
  2.0943950999999998e+00   2.6703538000000000e+00
  2.4434610000000001e+00   2.6703538000000000e+00
  2.7925268000000001e+00   2.6703538000000000e+00
 -3.1415926071795863e+00   2.6703538000000000e+00
 -2.7925268071795863e+00   2.6703538000000000e+00
 -2.4434609071795861e+00   2.6703538000000000e+00
 -2.0943951071795865e+00   2.6703538000000000e+00
 -1.7453292071795863e+00   2.6703538000000000e+00
 -1.3962634071795863e+00   2.6703538000000000e+00
 -1.0471975071795860e+00   2.6703538000000000e+00
 -6.9813170717958606e-01   2.6703538000000000e+00
 -3.4906580717958580e-01   2.6703538000000000e+00
  2.6179939000000002e-01   2.8274333999999999e+00
  7.8539815999999996e-01   2.8274333999999999e+00
  1.3089968999999999e+00   2.8274333999999999e+00
  1.8325956999999999e+00   2.8274333999999999e+00
  2.3561945000000000e+00   2.8274333999999999e+00
  2.8797932999999998e+00   2.8274333999999999e+00
 -2.8797933071795860e+00   2.8274333999999999e+00
 -2.3561945071795862e+00   2.8274333999999999e+00
 -1.8325957071795864e+00   2.8274333999999999e+00
 -1.3089969071795862e+00   2.8274333999999999e+00
 -7.8539820717958619e-01   2.8274333999999999e+00
 -2.6179940717958594e-01   2.8274333999999999e+00
  0.0000000000000000e+00   2.9845130000000002e+00
  1.0471976000000001e+00   2.9845130000000002e+00
  2.0943950999999998e+00   2.9845130000000002e+00
 -3.1415926071795863e+00   2.9845130000000002e+00
 -2.0943951071795865e+00   2.9845130000000002e+00
 -1.0471975071795860e+00   2.9845130000000002e+00
 -3.1415926071795863e+00   3.1415926535897931e+00
