Nodes
# These are the dubna1 nodes.

2522
0 0
0 3.14159
0 0.0872665
0.0872665 0.0872665
0.174533 0.0872665
0.261799 0.0872665
0.349066 0.0872665
0.436332 0.0872665
0.523599 0.0872665
0.610865 0.0872665
0.698132 0.0872665
0.785398 0.0872665
0.872665 0.0872665
0.959931 0.0872665
1.0472 0.0872665
1.13446 0.0872665
1.22173 0.0872665
1.309 0.0872665
1.39626 0.0872665
1.48353 0.0872665
1.5708 0.0872665
1.65806 0.0872665
1.74533 0.0872665
1.8326 0.0872665
1.91986 0.0872665
2.00713 0.0872665
2.0944 0.0872665
2.18166 0.0872665
2.26893 0.0872665
2.35619 0.0872665
2.44346 0.0872665
2.53073 0.0872665
2.61799 0.0872665
2.70526 0.0872665
2.79253 0.0872665
2.87979 0.0872665
2.96706 0.0872665
3.05433 0.0872665
-3.14159 0.0872665
-3.05433 0.0872665
-2.96706 0.0872665
-2.87979 0.0872665
-2.79253 0.0872665
-2.70526 0.0872665
-2.61799 0.0872665
-2.53073 0.0872665
-2.44346 0.0872665
-2.35619 0.0872665
-2.26893 0.0872665
-2.18166 0.0872665
-2.0944 0.0872665
-2.00713 0.0872665
-1.91986 0.0872665
-1.8326 0.0872665
-1.74533 0.0872665
-1.65806 0.0872665
-1.5708 0.0872665
-1.48353 0.0872665
-1.39626 0.0872665
-1.309 0.0872665
-1.22173 0.0872665
-1.13446 0.0872665
-1.0472 0.0872665
-0.959931 0.0872665
-0.872665 0.0872665
-0.785398 0.0872665
-0.698132 0.0872665
-0.610865 0.0872665
-0.523599 0.0872665
-0.436332 0.0872665
-0.349066 0.0872665
-0.261799 0.0872665
-0.174533 0.0872665
-0.0872665 0.0872665
0 3.05433
0.0872665 3.05433
0.174533 3.05433
0.261799 3.05433
0.349066 3.05433
0.436332 3.05433
0.523599 3.05433
0.610865 3.05433
0.698132 3.05433
0.785398 3.05433
0.872665 3.05433
0.959931 3.05433
1.0472 3.05433
1.13446 3.05433
1.22173 3.05433
1.309 3.05433
1.39626 3.05433
1.48353 3.05433
1.5708 3.05433
1.65806 3.05433
1.74533 3.05433
1.8326 3.05433
1.91986 3.05433
2.00713 3.05433
2.0944 3.05433
2.18166 3.05433
2.26893 3.05433
2.35619 3.05433
2.44346 3.05433
2.53073 3.05433
2.61799 3.05433
2.70526 3.05433
2.79253 3.05433
2.87979 3.05433
2.96706 3.05433
3.05433 3.05433
-3.14159 3.05433
-3.05433 3.05433
-2.96706 3.05433
-2.87979 3.05433
-2.79253 3.05433
-2.70526 3.05433
-2.61799 3.05433
-2.53073 3.05433
-2.44346 3.05433
-2.35619 3.05433
-2.26893 3.05433
-2.18166 3.05433
-2.0944 3.05433
-2.00713 3.05433
-1.91986 3.05433
-1.8326 3.05433
-1.74533 3.05433
-1.65806 3.05433
-1.5708 3.05433
-1.48353 3.05433
-1.39626 3.05433
-1.309 3.05433
-1.22173 3.05433
-1.13446 3.05433
-1.0472 3.05433
-0.959931 3.05433
-0.872665 3.05433
-0.785398 3.05433
-0.698132 3.05433
-0.610865 3.05433
-0.523599 3.05433
-0.436332 3.05433
-0.349066 3.05433
-0.261799 3.05433
-0.174533 3.05433
-0.0872665 3.05433
-0.411898 0.174533
-0.324631 0.174533
-0.237365 0.174533
-0.150098 0.174533
-0.0628319 0.174533
0.0244346 0.174533
0.111701 0.174533
0.198968 0.174533
0.286234 0.174533
0.3735 0.174533
0.460767 0.174533
0.548033 0.174533
0.6353 0.174533
0.722566 0.174533
0.809833 0.174533
0.897099 0.174533
0.984366 0.174533
1.07163 0.174533
1.1589 0.174533
1.24617 0.174533
1.33343 0.174533
1.4207 0.174533
1.50796 0.174533
1.59523 0.174533
1.6825 0.174533
1.76976 0.174533
1.85703 0.174533
1.9443 0.174533
2.03156 0.174533
2.11883 0.174533
2.2061 0.174533
2.29336 0.174533
2.38063 0.174533
2.4679 0.174533
2.55516 0.174533
2.64243 0.174533
2.72969 0.174533
2.81696 0.174533
2.90423 0.174533
2.99149 0.174533
3.07876 0.174533
-3.11716 0.174533
-3.02989 0.174533
-2.94263 0.174533
-2.85536 0.174533
-2.76809 0.174533
-2.68083 0.174533
-2.59356 0.174533
-2.50629 0.174533
-2.41903 0.174533
-2.33176 0.174533
-2.24449 0.174533
-2.15723 0.174533
-2.06996 0.174533
-1.98269 0.174533
-1.89543 0.174533
-1.80816 0.174533
-1.72089 0.174533
-1.63363 0.174533
-1.54636 0.174533
-1.4591 0.174533
-1.37183 0.174533
-1.28456 0.174533
-1.1973 0.174533
-1.11003 0.174533
-1.02276 0.174533
-0.935496 0.174533
-0.84823 0.174533
-0.760964 0.174533
-0.673697 0.174533
-0.586431 0.174533
-0.499164 0.174533
-0.411898 2.96706
-0.324631 2.96706
-0.237365 2.96706
-0.150098 2.96706
-0.0628319 2.96706
0.0244346 2.96706
0.111701 2.96706
0.198968 2.96706
0.286234 2.96706
0.3735 2.96706
0.460767 2.96706
0.548033 2.96706
0.6353 2.96706
0.722566 2.96706
0.809833 2.96706
0.897099 2.96706
0.984366 2.96706
1.07163 2.96706
1.1589 2.96706
1.24617 2.96706
1.33343 2.96706
1.4207 2.96706
1.50796 2.96706
1.59523 2.96706
1.6825 2.96706
1.76976 2.96706
1.85703 2.96706
1.9443 2.96706
2.03156 2.96706
2.11883 2.96706
2.2061 2.96706
2.29336 2.96706
2.38063 2.96706
2.4679 2.96706
2.55516 2.96706
2.64243 2.96706
2.72969 2.96706
2.81696 2.96706
2.90423 2.96706
2.99149 2.96706
3.07876 2.96706
-3.11716 2.96706
-3.02989 2.96706
-2.94263 2.96706
-2.85536 2.96706
-2.76809 2.96706
-2.68083 2.96706
-2.59356 2.96706
-2.50629 2.96706
-2.41903 2.96706
-2.33176 2.96706
-2.24449 2.96706
-2.15723 2.96706
-2.06996 2.96706
-1.98269 2.96706
-1.89543 2.96706
-1.80816 2.96706
-1.72089 2.96706
-1.63363 2.96706
-1.54636 2.96706
-1.4591 2.96706
-1.37183 2.96706
-1.28456 2.96706
-1.1973 2.96706
-1.11003 2.96706
-1.02276 2.96706
-0.935496 2.96706
-0.84823 2.96706
-0.760964 2.96706
-0.673697 2.96706
-0.586431 2.96706
-0.499164 2.96706
-0.575086 0.261799
-0.48782 0.261799
-0.400553 0.261799
-0.313287 0.261799
-0.22602 0.261799
-0.138754 0.261799
-0.0514872 0.261799
0.0357792 0.261799
0.123046 0.261799
0.210312 0.261799
0.297579 0.261799
0.384845 0.261799
0.472112 0.261799
0.559378 0.261799
0.646644 0.261799
0.733911 0.261799
0.821177 0.261799
0.908444 0.261799
0.99571 0.261799
1.08298 0.261799
1.17024 0.261799
1.25751 0.261799
1.34478 0.261799
1.43204 0.261799
1.51931 0.261799
1.60658 0.261799
1.69384 0.261799
1.78111 0.261799
1.86837 0.261799
1.95564 0.261799
2.04291 0.261799
2.13017 0.261799
2.21744 0.261799
2.30471 0.261799
2.39197 0.261799
2.47924 0.261799
2.56651 0.261799
2.65377 0.261799
2.74104 0.261799
2.82831 0.261799
2.91557 0.261799
3.00284 0.261799
3.09011 0.261799
-3.10581 0.261799
-3.01855 0.261799
-2.93128 0.261799
-2.84401 0.261799
-2.75675 0.261799
-2.66948 0.261799
-2.58221 0.261799
-2.49495 0.261799
-2.40768 0.261799
-2.32042 0.261799
-2.23315 0.261799
-2.14588 0.261799
-2.05862 0.261799
-1.97135 0.261799
-1.88408 0.261799
-1.79682 0.261799
-1.70955 0.261799
-1.62228 0.261799
-1.53502 0.261799
-1.44775 0.261799
-1.36048 0.261799
-1.27322 0.261799
-1.18595 0.261799
-1.09868 0.261799
-1.01142 0.261799
-0.924152 0.261799
-0.836885 0.261799
-0.749619 0.261799
-0.662352 0.261799
-0.575086 2.87979
-0.48782 2.87979
-0.400553 2.87979
-0.313287 2.87979
-0.22602 2.87979
-0.138754 2.87979
-0.0514872 2.87979
0.0357792 2.87979
0.123046 2.87979
0.210312 2.87979
0.297579 2.87979
0.384845 2.87979
0.472112 2.87979
0.559378 2.87979
0.646644 2.87979
0.733911 2.87979
0.821177 2.87979
0.908444 2.87979
0.99571 2.87979
1.08298 2.87979
1.17024 2.87979
1.25751 2.87979
1.34478 2.87979
1.43204 2.87979
1.51931 2.87979
1.60658 2.87979
1.69384 2.87979
1.78111 2.87979
1.86837 2.87979
1.95564 2.87979
2.04291 2.87979
2.13017 2.87979
2.21744 2.87979
2.30471 2.87979
2.39197 2.87979
2.47924 2.87979
2.56651 2.87979
2.65377 2.87979
2.74104 2.87979
2.82831 2.87979
2.91557 2.87979
3.00284 2.87979
3.09011 2.87979
-3.10581 2.87979
-3.01855 2.87979
-2.93128 2.87979
-2.84401 2.87979
-2.75675 2.87979
-2.66948 2.87979
-2.58221 2.87979
-2.49495 2.87979
-2.40768 2.87979
-2.32042 2.87979
-2.23315 2.87979
-2.14588 2.87979
-2.05862 2.87979
-1.97135 2.87979
-1.88408 2.87979
-1.79682 2.87979
-1.70955 2.87979
-1.62228 2.87979
-1.53502 2.87979
-1.44775 2.87979
-1.36048 2.87979
-1.27322 2.87979
-1.18595 2.87979
-1.09868 2.87979
-1.01142 2.87979
-0.924152 2.87979
-0.836885 2.87979
-0.749619 2.87979
-0.662352 2.87979
-0.696212 0.349066
-0.608945 0.349066
-0.521679 0.349066
-0.434412 0.349066
-0.347146 0.349066
-0.25988 0.349066
-0.172613 0.349066
-0.0853466 0.349066
0.00191986 0.349066
0.0891863 0.349066
0.176453 0.349066
0.263719 0.349066
0.350986 0.349066
0.438252 0.349066
0.525519 0.349066
0.612785 0.349066
0.700052 0.349066
0.787318 0.349066
0.874584 0.349066
0.961851 0.349066
1.04912 0.349066
1.13638 0.349066
1.22365 0.349066
1.31092 0.349066
1.39818 0.349066
1.48545 0.349066
1.57272 0.349066
1.65998 0.349066
1.74725 0.349066
1.83452 0.349066
1.92178 0.349066
2.00905 0.349066
2.09631 0.349066
2.18358 0.349066
2.27085 0.349066
2.35811 0.349066
2.44538 0.349066
2.53265 0.349066
2.61991 0.349066
2.70718 0.349066
2.79445 0.349066
2.88171 0.349066
2.96898 0.349066
3.05625 0.349066
-3.13967 0.349066
-3.05241 0.349066
-2.96514 0.349066
-2.87787 0.349066
-2.79061 0.349066
-2.70334 0.349066
-2.61607 0.349066
-2.52881 0.349066
-2.44154 0.349066
-2.35427 0.349066
-2.26701 0.349066
-2.17974 0.349066
-2.09248 0.349066
-2.00521 0.349066
-1.91794 0.349066
-1.83068 0.349066
-1.74341 0.349066
-1.65614 0.349066
-1.56888 0.349066
-1.48161 0.349066
-1.39434 0.349066
-1.30708 0.349066
-1.21981 0.349066
-1.13254 0.349066
-1.04528 0.349066
-0.958011 0.349066
-0.870745 0.349066
-0.783478 0.349066
-0.696212 2.79253
-0.608945 2.79253
-0.521679 2.79253
-0.434412 2.79253
-0.347146 2.79253
-0.25988 2.79253
-0.172613 2.79253
-0.0853466 2.79253
0.00191986 2.79253
0.0891863 2.79253
0.176453 2.79253
0.263719 2.79253
0.350986 2.79253
0.438252 2.79253
0.525519 2.79253
0.612785 2.79253
0.700052 2.79253
0.787318 2.79253
0.874584 2.79253
0.961851 2.79253
1.04912 2.79253
1.13638 2.79253
1.22365 2.79253
1.31092 2.79253
1.39818 2.79253
1.48545 2.79253
1.57272 2.79253
1.65998 2.79253
1.74725 2.79253
1.83452 2.79253
1.92178 2.79253
2.00905 2.79253
2.09631 2.79253
2.18358 2.79253
2.27085 2.79253
2.35811 2.79253
2.44538 2.79253
2.53265 2.79253
2.61991 2.79253
2.70718 2.79253
2.79445 2.79253
2.88171 2.79253
2.96898 2.79253
3.05625 2.79253
-3.13967 2.79253
-3.05241 2.79253
-2.96514 2.79253
-2.87787 2.79253
-2.79061 2.79253
-2.70334 2.79253
-2.61607 2.79253
-2.52881 2.79253
-2.44154 2.79253
-2.35427 2.79253
-2.26701 2.79253
-2.17974 2.79253
-2.09248 2.79253
-2.00521 2.79253
-1.91794 2.79253
-1.83068 2.79253
-1.74341 2.79253
-1.65614 2.79253
-1.56888 2.79253
-1.48161 2.79253
-1.39434 2.79253
-1.30708 2.79253
-1.21981 2.79253
-1.13254 2.79253
-1.04528 2.79253
-0.958011 2.79253
-0.870745 2.79253
-0.783478 2.79253
-0.795172 0.436332
-0.707906 0.436332
-0.620639 0.436332
-0.533373 0.436332
-0.446106 0.436332
-0.35884 0.436332
-0.271573 0.436332
-0.184307 0.436332
-0.0970403 0.436332
-0.00977384 0.436332
0.0774926 0.436332
0.164759 0.436332
0.252026 0.436332
0.339292 0.436332
0.426558 0.436332
0.513825 0.436332
0.601091 0.436332
0.688358 0.436332
0.775624 0.436332
0.862891 0.436332
0.950157 0.436332
1.03742 0.436332
1.12469 0.436332
1.21196 0.436332
1.29922 0.436332
1.38649 0.436332
1.47376 0.436332
1.56102 0.436332
1.64829 0.436332
1.73556 0.436332
1.82282 0.436332
1.91009 0.436332
1.99735 0.436332
2.08462 0.436332
2.17189 0.436332
2.25915 0.436332
2.34642 0.436332
2.43369 0.436332
2.52095 0.436332
2.60822 0.436332
2.69549 0.436332
2.78275 0.436332
2.87002 0.436332
2.95729 0.436332
3.04455 0.436332
3.13182 0.436332
-3.0641 0.436332
-2.97683 0.436332
-2.88957 0.436332
-2.8023 0.436332
-2.71503 0.436332
-2.62777 0.436332
-2.5405 0.436332
-2.45323 0.436332
-2.36597 0.436332
-2.2787 0.436332
-2.19144 0.436332
-2.10417 0.436332
-2.0169 0.436332
-1.92964 0.436332
-1.84237 0.436332
-1.7551 0.436332
-1.66784 0.436332
-1.58057 0.436332
-1.4933 0.436332
-1.40604 0.436332
-1.31877 0.436332
-1.2315 0.436332
-1.14424 0.436332
-1.05697 0.436332
-0.969705 0.436332
-0.882438 0.436332
-0.795172 2.70526
-0.707906 2.70526
-0.620639 2.70526
-0.533373 2.70526
-0.446106 2.70526
-0.35884 2.70526
-0.271573 2.70526
-0.184307 2.70526
-0.0970403 2.70526
-0.00977384 2.70526
0.0774926 2.70526
0.164759 2.70526
0.252026 2.70526
0.339292 2.70526
0.426558 2.70526
0.513825 2.70526
0.601091 2.70526
0.688358 2.70526
0.775624 2.70526
0.862891 2.70526
0.950157 2.70526
1.03742 2.70526
1.12469 2.70526
1.21196 2.70526
1.29922 2.70526
1.38649 2.70526
1.47376 2.70526
1.56102 2.70526
1.64829 2.70526
1.73556 2.70526
1.82282 2.70526
1.91009 2.70526
1.99735 2.70526
2.08462 2.70526
2.17189 2.70526
2.25915 2.70526
2.34642 2.70526
2.43369 2.70526
2.52095 2.70526
2.60822 2.70526
2.69549 2.70526
2.78275 2.70526
2.87002 2.70526
2.95729 2.70526
3.04455 2.70526
3.13182 2.70526
-3.0641 2.70526
-2.97683 2.70526
-2.88957 2.70526
-2.8023 2.70526
-2.71503 2.70526
-2.62777 2.70526
-2.5405 2.70526
-2.45323 2.70526
-2.36597 2.70526
-2.2787 2.70526
-2.19144 2.70526
-2.10417 2.70526
-2.0169 2.70526
-1.92964 2.70526
-1.84237 2.70526
-1.7551 2.70526
-1.66784 2.70526
-1.58057 2.70526
-1.4933 2.70526
-1.40604 2.70526
-1.31877 2.70526
-1.2315 2.70526
-1.14424 2.70526
-1.05697 2.70526
-0.969705 2.70526
-0.882438 2.70526
-0.88017 0.523599
-0.792903 0.523599
-0.705637 0.523599
-0.61837 0.523599
-0.531104 0.523599
-0.443837 0.523599
-0.356571 0.523599
-0.269304 0.523599
-0.182038 0.523599
-0.0947714 0.523599
-0.00750492 0.523599
0.0797615 0.523599
0.167028 0.523599
0.254294 0.523599
0.341561 0.523599
0.428827 0.523599
0.516094 0.523599
0.60336 0.523599
0.690627 0.523599
0.777893 0.523599
0.86516 0.523599
0.952426 0.523599
1.03969 0.523599
1.12696 0.523599
1.21423 0.523599
1.30149 0.523599
1.38876 0.523599
1.47602 0.523599
1.56329 0.523599
1.65056 0.523599
1.73782 0.523599
1.82509 0.523599
1.91236 0.523599
1.99962 0.523599
2.08689 0.523599
2.17416 0.523599
2.26142 0.523599
2.34869 0.523599
2.43596 0.523599
2.52322 0.523599
2.61049 0.523599
2.69776 0.523599
2.78502 0.523599
2.87229 0.523599
2.95955 0.523599
3.04682 0.523599
3.13409 0.523599
-3.06183 0.523599
-2.97456 0.523599
-2.8873 0.523599
-2.80003 0.523599
-2.71277 0.523599
-2.6255 0.523599
-2.53823 0.523599
-2.45097 0.523599
-2.3637 0.523599
-2.27643 0.523599
-2.18917 0.523599
-2.1019 0.523599
-2.01463 0.523599
-1.92737 0.523599
-1.8401 0.523599
-1.75283 0.523599
-1.66557 0.523599
-1.5783 0.523599
-1.49103 0.523599
-1.40377 0.523599
-1.3165 0.523599
-1.22924 0.523599
-1.14197 0.523599
-1.0547 0.523599
-0.967436 0.523599
-0.88017 2.61799
-0.792903 2.61799
-0.705637 2.61799
-0.61837 2.61799
-0.531104 2.61799
-0.443837 2.61799
-0.356571 2.61799
-0.269304 2.61799
-0.182038 2.61799
-0.0947714 2.61799
-0.00750492 2.61799
0.0797615 2.61799
0.167028 2.61799
0.254294 2.61799
0.341561 2.61799
0.428827 2.61799
0.516094 2.61799
0.60336 2.61799
0.690627 2.61799
0.777893 2.61799
0.86516 2.61799
0.952426 2.61799
1.03969 2.61799
1.12696 2.61799
1.21423 2.61799
1.30149 2.61799
1.38876 2.61799
1.47602 2.61799
1.56329 2.61799
1.65056 2.61799
1.73782 2.61799
1.82509 2.61799
1.91236 2.61799
1.99962 2.61799
2.08689 2.61799
2.17416 2.61799
2.26142 2.61799
2.34869 2.61799
2.43596 2.61799
2.52322 2.61799
2.61049 2.61799
2.69776 2.61799
2.78502 2.61799
2.87229 2.61799
2.95955 2.61799
3.04682 2.61799
3.13409 2.61799
-3.06183 2.61799
-2.97456 2.61799
-2.8873 2.61799
-2.80003 2.61799
-2.71277 2.61799
-2.6255 2.61799
-2.53823 2.61799
-2.45097 2.61799
-2.3637 2.61799
-2.27643 2.61799
-2.18917 2.61799
-2.1019 2.61799
-2.01463 2.61799
-1.92737 2.61799
-1.8401 2.61799
-1.75283 2.61799
-1.66557 2.61799
-1.5783 2.61799
-1.49103 2.61799
-1.40377 2.61799
-1.3165 2.61799
-1.22924 2.61799
-1.14197 2.61799
-1.0547 2.61799
-0.967436 2.61799
-0.955393 0.610865
-0.868127 0.610865
-0.78086 0.610865
-0.693594 0.610865
-0.606327 0.610865
-0.519061 0.610865
-0.431794 0.610865
-0.344528 0.610865
-0.257262 0.610865
-0.169995 0.610865
-0.0827286 0.610865
0.00453786 0.610865
0.0918043 0.610865
0.179071 0.610865
0.266337 0.610865
0.353604 0.610865
0.44087 0.610865
0.528137 0.610865
0.615403 0.610865
0.70267 0.610865
0.789936 0.610865
0.877202 0.610865
0.964469 0.610865
1.05174 0.610865
1.139 0.610865
1.22627 0.610865
1.31353 0.610865
1.4008 0.610865
1.48807 0.610865
1.57533 0.610865
1.6626 0.610865
1.74987 0.610865
1.83713 0.610865
1.9244 0.610865
2.01167 0.610865
2.09893 0.610865
2.1862 0.610865
2.27347 0.610865
2.36073 0.610865
2.448 0.610865
2.53527 0.610865
2.62253 0.610865
2.7098 0.610865
2.79706 0.610865
2.88433 0.610865
2.9716 0.610865
3.05886 0.610865
-3.13705 0.610865
-3.04979 0.610865
-2.96252 0.610865
-2.87526 0.610865
-2.78799 0.610865
-2.70072 0.610865
-2.61346 0.610865
-2.52619 0.610865
-2.43892 0.610865
-2.35166 0.610865
-2.26439 0.610865
-2.17712 0.610865
-2.08986 0.610865
-2.00259 0.610865
-1.91532 0.610865
-1.82806 0.610865
-1.74079 0.610865
-1.65352 0.610865
-1.56626 0.610865
-1.47899 0.610865
-1.39173 0.610865
-1.30446 0.610865
-1.21719 0.610865
-1.12993 0.610865
-1.04266 0.610865
-0.955393 2.53073
-0.868127 2.53073
-0.78086 2.53073
-0.693594 2.53073
-0.606327 2.53073
-0.519061 2.53073
-0.431794 2.53073
-0.344528 2.53073
-0.257262 2.53073
-0.169995 2.53073
-0.0827286 2.53073
0.00453786 2.53073
0.0918043 2.53073
0.179071 2.53073
0.266337 2.53073
0.353604 2.53073
0.44087 2.53073
0.528137 2.53073
0.615403 2.53073
0.70267 2.53073
0.789936 2.53073
0.877202 2.53073
0.964469 2.53073
1.05174 2.53073
1.139 2.53073
1.22627 2.53073
1.31353 2.53073
1.4008 2.53073
1.48807 2.53073
1.57533 2.53073
1.6626 2.53073
1.74987 2.53073
1.83713 2.53073
1.9244 2.53073
2.01167 2.53073
2.09893 2.53073
2.1862 2.53073
2.27347 2.53073
2.36073 2.53073
2.448 2.53073
2.53527 2.53073
2.62253 2.53073
2.7098 2.53073
2.79706 2.53073
2.88433 2.53073
2.9716 2.53073
3.05886 2.53073
-3.13705 2.53073
-3.04979 2.53073
-2.96252 2.53073
-2.87526 2.53073
-2.78799 2.53073
-2.70072 2.53073
-2.61346 2.53073
-2.52619 2.53073
-2.43892 2.53073
-2.35166 2.53073
-2.26439 2.53073
-2.17712 2.53073
-2.08986 2.53073
-2.00259 2.53073
-1.91532 2.53073
-1.82806 2.53073
-1.74079 2.53073
-1.65352 2.53073
-1.56626 2.53073
-1.47899 2.53073
-1.39173 2.53073
-1.30446 2.53073
-1.21719 2.53073
-1.12993 2.53073
-1.04266 2.53073
-1.02329 0.698132
-0.93602 0.698132
-0.848754 0.698132
-0.761487 0.698132
-0.674221 0.698132
-0.586954 0.698132
-0.499688 0.698132
-0.412421 0.698132
-0.325155 0.698132
-0.237888 0.698132
-0.150622 0.698132
-0.0633555 0.698132
0.023911 0.698132
0.111177 0.698132
0.198444 0.698132
0.28571 0.698132
0.372977 0.698132
0.460243 0.698132
0.54751 0.698132
0.634776 0.698132
0.722043 0.698132
0.809309 0.698132
0.896576 0.698132
0.983842 0.698132
1.07111 0.698132
1.15838 0.698132
1.24564 0.698132
1.33291 0.698132
1.42017 0.698132
1.50744 0.698132
1.59471 0.698132
1.68197 0.698132
1.76924 0.698132
1.85651 0.698132
1.94377 0.698132
2.03104 0.698132
2.11831 0.698132
2.20557 0.698132
2.29284 0.698132
2.38011 0.698132
2.46737 0.698132
2.55464 0.698132
2.6419 0.698132
2.72917 0.698132
2.81644 0.698132
2.9037 0.698132
2.99097 0.698132
3.07824 0.698132
-3.11768 0.698132
-3.03042 0.698132
-2.94315 0.698132
-2.85588 0.698132
-2.76862 0.698132
-2.68135 0.698132
-2.59408 0.698132
-2.50682 0.698132
-2.41955 0.698132
-2.33228 0.698132
-2.24502 0.698132
-2.15775 0.698132
-2.07048 0.698132
-1.98322 0.698132
-1.89595 0.698132
-1.80868 0.698132
-1.72142 0.698132
-1.63415 0.698132
-1.54689 0.698132
-1.45962 0.698132
-1.37235 0.698132
-1.28509 0.698132
-1.19782 0.698132
-1.11055 0.698132
-1.02329 2.44346
-0.93602 2.44346
-0.848754 2.44346
-0.761487 2.44346
-0.674221 2.44346
-0.586954 2.44346
-0.499688 2.44346
-0.412421 2.44346
-0.325155 2.44346
-0.237888 2.44346
-0.150622 2.44346
-0.0633555 2.44346
0.023911 2.44346
0.111177 2.44346
0.198444 2.44346
0.28571 2.44346
0.372977 2.44346
0.460243 2.44346
0.54751 2.44346
0.634776 2.44346
0.722043 2.44346
0.809309 2.44346
0.896576 2.44346
0.983842 2.44346
1.07111 2.44346
1.15838 2.44346
1.24564 2.44346
1.33291 2.44346
1.42017 2.44346
1.50744 2.44346
1.59471 2.44346
1.68197 2.44346
1.76924 2.44346
1.85651 2.44346
1.94377 2.44346
2.03104 2.44346
2.11831 2.44346
2.20557 2.44346
2.29284 2.44346
2.38011 2.44346
2.46737 2.44346
2.55464 2.44346
2.6419 2.44346
2.72917 2.44346
2.81644 2.44346
2.9037 2.44346
2.99097 2.44346
3.07824 2.44346
-3.11768 2.44346
-3.03042 2.44346
-2.94315 2.44346
-2.85588 2.44346
-2.76862 2.44346
-2.68135 2.44346
-2.59408 2.44346
-2.50682 2.44346
-2.41955 2.44346
-2.33228 2.44346
-2.24502 2.44346
-2.15775 2.44346
-2.07048 2.44346
-1.98322 2.44346
-1.89595 2.44346
-1.80868 2.44346
-1.72142 2.44346
-1.63415 2.44346
-1.54689 2.44346
-1.45962 2.44346
-1.37235 2.44346
-1.28509 2.44346
-1.19782 2.44346
-1.11055 2.44346
-1.08559 0.785398
-0.998328 0.785398
-0.911062 0.785398
-0.823795 0.785398
-0.736529 0.785398
-0.649262 0.785398
-0.561996 0.785398
-0.47473 0.785398
-0.387463 0.785398
-0.300197 0.785398
-0.21293 0.785398
-0.125664 0.785398
-0.0383972 0.785398
0.0488692 0.785398
0.136136 0.785398
0.223402 0.785398
0.310669 0.785398
0.397935 0.785398
0.485202 0.785398
0.572468 0.785398
0.659734 0.785398
0.747001 0.785398
0.834267 0.785398
0.921534 0.785398
1.0088 0.785398
1.09607 0.785398
1.18333 0.785398
1.2706 0.785398
1.35787 0.785398
1.44513 0.785398
1.5324 0.785398
1.61967 0.785398
1.70693 0.785398
1.7942 0.785398
1.88146 0.785398
1.96873 0.785398
2.056 0.785398
2.14326 0.785398
2.23053 0.785398
2.3178 0.785398
2.40506 0.785398
2.49233 0.785398
2.5796 0.785398
2.66686 0.785398
2.75413 0.785398
2.8414 0.785398
2.92866 0.785398
3.01593 0.785398
3.1032 0.785398
-3.09272 0.785398
-3.00546 0.785398
-2.91819 0.785398
-2.83092 0.785398
-2.74366 0.785398
-2.65639 0.785398
-2.56912 0.785398
-2.48186 0.785398
-2.39459 0.785398
-2.30733 0.785398
-2.22006 0.785398
-2.13279 0.785398
-2.04553 0.785398
-1.95826 0.785398
-1.87099 0.785398
-1.78373 0.785398
-1.69646 0.785398
-1.60919 0.785398
-1.52193 0.785398
-1.43466 0.785398
-1.34739 0.785398
-1.26013 0.785398
-1.17286 0.785398
-1.08559 2.35619
-0.998328 2.35619
-0.911062 2.35619
-0.823795 2.35619
-0.736529 2.35619
-0.649262 2.35619
-0.561996 2.35619
-0.47473 2.35619
-0.387463 2.35619
-0.300197 2.35619
-0.21293 2.35619
-0.125664 2.35619
-0.0383972 2.35619
0.0488692 2.35619
0.136136 2.35619
0.223402 2.35619
0.310669 2.35619
0.397935 2.35619
0.485202 2.35619
0.572468 2.35619
0.659734 2.35619
0.747001 2.35619
0.834267 2.35619
0.921534 2.35619
1.0088 2.35619
1.09607 2.35619
1.18333 2.35619
1.2706 2.35619
1.35787 2.35619
1.44513 2.35619
1.5324 2.35619
1.61967 2.35619
1.70693 2.35619
1.7942 2.35619
1.88146 2.35619
1.96873 2.35619
2.056 2.35619
2.14326 2.35619
2.23053 2.35619
2.3178 2.35619
2.40506 2.35619
2.49233 2.35619
2.5796 2.35619
2.66686 2.35619
2.75413 2.35619
2.8414 2.35619
2.92866 2.35619
3.01593 2.35619
3.1032 2.35619
-3.09272 2.35619
-3.00546 2.35619
-2.91819 2.35619
-2.83092 2.35619
-2.74366 2.35619
-2.65639 2.35619
-2.56912 2.35619
-2.48186 2.35619
-2.39459 2.35619
-2.30733 2.35619
-2.22006 2.35619
-2.13279 2.35619
-2.04553 2.35619
-1.95826 2.35619
-1.87099 2.35619
-1.78373 2.35619
-1.69646 2.35619
-1.60919 2.35619
-1.52193 2.35619
-1.43466 2.35619
-1.34739 2.35619
-1.26013 2.35619
-1.17286 2.35619
-1.14371 0.872665
-1.05645 0.872665
-0.969181 0.872665
-0.881915 0.872665
-0.794648 0.872665
-0.707382 0.872665
-0.620115 0.872665
-0.532849 0.872665
-0.445583 0.872665
-0.358316 0.872665
-0.27105 0.872665
-0.183783 0.872665
-0.0965167 0.872665
-0.00925025 0.872665
0.0780162 0.872665
0.165283 0.872665
0.252549 0.872665
0.339816 0.872665
0.427082 0.872665
0.514349 0.872665
0.601615 0.872665
0.688881 0.872665
0.776148 0.872665
0.863414 0.872665
0.950681 0.872665
1.03795 0.872665
1.12521 0.872665
1.21248 0.872665
1.29975 0.872665
1.38701 0.872665
1.47428 0.872665
1.56155 0.872665
1.64881 0.872665
1.73608 0.872665
1.82335 0.872665
1.91061 0.872665
1.99788 0.872665
2.08514 0.872665
2.17241 0.872665
2.25968 0.872665
2.34694 0.872665
2.43421 0.872665
2.52148 0.872665
2.60874 0.872665
2.69601 0.872665
2.78328 0.872665
2.87054 0.872665
2.95781 0.872665
3.04508 0.872665
3.13234 0.872665
-3.06358 0.872665
-2.97631 0.872665
-2.88904 0.872665
-2.80178 0.872665
-2.71451 0.872665
-2.62724 0.872665
-2.53998 0.872665
-2.45271 0.872665
-2.36544 0.872665
-2.27818 0.872665
-2.19091 0.872665
-2.10365 0.872665
-2.01638 0.872665
-1.92911 0.872665
-1.84185 0.872665
-1.75458 0.872665
-1.66731 0.872665
-1.58005 0.872665
-1.49278 0.872665
-1.40551 0.872665
-1.31825 0.872665
-1.23098 0.872665
-1.14371 2.26893
-1.05645 2.26893
-0.969181 2.26893
-0.881915 2.26893
-0.794648 2.26893
-0.707382 2.26893
-0.620115 2.26893
-0.532849 2.26893
-0.445583 2.26893
-0.358316 2.26893
-0.27105 2.26893
-0.183783 2.26893
-0.0965167 2.26893
-0.00925025 2.26893
0.0780162 2.26893
0.165283 2.26893
0.252549 2.26893
0.339816 2.26893
0.427082 2.26893
0.514349 2.26893
0.601615 2.26893
0.688881 2.26893
0.776148 2.26893
0.863414 2.26893
0.950681 2.26893
1.03795 2.26893
1.12521 2.26893
1.21248 2.26893
1.29975 2.26893
1.38701 2.26893
1.47428 2.26893
1.56155 2.26893
1.64881 2.26893
1.73608 2.26893
1.82335 2.26893
1.91061 2.26893
1.99788 2.26893
2.08514 2.26893
2.17241 2.26893
2.25968 2.26893
2.34694 2.26893
2.43421 2.26893
2.52148 2.26893
2.60874 2.26893
2.69601 2.26893
2.78328 2.26893
2.87054 2.26893
2.95781 2.26893
3.04508 2.26893
3.13234 2.26893
-3.06358 2.26893
-2.97631 2.26893
-2.88904 2.26893
-2.80178 2.26893
-2.71451 2.26893
-2.62724 2.26893
-2.53998 2.26893
-2.45271 2.26893
-2.36544 2.26893
-2.27818 2.26893
-2.19091 2.26893
-2.10365 2.26893
-2.01638 2.26893
-1.92911 2.26893
-1.84185 2.26893
-1.75458 2.26893
-1.66731 2.26893
-1.58005 2.26893
-1.49278 2.26893
-1.40551 2.26893
-1.31825 2.26893
-1.23098 2.26893
-1.19834 0.959931
-1.11108 0.959931
-1.02381 0.959931
-0.936544 0.959931
-0.849277 0.959931
-0.762011 0.959931
-0.674744 0.959931
-0.587478 0.959931
-0.500211 0.959931
-0.412945 0.959931
-0.325678 0.959931
-0.238412 0.959931
-0.151146 0.959931
-0.0638791 0.959931
0.0233874 0.959931
0.110654 0.959931
0.19792 0.959931
0.285187 0.959931
0.372453 0.959931
0.45972 0.959931
0.546986 0.959931
0.634253 0.959931
0.721519 0.959931
0.808786 0.959931
0.896052 0.959931
0.983319 0.959931
1.07058 0.959931
1.15785 0.959931
1.24512 0.959931
1.33238 0.959931
1.41965 0.959931
1.50692 0.959931
1.59418 0.959931
1.68145 0.959931
1.76872 0.959931
1.85598 0.959931
1.94325 0.959931
2.03052 0.959931
2.11778 0.959931
2.20505 0.959931
2.29232 0.959931
2.37958 0.959931
2.46685 0.959931
2.55411 0.959931
2.64138 0.959931
2.72865 0.959931
2.81591 0.959931
2.90318 0.959931
2.99045 0.959931
3.07771 0.959931
-3.11821 0.959931
-3.03094 0.959931
-2.94367 0.959931
-2.85641 0.959931
-2.76914 0.959931
-2.68187 0.959931
-2.59461 0.959931
-2.50734 0.959931
-2.42007 0.959931
-2.33281 0.959931
-2.24554 0.959931
-2.15827 0.959931
-2.07101 0.959931
-1.98374 0.959931
-1.89647 0.959931
-1.80921 0.959931
-1.72194 0.959931
-1.63468 0.959931
-1.54741 0.959931
-1.46014 0.959931
-1.37288 0.959931
-1.28561 0.959931
-1.19834 2.18166
-1.11108 2.18166
-1.02381 2.18166
-0.936544 2.18166
-0.849277 2.18166
-0.762011 2.18166
-0.674744 2.18166
-0.587478 2.18166
-0.500211 2.18166
-0.412945 2.18166
-0.325678 2.18166
-0.238412 2.18166
-0.151146 2.18166
-0.0638791 2.18166
0.0233874 2.18166
0.110654 2.18166
0.19792 2.18166
0.285187 2.18166
0.372453 2.18166
0.45972 2.18166
0.546986 2.18166
0.634253 2.18166
0.721519 2.18166
0.808786 2.18166
0.896052 2.18166
0.983319 2.18166
1.07058 2.18166
1.15785 2.18166
1.24512 2.18166
1.33238 2.18166
1.41965 2.18166
1.50692 2.18166
1.59418 2.18166
1.68145 2.18166
1.76872 2.18166
1.85598 2.18166
1.94325 2.18166
2.03052 2.18166
2.11778 2.18166
2.20505 2.18166
2.29232 2.18166
2.37958 2.18166
2.46685 2.18166
2.55411 2.18166
2.64138 2.18166
2.72865 2.18166
2.81591 2.18166
2.90318 2.18166
2.99045 2.18166
3.07771 2.18166
-3.11821 2.18166
-3.03094 2.18166
-2.94367 2.18166
-2.85641 2.18166
-2.76914 2.18166
-2.68187 2.18166
-2.59461 2.18166
-2.50734 2.18166
-2.42007 2.18166
-2.33281 2.18166
-2.24554 2.18166
-2.15827 2.18166
-2.07101 2.18166
-1.98374 2.18166
-1.89647 2.18166
-1.80921 2.18166
-1.72194 2.18166
-1.63468 2.18166
-1.54741 2.18166
-1.46014 2.18166
-1.37288 2.18166
-1.28561 2.18166
-1.25 1.0472
-1.16274 1.0472
-1.07547 1.0472
-0.988205 1.0472
-0.900939 1.0472
-0.813672 1.0472
-0.726406 1.0472
-0.63914 1.0472
-0.551873 1.0472
-0.464607 1.0472
-0.37734 1.0472
-0.290074 1.0472
-0.202807 1.0472
-0.115541 1.0472
-0.0282743 1.0472
0.0589921 1.0472
0.146259 1.0472
0.233525 1.0472
0.320792 1.0472
0.408058 1.0472
0.495324 1.0472
0.582591 1.0472
0.669857 1.0472
0.757124 1.0472
0.84439 1.0472
0.931657 1.0472
1.01892 1.0472
1.10619 1.0472
1.19346 1.0472
1.28072 1.0472
1.36799 1.0472
1.45526 1.0472
1.54252 1.0472
1.62979 1.0472
1.71705 1.0472
1.80432 1.0472
1.89159 1.0472
1.97885 1.0472
2.06612 1.0472
2.15339 1.0472
2.24065 1.0472
2.32792 1.0472
2.41519 1.0472
2.50245 1.0472
2.58972 1.0472
2.67699 1.0472
2.76425 1.0472
2.85152 1.0472
2.93879 1.0472
3.02605 1.0472
3.11332 1.0472
-3.0826 1.0472
-2.99533 1.0472
-2.90807 1.0472
-2.8208 1.0472
-2.73353 1.0472
-2.64627 1.0472
-2.559 1.0472
-2.47174 1.0472
-2.38447 1.0472
-2.2972 1.0472
-2.20994 1.0472
-2.12267 1.0472
-2.0354 1.0472
-1.94814 1.0472
-1.86087 1.0472
-1.7736 1.0472
-1.68634 1.0472
-1.59907 1.0472
-1.5118 1.0472
-1.42454 1.0472
-1.33727 1.0472
-1.25 2.0944
-1.16274 2.0944
-1.07547 2.0944
-0.988205 2.0944
-0.900939 2.0944
-0.813672 2.0944
-0.726406 2.0944
-0.63914 2.0944
-0.551873 2.0944
-0.464607 2.0944
-0.37734 2.0944
-0.290074 2.0944
-0.202807 2.0944
-0.115541 2.0944
-0.0282743 2.0944
0.0589921 2.0944
0.146259 2.0944
0.233525 2.0944
0.320792 2.0944
0.408058 2.0944
0.495324 2.0944
0.582591 2.0944
0.669857 2.0944
0.757124 2.0944
0.84439 2.0944
0.931657 2.0944
1.01892 2.0944
1.10619 2.0944
1.19346 2.0944
1.28072 2.0944
1.36799 2.0944
1.45526 2.0944
1.54252 2.0944
1.62979 2.0944
1.71705 2.0944
1.80432 2.0944
1.89159 2.0944
1.97885 2.0944
2.06612 2.0944
2.15339 2.0944
2.24065 2.0944
2.32792 2.0944
2.41519 2.0944
2.50245 2.0944
2.58972 2.0944
2.67699 2.0944
2.76425 2.0944
2.85152 2.0944
2.93879 2.0944
3.02605 2.0944
3.11332 2.0944
-3.0826 2.0944
-2.99533 2.0944
-2.90807 2.0944
-2.8208 2.0944
-2.73353 2.0944
-2.64627 2.0944
-2.559 2.0944
-2.47174 2.0944
-2.38447 2.0944
-2.2972 2.0944
-2.20994 2.0944
-2.12267 2.0944
-2.0354 2.0944
-1.94814 2.0944
-1.86087 2.0944
-1.7736 2.0944
-1.68634 2.0944
-1.59907 2.0944
-1.5118 2.0944
-1.42454 2.0944
-1.33727 2.0944
-1.34722 1.13446
-1.25995 1.13446
-1.17269 1.13446
-1.08542 1.13446
-0.998154 1.13446
-0.910887 1.13446
-0.823621 1.13446
-0.736354 1.13446
-0.649088 1.13446
-0.561821 1.13446
-0.474555 1.13446
-0.387289 1.13446
-0.300022 1.13446
-0.212756 1.13446
-0.125489 1.13446
-0.0382227 1.13446
0.0490438 1.13446
0.13631 1.13446
0.223577 1.13446
0.310843 1.13446
0.39811 1.13446
0.485376 1.13446
0.572643 1.13446
0.659909 1.13446
0.747175 1.13446
0.834442 1.13446
0.921708 1.13446
1.00897 1.13446
1.09624 1.13446
1.18351 1.13446
1.27077 1.13446
1.35804 1.13446
1.44531 1.13446
1.53257 1.13446
1.61984 1.13446
1.70711 1.13446
1.79437 1.13446
1.88164 1.13446
1.96891 1.13446
2.05617 1.13446
2.14344 1.13446
2.23071 1.13446
2.31797 1.13446
2.40524 1.13446
2.4925 1.13446
2.57977 1.13446
2.66704 1.13446
2.7543 1.13446
2.84157 1.13446
2.92884 1.13446
3.0161 1.13446
3.10337 1.13446
-3.09255 1.13446
-3.00528 1.13446
-2.91802 1.13446
-2.83075 1.13446
-2.74348 1.13446
-2.65622 1.13446
-2.56895 1.13446
-2.48168 1.13446
-2.39442 1.13446
-2.30715 1.13446
-2.21988 1.13446
-2.13262 1.13446
-2.04535 1.13446
-1.95808 1.13446
-1.87082 1.13446
-1.78355 1.13446
-1.69629 1.13446
-1.60902 1.13446
-1.52175 1.13446
-1.43449 1.13446
-1.34722 2.00713
-1.25995 2.00713
-1.17269 2.00713
-1.08542 2.00713
-0.998154 2.00713
-0.910887 2.00713
-0.823621 2.00713
-0.736354 2.00713
-0.649088 2.00713
-0.561821 2.00713
-0.474555 2.00713
-0.387289 2.00713
-0.300022 2.00713
-0.212756 2.00713
-0.125489 2.00713
-0.0382227 2.00713
0.0490438 2.00713
0.13631 2.00713
0.223577 2.00713
0.310843 2.00713
0.39811 2.00713
0.485376 2.00713
0.572643 2.00713
0.659909 2.00713
0.747175 2.00713
0.834442 2.00713
0.921708 2.00713
1.00897 2.00713
1.09624 2.00713
1.18351 2.00713
1.27077 2.00713
1.35804 2.00713
1.44531 2.00713
1.53257 2.00713
1.61984 2.00713
1.70711 2.00713
1.79437 2.00713
1.88164 2.00713
1.96891 2.00713
2.05617 2.00713
2.14344 2.00713
2.23071 2.00713
2.31797 2.00713
2.40524 2.00713
2.4925 2.00713
2.57977 2.00713
2.66704 2.00713
2.7543 2.00713
2.84157 2.00713
2.92884 2.00713
3.0161 2.00713
3.10337 2.00713
-3.09255 2.00713
-3.00528 2.00713
-2.91802 2.00713
-2.83075 2.00713
-2.74348 2.00713
-2.65622 2.00713
-2.56895 2.00713
-2.48168 2.00713
-2.39442 2.00713
-2.30715 2.00713
-2.21988 2.00713
-2.13262 2.00713
-2.04535 2.00713
-1.95808 2.00713
-1.87082 2.00713
-1.78355 2.00713
-1.69629 2.00713
-1.60902 2.00713
-1.52175 2.00713
-1.43449 2.00713
-1.39347 1.22173
-1.3062 1.22173
-1.21894 1.22173
-1.13167 1.22173
-1.04441 1.22173
-0.957139 1.22173
-0.869872 1.22173
-0.782606 1.22173
-0.695339 1.22173
-0.608073 1.22173
-0.520806 1.22173
-0.43354 1.22173
-0.346273 1.22173
-0.259007 1.22173
-0.17174 1.22173
-0.0844739 1.22173
0.00279253 1.22173
0.090059 1.22173
0.177325 1.22173
0.264592 1.22173
0.351858 1.22173
0.439125 1.22173
0.526391 1.22173
0.613658 1.22173
0.700924 1.22173
0.788191 1.22173
0.875457 1.22173
0.962724 1.22173
1.04999 1.22173
1.13726 1.22173
1.22452 1.22173
1.31179 1.22173
1.39906 1.22173
1.48632 1.22173
1.57359 1.22173
1.66086 1.22173
1.74812 1.22173
1.83539 1.22173
1.92265 1.22173
2.00992 1.22173
2.09719 1.22173
2.18445 1.22173
2.27172 1.22173
2.35899 1.22173
2.44625 1.22173
2.53352 1.22173
2.62079 1.22173
2.70805 1.22173
2.79532 1.22173
2.88259 1.22173
2.96985 1.22173
3.05712 1.22173
-3.1388 1.22173
-3.05153 1.22173
-2.96427 1.22173
-2.877 1.22173
-2.78973 1.22173
-2.70247 1.22173
-2.6152 1.22173
-2.52793 1.22173
-2.44067 1.22173
-2.3534 1.22173
-2.26614 1.22173
-2.17887 1.22173
-2.0916 1.22173
-2.00434 1.22173
-1.91707 1.22173
-1.8298 1.22173
-1.74254 1.22173
-1.65527 1.22173
-1.568 1.22173
-1.48074 1.22173
-1.39347 1.91986
-1.3062 1.91986
-1.21894 1.91986
-1.13167 1.91986
-1.04441 1.91986
-0.957139 1.91986
-0.869872 1.91986
-0.782606 1.91986
-0.695339 1.91986
-0.608073 1.91986
-0.520806 1.91986
-0.43354 1.91986
-0.346273 1.91986
-0.259007 1.91986
-0.17174 1.91986
-0.0844739 1.91986
0.00279253 1.91986
0.090059 1.91986
0.177325 1.91986
0.264592 1.91986
0.351858 1.91986
0.439125 1.91986
0.526391 1.91986
0.613658 1.91986
0.700924 1.91986
0.788191 1.91986
0.875457 1.91986
0.962724 1.91986
1.04999 1.91986
1.13726 1.91986
1.22452 1.91986
1.31179 1.91986
1.39906 1.91986
1.48632 1.91986
1.57359 1.91986
1.66086 1.91986
1.74812 1.91986
1.83539 1.91986
1.92265 1.91986
2.00992 1.91986
2.09719 1.91986
2.18445 1.91986
2.27172 1.91986
2.35899 1.91986
2.44625 1.91986
2.53352 1.91986
2.62079 1.91986
2.70805 1.91986
2.79532 1.91986
2.88259 1.91986
2.96985 1.91986
3.05712 1.91986
-3.1388 1.91986
-3.05153 1.91986
-2.96427 1.91986
-2.877 1.91986
-2.78973 1.91986
-2.70247 1.91986
-2.6152 1.91986
-2.52793 1.91986
-2.44067 1.91986
-2.3534 1.91986
-2.26614 1.91986
-2.17887 1.91986
-2.0916 1.91986
-2.00434 1.91986
-1.91707 1.91986
-1.8298 1.91986
-1.74254 1.91986
-1.65527 1.91986
-1.568 1.91986
-1.48074 1.91986
-1.43867 1.309
-1.35141 1.309
-1.26414 1.309
-1.17688 1.309
-1.08961 1.309
-1.00234 1.309
-0.915076 1.309
-0.82781 1.309
-0.740543 1.309
-0.653277 1.309
-0.56601 1.309
-0.478744 1.309
-0.391477 1.309
-0.304211 1.309
-0.216944 1.309
-0.129678 1.309
-0.0424115 1.309
0.044855 1.309
0.132121 1.309
0.219388 1.309
0.306654 1.309
0.393921 1.309
0.481187 1.309
0.568454 1.309
0.65572 1.309
0.742987 1.309
0.830253 1.309
0.91752 1.309
1.00479 1.309
1.09205 1.309
1.17932 1.309
1.26659 1.309
1.35385 1.309
1.44112 1.309
1.52838 1.309
1.61565 1.309
1.70292 1.309
1.79018 1.309
1.87745 1.309
1.96472 1.309
2.05198 1.309
2.13925 1.309
2.22652 1.309
2.31378 1.309
2.40105 1.309
2.48832 1.309
2.57558 1.309
2.66285 1.309
2.75012 1.309
2.83738 1.309
2.92465 1.309
3.01191 1.309
3.09918 1.309
-3.09674 1.309
-3.00947 1.309
-2.9222 1.309
-2.83494 1.309
-2.74767 1.309
-2.66041 1.309
-2.57314 1.309
-2.48587 1.309
-2.39861 1.309
-2.31134 1.309
-2.22407 1.309
-2.13681 1.309
-2.04954 1.309
-1.96227 1.309
-1.87501 1.309
-1.78774 1.309
-1.70047 1.309
-1.61321 1.309
-1.52594 1.309
-1.43867 1.8326
-1.35141 1.8326
-1.26414 1.8326
-1.17688 1.8326
-1.08961 1.8326
-1.00234 1.8326
-0.915076 1.8326
-0.82781 1.8326
-0.740543 1.8326
-0.653277 1.8326
-0.56601 1.8326
-0.478744 1.8326
-0.391477 1.8326
-0.304211 1.8326
-0.216944 1.8326
-0.129678 1.8326
-0.0424115 1.8326
0.044855 1.8326
0.132121 1.8326
0.219388 1.8326
0.306654 1.8326
0.393921 1.8326
0.481187 1.8326
0.568454 1.8326
0.65572 1.8326
0.742987 1.8326
0.830253 1.8326
0.91752 1.8326
1.00479 1.8326
1.09205 1.8326
1.17932 1.8326
1.26659 1.8326
1.35385 1.8326
1.44112 1.8326
1.52838 1.8326
1.61565 1.8326
1.70292 1.8326
1.79018 1.8326
1.87745 1.8326
1.96472 1.8326
2.05198 1.8326
2.13925 1.8326
2.22652 1.8326
2.31378 1.8326
2.40105 1.8326
2.48832 1.8326
2.57558 1.8326
2.66285 1.8326
2.75012 1.8326
2.83738 1.8326
2.92465 1.8326
3.01191 1.8326
3.09918 1.8326
-3.09674 1.8326
-3.00947 1.8326
-2.9222 1.8326
-2.83494 1.8326
-2.74767 1.8326
-2.66041 1.8326
-2.57314 1.8326
-2.48587 1.8326
-2.39861 1.8326
-2.31134 1.8326
-2.22407 1.8326
-2.13681 1.8326
-2.04954 1.8326
-1.96227 1.8326
-1.87501 1.8326
-1.78774 1.8326
-1.70047 1.8326
-1.61321 1.8326
-1.52594 1.8326
-1.48318 1.39626
-1.39591 1.39626
-1.30865 1.39626
-1.22138 1.39626
-1.13411 1.39626
-1.04685 1.39626
-0.959582 1.39626
-0.872316 1.39626
-0.785049 1.39626
-0.697783 1.39626
-0.610516 1.39626
-0.52325 1.39626
-0.435983 1.39626
-0.348717 1.39626
-0.26145 1.39626
-0.174184 1.39626
-0.0869174 1.39626
0.000349066 1.39626
0.0876155 1.39626
0.174882 1.39626
0.262148 1.39626
0.349415 1.39626
0.436681 1.39626
0.523948 1.39626
0.611214 1.39626
0.698481 1.39626
0.785747 1.39626
0.873014 1.39626
0.96028 1.39626
1.04755 1.39626
1.13481 1.39626
1.22208 1.39626
1.30935 1.39626
1.39661 1.39626
1.48388 1.39626
1.57115 1.39626
1.65841 1.39626
1.74568 1.39626
1.83294 1.39626
1.92021 1.39626
2.00748 1.39626
2.09474 1.39626
2.18201 1.39626
2.26928 1.39626
2.35654 1.39626
2.44381 1.39626
2.53108 1.39626
2.61834 1.39626
2.70561 1.39626
2.79288 1.39626
2.88014 1.39626
2.96741 1.39626
3.05468 1.39626
-3.14124 1.39626
-3.05398 1.39626
-2.96671 1.39626
-2.87944 1.39626
-2.79218 1.39626
-2.70491 1.39626
-2.61764 1.39626
-2.53038 1.39626
-2.44311 1.39626
-2.35585 1.39626
-2.26858 1.39626
-2.18131 1.39626
-2.09405 1.39626
-2.00678 1.39626
-1.91951 1.39626
-1.83225 1.39626
-1.74498 1.39626
-1.65771 1.39626
-1.57045 1.39626
-1.48318 1.74533
-1.39591 1.74533
-1.30865 1.74533
-1.22138 1.74533
-1.13411 1.74533
-1.04685 1.74533
-0.959582 1.74533
-0.872316 1.74533
-0.785049 1.74533
-0.697783 1.74533
-0.610516 1.74533
-0.52325 1.74533
-0.435983 1.74533
-0.348717 1.74533
-0.26145 1.74533
-0.174184 1.74533
-0.0869174 1.74533
0.000349066 1.74533
0.0876155 1.74533
0.174882 1.74533
0.262148 1.74533
0.349415 1.74533
0.436681 1.74533
0.523948 1.74533
0.611214 1.74533
0.698481 1.74533
0.785747 1.74533
0.873014 1.74533
0.96028 1.74533
1.04755 1.74533
1.13481 1.74533
1.22208 1.74533
1.30935 1.74533
1.39661 1.74533
1.48388 1.74533
1.57115 1.74533
1.65841 1.74533
1.74568 1.74533
1.83294 1.74533
1.92021 1.74533
2.00748 1.74533
2.09474 1.74533
2.18201 1.74533
2.26928 1.74533
2.35654 1.74533
2.44381 1.74533
2.53108 1.74533
2.61834 1.74533
2.70561 1.74533
2.79288 1.74533
2.88014 1.74533
2.96741 1.74533
3.05468 1.74533
-3.14124 1.74533
-3.05398 1.74533
-2.96671 1.74533
-2.87944 1.74533
-2.79218 1.74533
-2.70491 1.74533
-2.61764 1.74533
-2.53038 1.74533
-2.44311 1.74533
-2.35585 1.74533
-2.26858 1.74533
-2.18131 1.74533
-2.09405 1.74533
-2.00678 1.74533
-1.91951 1.74533
-1.83225 1.74533
-1.74498 1.74533
-1.65771 1.74533
-1.57045 1.74533
-1.52716 1.48353
-1.4399 1.48353
-1.35263 1.48353
-1.26536 1.48353
-1.1781 1.48353
-1.09083 1.48353
-1.00356 1.48353
-0.916298 1.48353
-0.829031 1.48353
-0.741765 1.48353
-0.654498 1.48353
-0.567232 1.48353
-0.479966 1.48353
-0.392699 1.48353
-0.305433 1.48353
-0.218166 1.48353
-0.1309 1.48353
-0.0436332 1.48353
0.0436332 1.48353
0.1309 1.48353
0.218166 1.48353
0.305433 1.48353
0.392699 1.48353
0.479966 1.48353
0.567232 1.48353
0.654498 1.48353
0.741765 1.48353
0.829031 1.48353
0.916298 1.48353
1.00356 1.48353
1.09083 1.48353
1.1781 1.48353
1.26536 1.48353
1.35263 1.48353
1.4399 1.48353
1.52716 1.48353
1.61443 1.48353
1.7017 1.48353
1.78896 1.48353
1.87623 1.48353
1.9635 1.48353
2.05076 1.48353
2.13803 1.48353
2.22529 1.48353
2.31256 1.48353
2.39983 1.48353
2.48709 1.48353
2.57436 1.48353
2.66163 1.48353
2.74889 1.48353
2.83616 1.48353
2.92343 1.48353
3.01069 1.48353
3.09796 1.48353
-3.09796 1.48353
-3.01069 1.48353
-2.92343 1.48353
-2.83616 1.48353
-2.74889 1.48353
-2.66163 1.48353
-2.57436 1.48353
-2.48709 1.48353
-2.39983 1.48353
-2.31256 1.48353
-2.22529 1.48353
-2.13803 1.48353
-2.05076 1.48353
-1.9635 1.48353
-1.87623 1.48353
-1.78896 1.48353
-1.7017 1.48353
-1.61443 1.48353
-1.52716 1.65806
-1.4399 1.65806
-1.35263 1.65806
-1.26536 1.65806
-1.1781 1.65806
-1.09083 1.65806
-1.00356 1.65806
-0.916298 1.65806
-0.829031 1.65806
-0.741765 1.65806
-0.654498 1.65806
-0.567232 1.65806
-0.479966 1.65806
-0.392699 1.65806
-0.305433 1.65806
-0.218166 1.65806
-0.1309 1.65806
-0.0436332 1.65806
0.0436332 1.65806
0.1309 1.65806
0.218166 1.65806
0.305433 1.65806
0.392699 1.65806
0.479966 1.65806
0.567232 1.65806
0.654498 1.65806
0.741765 1.65806
0.829031 1.65806
0.916298 1.65806
1.00356 1.65806
1.09083 1.65806
1.1781 1.65806
1.26536 1.65806
1.35263 1.65806
1.4399 1.65806
1.52716 1.65806
1.61443 1.65806
1.7017 1.65806
1.78896 1.65806
1.87623 1.65806
1.9635 1.65806
2.05076 1.65806
2.13803 1.65806
2.22529 1.65806
2.31256 1.65806
2.39983 1.65806
2.48709 1.65806
2.57436 1.65806
2.66163 1.65806
2.74889 1.65806
2.83616 1.65806
2.92343 1.65806
3.01069 1.65806
3.09796 1.65806
-3.09796 1.65806
-3.01069 1.65806
-2.92343 1.65806
-2.83616 1.65806
-2.74889 1.65806
-2.66163 1.65806
-2.57436 1.65806
-2.48709 1.65806
-2.39983 1.65806
-2.31256 1.65806
-2.22529 1.65806
-2.13803 1.65806
-2.05076 1.65806
-1.9635 1.65806
-1.87623 1.65806
-1.78896 1.65806
-1.7017 1.65806
-1.61443 1.65806
-1.5708 1.5708
-1.48353 1.5708
-1.39626 1.5708
-1.309 1.5708
-1.22173 1.5708
-1.13446 1.5708
-1.0472 1.5708
-0.959931 1.5708
-0.872665 1.5708
-0.785398 1.5708
-0.698132 1.5708
-0.610865 1.5708
-0.523599 1.5708
-0.436332 1.5708
-0.349066 1.5708
-0.261799 1.5708
-0.174533 1.5708
-0.0872665 1.5708
-2.72934e-16 1.5708
0.0872665 1.5708
0.174533 1.5708
0.261799 1.5708
0.349066 1.5708
0.436332 1.5708
0.523599 1.5708
0.610865 1.5708
0.698132 1.5708
0.785398 1.5708
0.872665 1.5708
0.959931 1.5708
1.0472 1.5708
1.13446 1.5708
1.22173 1.5708
1.309 1.5708
1.39626 1.5708
1.48353 1.5708
1.5708 1.5708
1.65806 1.5708
1.74533 1.5708
1.8326 1.5708
1.91986 1.5708
2.00713 1.5708
2.0944 1.5708
2.18166 1.5708
2.26893 1.5708
2.35619 1.5708
2.44346 1.5708
2.53073 1.5708
2.61799 1.5708
2.70526 1.5708
2.79253 1.5708
2.87979 1.5708
2.96706 1.5708
3.05433 1.5708
-3.14159 1.5708
-3.05433 1.5708
-2.96706 1.5708
-2.87979 1.5708
-2.79253 1.5708
-2.70526 1.5708
-2.61799 1.5708
-2.53073 1.5708
-2.44346 1.5708
-2.35619 1.5708
-2.26893 1.5708
-2.18166 1.5708
-2.0944 1.5708
-2.00713 1.5708
-1.91986 1.5708
-1.8326 1.5708
-1.74533 1.5708
-1.65806 1.5708
