Polefigures
# This file was automatically generated by calculateX.
# grid_type: 0 (equidistant)
# h_phi_count: 6 h_theta_count: 6

-3.14159 0
-2.0944 0
-1.0472 0
0 0
1.0472 0
2.0944 0
-3.14159 0.628319
-2.0944 0.628319
-1.0472 0.628319
0 0.628319
1.0472 0.628319
2.0944 0.628319
-3.14159 1.25664
-2.0944 1.25664
-1.0472 1.25664
0 1.25664
1.0472 1.25664
2.0944 1.25664
-3.14159 1.88496
-2.0944 1.88496
-1.0472 1.88496
0 1.88496
1.0472 1.88496
2.0944 1.88496
-3.14159 2.51327
-2.0944 2.51327
-1.0472 2.51327
0 2.51327
1.0472 2.51327
2.0944 2.51327
-3.14159 3.14159
-2.0944 3.14159
-1.0472 3.14159
0 3.14159
1.0472 3.14159
2.0944 3.14159
