36
1.0472 2.5876
-3.14159 2.5876
-1.0472 2.5876
2.0944 0.55398
-2.0944 0.55398
9.7972e-17 0.55398
0.5236 1.5708
2.618 1.5708
-1.5708 1.5708
2.618 1.5708
-1.5708 1.5708
0.5236 1.5708
0.5236 2.0074
2.618 2.0074
-1.5708 2.0074
2.618 1.1342
-1.5708 1.1342
0.5236 1.1342
-1.4118e-16 1.9549
2.0944 1.9549
-2.0944 1.9549
-3.14159 1.1867
-1.0472 1.1867
1.0472 1.1867
1.0472 1.5708
3.14159 1.5708
-1.0472 1.5708
2.0944 1.5708
-2.0944 1.5708
-2.4493e-16 1.5708
0.5236 2.3217
2.618 2.3217
-1.5708 2.3217
2.618 0.81987
-1.5708 0.81987
0.5236 0.81987
