   0.0000000e+00   3.1415927e+00
   1.9634954e-01   0.0000000e+00
   1.9634954e-01   1.0471976e+00
   1.9634954e-01   2.0943951e+00
   1.9634954e-01   3.1415927e+00
   1.9634954e-01   4.1887902e+00
   1.9634954e-01   5.2359878e+00
   3.9269908e-01   2.6179939e-01
   3.9269908e-01   7.8539816e-01
   3.9269908e-01   1.3089969e+00
   3.9269908e-01   1.8325957e+00
   3.9269908e-01   2.3561945e+00
   3.9269908e-01   2.8797933e+00
   3.9269908e-01   3.4033920e+00
   3.9269908e-01   3.9269908e+00
   3.9269908e-01   4.4505896e+00
   3.9269908e-01   4.9741884e+00
   3.9269908e-01   5.4977871e+00
   3.9269908e-01   6.0213859e+00
   5.8904862e-01   0.0000000e+00
   5.8904862e-01   3.4906585e-01
   5.8904862e-01   6.9813170e-01
   5.8904862e-01   1.0471976e+00
   5.8904862e-01   1.3962634e+00
   5.8904862e-01   1.7453293e+00
   5.8904862e-01   2.0943951e+00
   5.8904862e-01   2.4434610e+00
   5.8904862e-01   2.7925268e+00
   5.8904862e-01   3.1415927e+00
   5.8904862e-01   3.4906585e+00
   5.8904862e-01   3.8397244e+00
   5.8904862e-01   4.1887902e+00
   5.8904862e-01   4.5378561e+00
   5.8904862e-01   4.8869219e+00
   5.8904862e-01   5.2359878e+00
   5.8904862e-01   5.5850536e+00
   5.8904862e-01   5.9341195e+00
   7.8539816e-01   1.3659098e-01
   7.8539816e-01   4.0977295e-01
   7.8539816e-01   6.8295492e-01
   7.8539816e-01   9.5613689e-01
   7.8539816e-01   1.2293189e+00
   7.8539816e-01   1.5025008e+00
   7.8539816e-01   1.7756828e+00
   7.8539816e-01   2.0488648e+00
   7.8539816e-01   2.3220467e+00
   7.8539816e-01   2.5952287e+00
   7.8539816e-01   2.8684107e+00
   7.8539816e-01   3.1415927e+00
   7.8539816e-01   3.4147746e+00
   7.8539816e-01   3.6879566e+00
   7.8539816e-01   3.9611386e+00
   7.8539816e-01   4.2343205e+00
   7.8539816e-01   4.5075025e+00
   7.8539816e-01   4.7806845e+00
   7.8539816e-01   5.0538664e+00
   7.8539816e-01   5.3270484e+00
   7.8539816e-01   5.6002304e+00
   7.8539816e-01   5.8734124e+00
   7.8539816e-01   6.1465943e+00
   9.8174770e-01   0.0000000e+00
   9.8174770e-01   2.3271057e-01
   9.8174770e-01   4.6542113e-01
   9.8174770e-01   6.9813170e-01
   9.8174770e-01   9.3084227e-01
   9.8174770e-01   1.1635528e+00
   9.8174770e-01   1.3962634e+00
   9.8174770e-01   1.6289740e+00
   9.8174770e-01   1.8616845e+00
   9.8174770e-01   2.0943951e+00
   9.8174770e-01   2.3271057e+00
   9.8174770e-01   2.5598162e+00
   9.8174770e-01   2.7925268e+00
   9.8174770e-01   3.0252374e+00
   9.8174770e-01   3.2579479e+00
   9.8174770e-01   3.4906585e+00
   9.8174770e-01   3.7233691e+00
   9.8174770e-01   3.9560796e+00
   9.8174770e-01   4.1887902e+00
   9.8174770e-01   4.4215008e+00
   9.8174770e-01   4.6542113e+00
   9.8174770e-01   4.8869219e+00
   9.8174770e-01   5.1196325e+00
   9.8174770e-01   5.3523430e+00
   9.8174770e-01   5.5850536e+00
   9.8174770e-01   5.8177642e+00
   9.8174770e-01   6.0504747e+00
   1.1780972e+00   1.0471976e-01
   1.1780972e+00   3.1415927e-01
   1.1780972e+00   5.2359878e-01
   1.1780972e+00   7.3303829e-01
   1.1780972e+00   9.4247780e-01
   1.1780972e+00   1.1519173e+00
   1.1780972e+00   1.3613568e+00
   1.1780972e+00   1.5707963e+00
   1.1780972e+00   1.7802358e+00
   1.1780972e+00   1.9896753e+00
   1.1780972e+00   2.1991149e+00
   1.1780972e+00   2.4085544e+00
   1.1780972e+00   2.6179939e+00
   1.1780972e+00   2.8274334e+00
   1.1780972e+00   3.0368729e+00
   1.1780972e+00   3.2463124e+00
   1.1780972e+00   3.4557519e+00
   1.1780972e+00   3.6651914e+00
   1.1780972e+00   3.8746309e+00
   1.1780972e+00   4.0840704e+00
   1.1780972e+00   4.2935100e+00
   1.1780972e+00   4.5029495e+00
   1.1780972e+00   4.7123890e+00
   1.1780972e+00   4.9218285e+00
   1.1780972e+00   5.1312680e+00
   1.1780972e+00   5.3407075e+00
   1.1780972e+00   5.5501470e+00
   1.1780972e+00   5.7595865e+00
   1.1780972e+00   5.9690260e+00
   1.1780972e+00   6.1784656e+00
   1.3744468e+00   0.0000000e+00
   1.3744468e+00   2.0268340e-01
   1.3744468e+00   4.0536679e-01
   1.3744468e+00   6.0805019e-01
   1.3744468e+00   8.1073359e-01
   1.3744468e+00   1.0134170e+00
   1.3744468e+00   1.2161004e+00
   1.3744468e+00   1.4187838e+00
   1.3744468e+00   1.6214672e+00
   1.3744468e+00   1.8241506e+00
   1.3744468e+00   2.0268340e+00
   1.3744468e+00   2.2295174e+00
   1.3744468e+00   2.4322008e+00
   1.3744468e+00   2.6348842e+00
   1.3744468e+00   2.8375676e+00
   1.3744468e+00   3.0402510e+00
   1.3744468e+00   3.2429344e+00
   1.3744468e+00   3.4456177e+00
   1.3744468e+00   3.6483011e+00
   1.3744468e+00   3.8509845e+00
   1.3744468e+00   4.0536679e+00
   1.3744468e+00   4.2563513e+00
   1.3744468e+00   4.4590347e+00
   1.3744468e+00   4.6617181e+00
   1.3744468e+00   4.8644015e+00
   1.3744468e+00   5.0670849e+00
   1.3744468e+00   5.2697683e+00
   1.3744468e+00   5.4724517e+00
   1.3744468e+00   5.6751351e+00
   1.3744468e+00   5.8778185e+00
   1.3744468e+00   6.0805019e+00
   1.5707963e+00   9.8174770e-02
   1.5707963e+00   2.9452431e-01
   1.5707963e+00   4.9087385e-01
   1.5707963e+00   6.8722339e-01
   1.5707963e+00   8.8357293e-01
   1.5707963e+00   1.0799225e+00
   1.5707963e+00   1.2762720e+00
   1.5707963e+00   1.4726216e+00
   1.5707963e+00   1.6689711e+00
   1.5707963e+00   1.8653206e+00
   1.5707963e+00   2.0616702e+00
   1.5707963e+00   2.2580197e+00
   1.5707963e+00   2.4543693e+00
   1.5707963e+00   2.6507188e+00
   1.5707963e+00   2.8470683e+00
   1.5707963e+00   3.0434179e+00
