   1.5707963e+00   1.0471976e+00
   1.5707963e+00   3.1415927e+00
   1.5707963e+00  -1.0471976e+00
   2.2845207e+00   1.0471976e+00
   2.2845207e+00   3.1415927e+00
   2.2845207e+00  -1.0471976e+00
   1.5707963e+00   5.2359878e-01
   1.5707963e+00   2.6179939e+00
   1.5707963e+00  -1.5707963e+00
   2.0344439e+00   5.2359878e-01
   2.0344439e+00   2.6179939e+00
   2.0344439e+00  -1.5707963e+00
   1.1071487e+00   2.6179939e+00
   1.1071487e+00  -1.5707963e+00
   1.1071487e+00   5.2359878e-01
   2.6179939e+00  -1.1102230e-16
   2.6179939e+00   2.0943951e+00
   2.6179939e+00  -2.0943951e+00
   3.1415927e+00  -1.5097355e-16
