   1.5707963e+00   3.1415927e+00
   1.5707963e+00  -2.4492936e-16
   1.5707963e+00   3.1415927e+00
   1.5707963e+00  -2.4492936e-16
   1.5707963e+00   1.5707963e+00
   1.5707963e+00  -1.5707963e+00
   1.5707963e+00  -1.5707963e+00
   1.5707963e+00   1.5707963e+00
   3.1415927e+00   1.5707963e+00
   3.1415927e+00  -1.5707963e+00
   0.0000000e+00  -1.5707963e+00
   0.0000000e+00   1.5707963e+00
   1.5707963e+00   2.3561945e+00
   1.5707963e+00  -7.8539816e-01
   1.5707963e+00  -2.3561945e+00
   1.5707963e+00   7.8539816e-01
   2.3561945e+00   3.1415927e+00
   2.3561945e+00  -3.6739404e-16
   7.8539816e-01  -3.1415927e+00
   7.8539816e-01  -7.3467041e-48
   2.3561945e+00   1.5707963e+00
   2.3561945e+00  -1.5707963e+00
   7.8539816e-01  -1.5707963e+00
   7.8539816e-01   1.5707963e+00
   2.1862760e+00   2.3561945e+00
   2.1862760e+00  -7.8539816e-01
   9.5531662e-01  -2.3561945e+00
   9.5531662e-01   7.8539816e-01
