   0.0000000e+00   3.1415927e+00
   1.4279967e-01   0.0000000e+00
   1.4279967e-01   1.0471976e+00
   1.4279967e-01   2.0943951e+00
   1.4279967e-01   3.1415927e+00
   1.4279967e-01   4.1887902e+00
   1.4279967e-01   5.2359878e+00
   2.8559933e-01   2.6179939e-01
   2.8559933e-01   7.8539816e-01
   2.8559933e-01   1.3089969e+00
   2.8559933e-01   1.8325957e+00
   2.8559933e-01   2.3561945e+00
   2.8559933e-01   2.8797933e+00
   2.8559933e-01   3.4033920e+00
   2.8559933e-01   3.9269908e+00
   2.8559933e-01   4.4505896e+00
   2.8559933e-01   4.9741884e+00
   2.8559933e-01   5.4977871e+00
   2.8559933e-01   6.0213859e+00
   4.2839900e-01   0.0000000e+00
   4.2839900e-01   3.4906585e-01
   4.2839900e-01   6.9813170e-01
   4.2839900e-01   1.0471976e+00
   4.2839900e-01   1.3962634e+00
   4.2839900e-01   1.7453293e+00
   4.2839900e-01   2.0943951e+00
   4.2839900e-01   2.4434610e+00
   4.2839900e-01   2.7925268e+00
   4.2839900e-01   3.1415927e+00
   4.2839900e-01   3.4906585e+00
   4.2839900e-01   3.8397244e+00
   4.2839900e-01   4.1887902e+00
   4.2839900e-01   4.5378561e+00
   4.2839900e-01   4.8869219e+00
   4.2839900e-01   5.2359878e+00
   4.2839900e-01   5.5850536e+00
   4.2839900e-01   5.9341195e+00
   5.7119866e-01   1.3089969e-01
   5.7119866e-01   3.9269908e-01
   5.7119866e-01   6.5449847e-01
   5.7119866e-01   9.1629786e-01
   5.7119866e-01   1.1780972e+00
   5.7119866e-01   1.4398966e+00
   5.7119866e-01   1.7016960e+00
   5.7119866e-01   1.9634954e+00
   5.7119866e-01   2.2252948e+00
   5.7119866e-01   2.4870942e+00
   5.7119866e-01   2.7488936e+00
   5.7119866e-01   3.0106930e+00
   5.7119866e-01   3.2724923e+00
   5.7119866e-01   3.5342917e+00
   5.7119866e-01   3.7960911e+00
   5.7119866e-01   4.0578905e+00
   5.7119866e-01   4.3196899e+00
   5.7119866e-01   4.5814893e+00
   5.7119866e-01   4.8432887e+00
   5.7119866e-01   5.1050881e+00
   5.7119866e-01   5.3668874e+00
   5.7119866e-01   5.6286868e+00
   5.7119866e-01   5.8904862e+00
   5.7119866e-01   6.1522856e+00
   7.1399833e-01   0.0000000e+00
   7.1399833e-01   2.1666156e-01
   7.1399833e-01   4.3332312e-01
   7.1399833e-01   6.4998469e-01
   7.1399833e-01   8.6664625e-01
   7.1399833e-01   1.0833078e+00
   7.1399833e-01   1.2999694e+00
   7.1399833e-01   1.5166309e+00
   7.1399833e-01   1.7332925e+00
   7.1399833e-01   1.9499541e+00
   7.1399833e-01   2.1666156e+00
   7.1399833e-01   2.3832772e+00
   7.1399833e-01   2.5999387e+00
   7.1399833e-01   2.8166003e+00
   7.1399833e-01   3.0332619e+00
   7.1399833e-01   3.2499234e+00
   7.1399833e-01   3.4665850e+00
   7.1399833e-01   3.6832466e+00
   7.1399833e-01   3.8999081e+00
   7.1399833e-01   4.1165697e+00
   7.1399833e-01   4.3332312e+00
   7.1399833e-01   4.5498928e+00
   7.1399833e-01   4.7665544e+00
   7.1399833e-01   4.9832159e+00
   7.1399833e-01   5.1998775e+00
   7.1399833e-01   5.4165391e+00
   7.1399833e-01   5.6332006e+00
   7.1399833e-01   5.8498622e+00
   7.1399833e-01   6.0665237e+00
   8.5679800e-01   9.5199777e-02
   8.5679800e-01   2.8559933e-01
   8.5679800e-01   4.7599889e-01
   8.5679800e-01   6.6639844e-01
   8.5679800e-01   8.5679800e-01
   8.5679800e-01   1.0471976e+00
   8.5679800e-01   1.2375971e+00
   8.5679800e-01   1.4279967e+00
   8.5679800e-01   1.6183962e+00
   8.5679800e-01   1.8087958e+00
   8.5679800e-01   1.9991953e+00
   8.5679800e-01   2.1895949e+00
   8.5679800e-01   2.3799944e+00
   8.5679800e-01   2.5703940e+00
   8.5679800e-01   2.7607935e+00
   8.5679800e-01   2.9511931e+00
   8.5679800e-01   3.1415927e+00
   8.5679800e-01   3.3319922e+00
   8.5679800e-01   3.5223918e+00
   8.5679800e-01   3.7127913e+00
   8.5679800e-01   3.9031909e+00
   8.5679800e-01   4.0935904e+00
   8.5679800e-01   4.2839900e+00
   8.5679800e-01   4.4743895e+00
   8.5679800e-01   4.6647891e+00
   8.5679800e-01   4.8551886e+00
   8.5679800e-01   5.0455882e+00
   8.5679800e-01   5.2359878e+00
   8.5679800e-01   5.4263873e+00
   8.5679800e-01   5.6167869e+00
   8.5679800e-01   5.8071864e+00
   8.5679800e-01   5.9975860e+00
   8.5679800e-01   6.1879855e+00
   9.9959766e-01   0.0000000e+00
   9.9959766e-01   1.6981582e-01
   9.9959766e-01   3.3963164e-01
   9.9959766e-01   5.0944746e-01
   9.9959766e-01   6.7926328e-01
   9.9959766e-01   8.4907910e-01
   9.9959766e-01   1.0188949e+00
   9.9959766e-01   1.1887107e+00
   9.9959766e-01   1.3585266e+00
   9.9959766e-01   1.5283424e+00
   9.9959766e-01   1.6981582e+00
   9.9959766e-01   1.8679740e+00
   9.9959766e-01   2.0377898e+00
   9.9959766e-01   2.2076056e+00
   9.9959766e-01   2.3774215e+00
   9.9959766e-01   2.5472373e+00
   9.9959766e-01   2.7170531e+00
   9.9959766e-01   2.8868689e+00
   9.9959766e-01   3.0566847e+00
   9.9959766e-01   3.2265006e+00
   9.9959766e-01   3.3963164e+00
   9.9959766e-01   3.5661322e+00
   9.9959766e-01   3.7359480e+00
   9.9959766e-01   3.9057638e+00
   9.9959766e-01   4.0755797e+00
   9.9959766e-01   4.2453955e+00
   9.9959766e-01   4.4152113e+00
   9.9959766e-01   4.5850271e+00
   9.9959766e-01   4.7548429e+00
   9.9959766e-01   4.9246588e+00
   9.9959766e-01   5.0944746e+00
   9.9959766e-01   5.2642904e+00
   9.9959766e-01   5.4341062e+00
   9.9959766e-01   5.6039220e+00
   9.9959766e-01   5.7737378e+00
   9.9959766e-01   5.9435537e+00
   9.9959766e-01   6.1133695e+00
   1.1423973e+00   7.8539816e-02
   1.1423973e+00   2.3561945e-01
   1.1423973e+00   3.9269908e-01
   1.1423973e+00   5.4977871e-01
   1.1423973e+00   7.0685835e-01
   1.1423973e+00   8.6393798e-01
   1.1423973e+00   1.0210176e+00
   1.1423973e+00   1.1780972e+00
   1.1423973e+00   1.3351769e+00
   1.1423973e+00   1.4922565e+00
   1.1423973e+00   1.6493361e+00
   1.1423973e+00   1.8064158e+00
   1.1423973e+00   1.9634954e+00
   1.1423973e+00   2.1205750e+00
   1.1423973e+00   2.2776547e+00
   1.1423973e+00   2.4347343e+00
   1.1423973e+00   2.5918139e+00
   1.1423973e+00   2.7488936e+00
   1.1423973e+00   2.9059732e+00
   1.1423973e+00   3.0630528e+00
   1.1423973e+00   3.2201325e+00
   1.1423973e+00   3.3772121e+00
   1.1423973e+00   3.5342917e+00
   1.1423973e+00   3.6913714e+00
   1.1423973e+00   3.8484510e+00
   1.1423973e+00   4.0055306e+00
   1.1423973e+00   4.1626103e+00
   1.1423973e+00   4.3196899e+00
   1.1423973e+00   4.4767695e+00
   1.1423973e+00   4.6338492e+00
   1.1423973e+00   4.7909288e+00
   1.1423973e+00   4.9480084e+00
   1.1423973e+00   5.1050881e+00
   1.1423973e+00   5.2621677e+00
   1.1423973e+00   5.4192473e+00
   1.1423973e+00   5.5763270e+00
   1.1423973e+00   5.7334066e+00
   1.1423973e+00   5.8904862e+00
   1.1423973e+00   6.0475659e+00
   1.1423973e+00   6.2046455e+00
   1.2851970e+00   0.0000000e+00
   1.2851970e+00   1.4959965e-01
   1.2851970e+00   2.9919930e-01
   1.2851970e+00   4.4879895e-01
   1.2851970e+00   5.9839860e-01
   1.2851970e+00   7.4799825e-01
   1.2851970e+00   8.9759790e-01
   1.2851970e+00   1.0471976e+00
   1.2851970e+00   1.1967972e+00
   1.2851970e+00   1.3463969e+00
   1.2851970e+00   1.4959965e+00
   1.2851970e+00   1.6455962e+00
   1.2851970e+00   1.7951958e+00
   1.2851970e+00   1.9447955e+00
   1.2851970e+00   2.0943951e+00
   1.2851970e+00   2.2439948e+00
   1.2851970e+00   2.3935944e+00
   1.2851970e+00   2.5431941e+00
   1.2851970e+00   2.6927937e+00
   1.2851970e+00   2.8423934e+00
   1.2851970e+00   2.9919930e+00
   1.2851970e+00   3.1415927e+00
   1.2851970e+00   3.2911923e+00
   1.2851970e+00   3.4407920e+00
   1.2851970e+00   3.5903916e+00
   1.2851970e+00   3.7399913e+00
   1.2851970e+00   3.8895909e+00
   1.2851970e+00   4.0391906e+00
   1.2851970e+00   4.1887902e+00
   1.2851970e+00   4.3383899e+00
   1.2851970e+00   4.4879895e+00
   1.2851970e+00   4.6375892e+00
   1.2851970e+00   4.7871888e+00
   1.2851970e+00   4.9367885e+00
   1.2851970e+00   5.0863881e+00
   1.2851970e+00   5.2359878e+00
   1.2851970e+00   5.3855874e+00
   1.2851970e+00   5.5351871e+00
   1.2851970e+00   5.6847867e+00
   1.2851970e+00   5.8343864e+00
   1.2851970e+00   5.9839860e+00
   1.2851970e+00   6.1335857e+00
   1.4279967e+00   7.1399833e-02
   1.4279967e+00   2.1419950e-01
   1.4279967e+00   3.5699917e-01
   1.4279967e+00   4.9979883e-01
   1.4279967e+00   6.4259850e-01
   1.4279967e+00   7.8539816e-01
   1.4279967e+00   9.2819783e-01
   1.4279967e+00   1.0709975e+00
   1.4279967e+00   1.2137972e+00
   1.4279967e+00   1.3565968e+00
   1.4279967e+00   1.4993965e+00
   1.4279967e+00   1.6421962e+00
   1.4279967e+00   1.7849958e+00
   1.4279967e+00   1.9277955e+00
   1.4279967e+00   2.0705952e+00
   1.4279967e+00   2.2133948e+00
   1.4279967e+00   2.3561945e+00
   1.4279967e+00   2.4989942e+00
   1.4279967e+00   2.6417938e+00
   1.4279967e+00   2.7845935e+00
   1.4279967e+00   2.9273932e+00
   1.4279967e+00   3.0701928e+00
   1.4279967e+00   3.2129925e+00
   1.4279967e+00   3.3557922e+00
   1.4279967e+00   3.4985918e+00
   1.4279967e+00   3.6413915e+00
   1.4279967e+00   3.7841912e+00
   1.4279967e+00   3.9269908e+00
   1.4279967e+00   4.0697905e+00
   1.4279967e+00   4.2125901e+00
   1.4279967e+00   4.3553898e+00
   1.4279967e+00   4.4981895e+00
   1.4279967e+00   4.6409891e+00
   1.4279967e+00   4.7837888e+00
   1.4279967e+00   4.9265885e+00
   1.4279967e+00   5.0693881e+00
   1.4279967e+00   5.2121878e+00
   1.4279967e+00   5.3549875e+00
   1.4279967e+00   5.4977871e+00
   1.4279967e+00   5.6405868e+00
   1.4279967e+00   5.7833865e+00
   1.4279967e+00   5.9261861e+00
   1.4279967e+00   6.0689858e+00
   1.4279967e+00   6.2117855e+00
   1.5707963e+00   0.0000000e+00
   1.5707963e+00   1.4279967e-01
   1.5707963e+00   2.8559933e-01
   1.5707963e+00   4.2839900e-01
   1.5707963e+00   5.7119866e-01
   1.5707963e+00   7.1399833e-01
   1.5707963e+00   8.5679800e-01
   1.5707963e+00   9.9959766e-01
   1.5707963e+00   1.1423973e+00
   1.5707963e+00   1.2851970e+00
   1.5707963e+00   1.4279967e+00
   1.5707963e+00   1.5707963e+00
   1.5707963e+00   1.7135960e+00
   1.5707963e+00   1.8563957e+00
   1.5707963e+00   1.9991953e+00
   1.5707963e+00   2.1419950e+00
   1.5707963e+00   2.2847947e+00
   1.5707963e+00   2.4275943e+00
   1.5707963e+00   2.5703940e+00
   1.5707963e+00   2.7131937e+00
   1.5707963e+00   2.8559933e+00
   1.5707963e+00   2.9987930e+00
