   0.0000000e+00   3.1415927e+00
   3.9269908e-01   0.0000000e+00
   3.9269908e-01   1.0471976e+00
   3.9269908e-01   2.0943951e+00
   3.9269908e-01   3.1415927e+00
   3.9269908e-01   4.1887902e+00
   3.9269908e-01   5.2359878e+00
   7.8539816e-01   2.8559933e-01
   7.8539816e-01   8.5679800e-01
   7.8539816e-01   1.4279967e+00
   7.8539816e-01   1.9991953e+00
   7.8539816e-01   2.5703940e+00
   7.8539816e-01   3.1415927e+00
   7.8539816e-01   3.7127913e+00
   7.8539816e-01   4.2839900e+00
   7.8539816e-01   4.8551886e+00
   7.8539816e-01   5.4263873e+00
   7.8539816e-01   5.9975860e+00
   1.1780972e+00   0.0000000e+00
   1.1780972e+00   4.1887902e-01
   1.1780972e+00   8.3775804e-01
   1.1780972e+00   1.2566371e+00
   1.1780972e+00   1.6755161e+00
   1.1780972e+00   2.0943951e+00
   1.1780972e+00   2.5132741e+00
   1.1780972e+00   2.9321531e+00
   1.1780972e+00   3.3510322e+00
   1.1780972e+00   3.7699112e+00
   1.1780972e+00   4.1887902e+00
   1.1780972e+00   4.6076692e+00
   1.1780972e+00   5.0265482e+00
   1.1780972e+00   5.4454273e+00
   1.1780972e+00   5.8643063e+00
   1.5707963e+00   1.9634954e-01
   1.5707963e+00   5.8904862e-01
   1.5707963e+00   9.8174770e-01
   1.5707963e+00   1.3744468e+00
   1.5707963e+00   1.7671459e+00
   1.5707963e+00   2.1598449e+00
   1.5707963e+00   2.5525440e+00
   1.5707963e+00   2.9452431e+00
