   1.5707963e+00   1.5707963e+00
   1.5707963e+00  -3.1415927e+00
   3.1415927e+00   6.9473828e-01
   2.3561945e+00   1.5707963e+00
   2.3561945e+00   3.1415927e+00
   2.3561945e+00  -1.5707963e+00
   2.3561945e+00  -4.5755847e-16
   1.5707963e+00   2.3561945e+00
   1.5707963e+00  -2.3561945e+00
   2.1862760e+00   2.3561945e+00
   2.1862760e+00  -2.3561945e+00
   2.1862760e+00  -7.8539816e-01
   2.1862760e+00   7.8539816e-01
   2.0344439e+00   1.5707963e+00
   2.0344439e+00   3.1415927e+00
   2.0344439e+00  -1.5707963e+00
   2.0344439e+00  -3.4653617e-16
   2.6779450e+00   3.1415927e+00
   2.6779450e+00  -1.5707963e+00
   2.6779450e+00  -8.6888695e-16
   2.6779450e+00   1.5707963e+00
   1.5707963e+00   2.6779450e+00
   1.5707963e+00  -2.0344439e+00
   1.5707963e+00   2.0344439e+00
   1.5707963e+00  -2.6779450e+00
   1.9913307e+00   2.0344439e+00
   1.9913307e+00  -2.6779450e+00
   1.9913307e+00  -1.1071487e+00
   1.9913307e+00   4.6364761e-01
   1.1502620e+00   2.6779450e+00
   1.1502620e+00  -2.0344439e+00
   1.1502620e+00  -4.6364761e-01
   1.1502620e+00   1.1071487e+00
   2.5261129e+00   2.3561945e+00
   2.5261129e+00  -2.3561945e+00
   2.5261129e+00  -7.8539816e-01
   2.5261129e+00   7.8539816e-01
   1.8770737e+00   1.8925469e+00
   1.8770737e+00  -2.8198421e+00
   1.8770737e+00  -1.2490458e+00
   1.8770737e+00   3.2175055e-01
   1.2645190e+00   2.8198421e+00
   1.2645190e+00  -1.8925469e+00
   1.2645190e+00  -3.2175055e-01
   1.2645190e+00   1.2490458e+00
   2.7010820e+00   2.3561945e+00
   2.7010820e+00  -2.3561945e+00
   2.7010820e+00  -7.8539816e-01
   2.7010820e+00   7.8539816e-01
   2.1347390e+00   1.8925469e+00
   2.1347390e+00  -2.8198421e+00
   2.1347390e+00  -1.2490458e+00
   2.1347390e+00   3.2175055e-01
   1.0068537e+00   2.8198421e+00
   1.0068537e+00  -1.8925469e+00
   1.0068537e+00  -3.2175055e-01
   1.0068537e+00   1.2490458e+00
   2.5010703e+00   2.6779450e+00
   2.5010703e+00  -2.0344439e+00
   2.5010703e+00  -4.6364761e-01
   2.5010703e+00   1.1071487e+00
   6.4052231e-01   2.0344439e+00
   6.4052231e-01  -2.6779450e+00
   6.4052231e-01  -1.1071487e+00
   6.4052231e-01   4.6364761e-01
   1.8413461e+00   2.5535901e+00
   1.8413461e+00  -2.1587989e+00
   1.8413461e+00  -5.8800260e-01
   1.8413461e+00   9.8279372e-01
   1.3002466e+00   2.1587989e+00
   1.3002466e+00  -2.5535901e+00
   1.3002466e+00  -9.8279372e-01
   1.3002466e+00   5.8800260e-01
