   0.0000000e+00   3.1415927e+00
   2.6179939e-01   0.0000000e+00
   2.6179939e-01   1.0471976e+00
   2.6179939e-01   2.0943951e+00
   2.6179939e-01   3.1415927e+00
   2.6179939e-01   4.1887902e+00
   2.6179939e-01   5.2359878e+00
   5.2359878e-01   2.6179939e-01
   5.2359878e-01   7.8539816e-01
   5.2359878e-01   1.3089969e+00
   5.2359878e-01   1.8325957e+00
   5.2359878e-01   2.3561945e+00
   5.2359878e-01   2.8797933e+00
   5.2359878e-01   3.4033920e+00
   5.2359878e-01   3.9269908e+00
   5.2359878e-01   4.4505896e+00
   5.2359878e-01   4.9741884e+00
   5.2359878e-01   5.4977871e+00
   5.2359878e-01   6.0213859e+00
   7.8539816e-01   0.0000000e+00
   7.8539816e-01   3.6959914e-01
   7.8539816e-01   7.3919827e-01
   7.8539816e-01   1.1087974e+00
   7.8539816e-01   1.4783965e+00
   7.8539816e-01   1.8479957e+00
   7.8539816e-01   2.2175948e+00
   7.8539816e-01   2.5871940e+00
   7.8539816e-01   2.9567931e+00
   7.8539816e-01   3.3263922e+00
   7.8539816e-01   3.6959914e+00
   7.8539816e-01   4.0655905e+00
   7.8539816e-01   4.4351896e+00
   7.8539816e-01   4.8047888e+00
   7.8539816e-01   5.1743879e+00
   7.8539816e-01   5.5439870e+00
   7.8539816e-01   5.9135862e+00
   1.0471976e+00   1.4959965e-01
   1.0471976e+00   4.4879895e-01
   1.0471976e+00   7.4799825e-01
   1.0471976e+00   1.0471976e+00
   1.0471976e+00   1.3463969e+00
   1.0471976e+00   1.6455962e+00
   1.0471976e+00   1.9447955e+00
   1.0471976e+00   2.2439948e+00
   1.0471976e+00   2.5431941e+00
   1.0471976e+00   2.8423934e+00
   1.0471976e+00   3.1415927e+00
   1.0471976e+00   3.4407920e+00
   1.0471976e+00   3.7399913e+00
   1.0471976e+00   4.0391906e+00
   1.0471976e+00   4.3383899e+00
   1.0471976e+00   4.6375892e+00
   1.0471976e+00   4.9367885e+00
   1.0471976e+00   5.2359878e+00
   1.0471976e+00   5.5351871e+00
   1.0471976e+00   5.8343864e+00
   1.0471976e+00   6.1335857e+00
   1.3089969e+00   0.0000000e+00
   1.3089969e+00   2.7318197e-01
   1.3089969e+00   5.4636394e-01
   1.3089969e+00   8.1954591e-01
   1.3089969e+00   1.0927279e+00
   1.3089969e+00   1.3659098e+00
   1.3089969e+00   1.6390918e+00
   1.3089969e+00   1.9122738e+00
   1.3089969e+00   2.1854558e+00
   1.3089969e+00   2.4586377e+00
   1.3089969e+00   2.7318197e+00
   1.3089969e+00   3.0050017e+00
   1.3089969e+00   3.2781836e+00
   1.3089969e+00   3.5513656e+00
   1.3089969e+00   3.8245476e+00
   1.3089969e+00   4.0977295e+00
   1.3089969e+00   4.3709115e+00
   1.3089969e+00   4.6440935e+00
   1.3089969e+00   4.9172755e+00
   1.3089969e+00   5.1904574e+00
   1.3089969e+00   5.4636394e+00
   1.3089969e+00   5.7368214e+00
   1.3089969e+00   6.0100033e+00
   1.5707963e+00   1.3089969e-01
   1.5707963e+00   3.9269908e-01
   1.5707963e+00   6.5449847e-01
   1.5707963e+00   9.1629786e-01
   1.5707963e+00   1.1780972e+00
   1.5707963e+00   1.4398966e+00
   1.5707963e+00   1.7016960e+00
   1.5707963e+00   1.9634954e+00
   1.5707963e+00   2.2252948e+00
   1.5707963e+00   2.4870942e+00
   1.5707963e+00   2.7488936e+00
   1.5707963e+00   3.0106930e+00
