   0.0000000e+00   3.1415927e+00
   3.1415927e-01   0.0000000e+00
   3.1415927e-01   1.0471976e+00
   3.1415927e-01   2.0943951e+00
   3.1415927e-01   3.1415927e+00
   3.1415927e-01   4.1887902e+00
   3.1415927e-01   5.2359878e+00
   6.2831853e-01   2.6179939e-01
   6.2831853e-01   7.8539816e-01
   6.2831853e-01   1.3089969e+00
   6.2831853e-01   1.8325957e+00
   6.2831853e-01   2.3561945e+00
   6.2831853e-01   2.8797933e+00
   6.2831853e-01   3.4033920e+00
   6.2831853e-01   3.9269908e+00
   6.2831853e-01   4.4505896e+00
   6.2831853e-01   4.9741884e+00
   6.2831853e-01   5.4977871e+00
   6.2831853e-01   6.0213859e+00
   9.4247780e-01   0.0000000e+00
   9.4247780e-01   3.9269908e-01
   9.4247780e-01   7.8539816e-01
   9.4247780e-01   1.1780972e+00
   9.4247780e-01   1.5707963e+00
   9.4247780e-01   1.9634954e+00
   9.4247780e-01   2.3561945e+00
   9.4247780e-01   2.7488936e+00
   9.4247780e-01   3.1415927e+00
   9.4247780e-01   3.5342917e+00
   9.4247780e-01   3.9269908e+00
   9.4247780e-01   4.3196899e+00
   9.4247780e-01   4.7123890e+00
   9.4247780e-01   5.1050881e+00
   9.4247780e-01   5.4977871e+00
   9.4247780e-01   5.8904862e+00
   1.2566371e+00   1.6534698e-01
   1.2566371e+00   4.9604095e-01
   1.2566371e+00   8.2673491e-01
   1.2566371e+00   1.1574289e+00
   1.2566371e+00   1.4881228e+00
   1.2566371e+00   1.8188168e+00
   1.2566371e+00   2.1495108e+00
   1.2566371e+00   2.4802047e+00
   1.2566371e+00   2.8108987e+00
   1.2566371e+00   3.1415927e+00
   1.2566371e+00   3.4722866e+00
   1.2566371e+00   3.8029806e+00
   1.2566371e+00   4.1336745e+00
   1.2566371e+00   4.4643685e+00
   1.2566371e+00   4.7950625e+00
   1.2566371e+00   5.1257564e+00
   1.2566371e+00   5.4564504e+00
   1.2566371e+00   5.7871444e+00
   1.2566371e+00   6.1178383e+00
   1.5707963e+00   0.0000000e+00
   1.5707963e+00   3.1415927e-01
   1.5707963e+00   6.2831853e-01
   1.5707963e+00   9.4247780e-01
   1.5707963e+00   1.2566371e+00
   1.5707963e+00   1.5707963e+00
   1.5707963e+00   1.8849556e+00
   1.5707963e+00   2.1991149e+00
   1.5707963e+00   2.5132741e+00
   1.5707963e+00   2.8274334e+00
   1.5707963e+00   3.1415927e+00
   1.5707963e+00   3.4557519e+00
   1.5707963e+00   3.7699112e+00
   1.5707963e+00   4.0840704e+00
   1.5707963e+00   4.3982297e+00
   1.5707963e+00   4.7123890e+00
   1.5707963e+00   5.0265482e+00
   1.5707963e+00   5.3407075e+00
   1.5707963e+00   5.6548668e+00
   1.5707963e+00   5.9690260e+00
   1.8849556e+00   1.6534698e-01
   1.8849556e+00   4.9604095e-01
   1.8849556e+00   8.2673491e-01
   1.8849556e+00   1.1574289e+00
   1.8849556e+00   1.4881228e+00
   1.8849556e+00   1.8188168e+00
   1.8849556e+00   2.1495108e+00
   1.8849556e+00   2.4802047e+00
   1.8849556e+00   2.8108987e+00
   1.8849556e+00   3.1415927e+00
   1.8849556e+00   3.4722866e+00
   1.8849556e+00   3.8029806e+00
   1.8849556e+00   4.1336745e+00
   1.8849556e+00   4.4643685e+00
   1.8849556e+00   4.7950625e+00
   1.8849556e+00   5.1257564e+00
   1.8849556e+00   5.4564504e+00
   1.8849556e+00   5.7871444e+00
   1.8849556e+00   6.1178383e+00
   2.1991149e+00   0.0000000e+00
   2.1991149e+00   3.9269908e-01
   2.1991149e+00   7.8539816e-01
   2.1991149e+00   1.1780972e+00
   2.1991149e+00   1.5707963e+00
   2.1991149e+00   1.9634954e+00
   2.1991149e+00   2.3561945e+00
   2.1991149e+00   2.7488936e+00
   2.1991149e+00   3.1415927e+00
   2.1991149e+00   3.5342917e+00
   2.1991149e+00   3.9269908e+00
   2.1991149e+00   4.3196899e+00
   2.1991149e+00   4.7123890e+00
   2.1991149e+00   5.1050881e+00
   2.1991149e+00   5.4977871e+00
   2.1991149e+00   5.8904862e+00
   2.5132741e+00   2.6179939e-01
   2.5132741e+00   7.8539816e-01
   2.5132741e+00   1.3089969e+00
   2.5132741e+00   1.8325957e+00
   2.5132741e+00   2.3561945e+00
   2.5132741e+00   2.8797933e+00
   2.5132741e+00   3.4033920e+00
   2.5132741e+00   3.9269908e+00
   2.5132741e+00   4.4505896e+00
   2.5132741e+00   4.9741884e+00
   2.5132741e+00   5.4977871e+00
   2.5132741e+00   6.0213859e+00
   2.8274334e+00   0.0000000e+00
   2.8274334e+00   1.0471976e+00
   2.8274334e+00   2.0943951e+00
   2.8274334e+00   3.1415927e+00
   2.8274334e+00   4.1887902e+00
   2.8274334e+00   5.2359878e+00
   3.1415927e+00   3.1415927e+00
