   0.0000000e+00   3.1415927e+00
   2.8559933e-01   0.0000000e+00
   2.8559933e-01   1.0471976e+00
   2.8559933e-01   2.0943951e+00
   2.8559933e-01   3.1415927e+00
   2.8559933e-01   4.1887902e+00
   2.8559933e-01   5.2359878e+00
   5.7119866e-01   2.6179939e-01
   5.7119866e-01   7.8539816e-01
   5.7119866e-01   1.3089969e+00
   5.7119866e-01   1.8325957e+00
   5.7119866e-01   2.3561945e+00
   5.7119866e-01   2.8797933e+00
   5.7119866e-01   3.4033920e+00
   5.7119866e-01   3.9269908e+00
   5.7119866e-01   4.4505896e+00
   5.7119866e-01   4.9741884e+00
   5.7119866e-01   5.4977871e+00
   5.7119866e-01   6.0213859e+00
   8.5679800e-01   0.0000000e+00
   8.5679800e-01   3.6959914e-01
   8.5679800e-01   7.3919827e-01
   8.5679800e-01   1.1087974e+00
   8.5679800e-01   1.4783965e+00
   8.5679800e-01   1.8479957e+00
   8.5679800e-01   2.2175948e+00
   8.5679800e-01   2.5871940e+00
   8.5679800e-01   2.9567931e+00
   8.5679800e-01   3.3263922e+00
   8.5679800e-01   3.6959914e+00
   8.5679800e-01   4.0655905e+00
   8.5679800e-01   4.4351896e+00
   8.5679800e-01   4.8047888e+00
   8.5679800e-01   5.1743879e+00
   8.5679800e-01   5.5439870e+00
   8.5679800e-01   5.9135862e+00
   1.1423973e+00   1.5707963e-01
   1.1423973e+00   4.7123890e-01
   1.1423973e+00   7.8539816e-01
   1.1423973e+00   1.0995574e+00
   1.1423973e+00   1.4137167e+00
   1.1423973e+00   1.7278760e+00
   1.1423973e+00   2.0420352e+00
   1.1423973e+00   2.3561945e+00
   1.1423973e+00   2.6703538e+00
   1.1423973e+00   2.9845130e+00
   1.1423973e+00   3.2986723e+00
   1.1423973e+00   3.6128316e+00
   1.1423973e+00   3.9269908e+00
   1.1423973e+00   4.2411501e+00
   1.1423973e+00   4.5553093e+00
   1.1423973e+00   4.8694686e+00
   1.1423973e+00   5.1836279e+00
   1.1423973e+00   5.4977871e+00
   1.1423973e+00   5.8119464e+00
   1.1423973e+00   6.1261057e+00
   1.4279967e+00   0.0000000e+00
   1.4279967e+00   2.8559933e-01
   1.4279967e+00   5.7119866e-01
   1.4279967e+00   8.5679800e-01
   1.4279967e+00   1.1423973e+00
   1.4279967e+00   1.4279967e+00
   1.4279967e+00   1.7135960e+00
   1.4279967e+00   1.9991953e+00
   1.4279967e+00   2.2847947e+00
   1.4279967e+00   2.5703940e+00
   1.4279967e+00   2.8559933e+00
   1.4279967e+00   3.1415927e+00
   1.4279967e+00   3.4271920e+00
   1.4279967e+00   3.7127913e+00
   1.4279967e+00   3.9983907e+00
   1.4279967e+00   4.2839900e+00
   1.4279967e+00   4.5695893e+00
   1.4279967e+00   4.8551886e+00
   1.4279967e+00   5.1407880e+00
   1.4279967e+00   5.4263873e+00
   1.4279967e+00   5.7119866e+00
   1.4279967e+00   5.9975860e+00
   1.7135960e+00   1.4279967e-01
   1.7135960e+00   4.2839900e-01
   1.7135960e+00   7.1399833e-01
   1.7135960e+00   9.9959766e-01
   1.7135960e+00   1.2851970e+00
   1.7135960e+00   1.5707963e+00
   1.7135960e+00   1.8563957e+00
   1.7135960e+00   2.1419950e+00
   1.7135960e+00   2.4275943e+00
   1.7135960e+00   2.7131937e+00
   1.7135960e+00   2.9987930e+00
   1.7135960e+00   3.2843923e+00
   1.7135960e+00   3.5699917e+00
   1.7135960e+00   3.8555910e+00
   1.7135960e+00   4.1411903e+00
   1.7135960e+00   4.4267896e+00
   1.7135960e+00   4.7123890e+00
   1.7135960e+00   4.9979883e+00
   1.7135960e+00   5.2835876e+00
   1.7135960e+00   5.5691870e+00
   1.7135960e+00   5.8547863e+00
   1.7135960e+00   6.1403856e+00
   1.9991953e+00   0.0000000e+00
   1.9991953e+00   3.1415927e-01
   1.9991953e+00   6.2831853e-01
   1.9991953e+00   9.4247780e-01
   1.9991953e+00   1.2566371e+00
   1.9991953e+00   1.5707963e+00
   1.9991953e+00   1.8849556e+00
   1.9991953e+00   2.1991149e+00
   1.9991953e+00   2.5132741e+00
   1.9991953e+00   2.8274334e+00
   1.9991953e+00   3.1415927e+00
   1.9991953e+00   3.4557519e+00
   1.9991953e+00   3.7699112e+00
   1.9991953e+00   4.0840704e+00
   1.9991953e+00   4.3982297e+00
   1.9991953e+00   4.7123890e+00
   1.9991953e+00   5.0265482e+00
   1.9991953e+00   5.3407075e+00
   1.9991953e+00   5.6548668e+00
   1.9991953e+00   5.9690260e+00
   2.2847947e+00   1.8479957e-01
   2.2847947e+00   5.5439870e-01
   2.2847947e+00   9.2399784e-01
   2.2847947e+00   1.2935970e+00
   2.2847947e+00   1.6631961e+00
   2.2847947e+00   2.0327952e+00
   2.2847947e+00   2.4023944e+00
   2.2847947e+00   2.7719935e+00
   2.2847947e+00   3.1415927e+00
   2.2847947e+00   3.5111918e+00
   2.2847947e+00   3.8807909e+00
   2.2847947e+00   4.2503901e+00
   2.2847947e+00   4.6199892e+00
   2.2847947e+00   4.9895883e+00
   2.2847947e+00   5.3591875e+00
   2.2847947e+00   5.7287866e+00
   2.2847947e+00   6.0983857e+00
   2.5703940e+00   0.0000000e+00
   2.5703940e+00   5.2359878e-01
   2.5703940e+00   1.0471976e+00
   2.5703940e+00   1.5707963e+00
   2.5703940e+00   2.0943951e+00
   2.5703940e+00   2.6179939e+00
   2.5703940e+00   3.1415927e+00
   2.5703940e+00   3.6651914e+00
   2.5703940e+00   4.1887902e+00
   2.5703940e+00   4.7123890e+00
   2.5703940e+00   5.2359878e+00
   2.5703940e+00   5.7595865e+00
   2.8559933e+00   5.2359878e-01
   2.8559933e+00   1.5707963e+00
   2.8559933e+00   2.6179939e+00
   2.8559933e+00   3.6651914e+00
   2.8559933e+00   4.7123890e+00
   2.8559933e+00   5.7595865e+00
   3.1415927e+00   0.0000000e+00
