   0.0000000e+00   3.1415927e+00
   8.7266463e-02   0.0000000e+00
   8.7266463e-02   1.0471976e+00
   8.7266463e-02   2.0943951e+00
   8.7266463e-02   3.1415927e+00
   8.7266463e-02   4.1887902e+00
   8.7266463e-02   5.2359878e+00
   1.7453293e-01   2.4166097e-01
   1.7453293e-01   7.2498292e-01
   1.7453293e-01   1.2083049e+00
   1.7453293e-01   1.6916268e+00
   1.7453293e-01   2.1749488e+00
   1.7453293e-01   2.6582707e+00
   1.7453293e-01   3.1415927e+00
   1.7453293e-01   3.6249146e+00
   1.7453293e-01   4.1082365e+00
   1.7453293e-01   4.5915585e+00
   1.7453293e-01   5.0748804e+00
   1.7453293e-01   5.5582024e+00
   1.7453293e-01   6.0415243e+00
   2.6179939e-01   0.0000000e+00
   2.6179939e-01   3.3069396e-01
   2.6179939e-01   6.6138793e-01
   2.6179939e-01   9.9208189e-01
   2.6179939e-01   1.3227759e+00
   2.6179939e-01   1.6534698e+00
   2.6179939e-01   1.9841638e+00
   2.6179939e-01   2.3148577e+00
   2.6179939e-01   2.6455517e+00
   2.6179939e-01   2.9762457e+00
   2.6179939e-01   3.3069396e+00
   2.6179939e-01   3.6376336e+00
   2.6179939e-01   3.9683276e+00
   2.6179939e-01   4.2990215e+00
   2.6179939e-01   4.6297155e+00
   2.6179939e-01   4.9604095e+00
   2.6179939e-01   5.2911034e+00
   2.6179939e-01   5.6217974e+00
   2.6179939e-01   5.9524913e+00
   3.4906585e-01   1.2566371e-01
   3.4906585e-01   3.7699112e-01
   3.4906585e-01   6.2831853e-01
   3.4906585e-01   8.7964594e-01
   3.4906585e-01   1.1309734e+00
   3.4906585e-01   1.3823008e+00
   3.4906585e-01   1.6336282e+00
   3.4906585e-01   1.8849556e+00
   3.4906585e-01   2.1362830e+00
   3.4906585e-01   2.3876104e+00
   3.4906585e-01   2.6389378e+00
   3.4906585e-01   2.8902652e+00
   3.4906585e-01   3.1415927e+00
   3.4906585e-01   3.3929201e+00
   3.4906585e-01   3.6442475e+00
   3.4906585e-01   3.8955749e+00
   3.4906585e-01   4.1469023e+00
   3.4906585e-01   4.3982297e+00
   3.4906585e-01   4.6495571e+00
   3.4906585e-01   4.9008845e+00
   3.4906585e-01   5.1522120e+00
   3.4906585e-01   5.4035394e+00
   3.4906585e-01   5.6548668e+00
   3.4906585e-01   5.9061942e+00
   3.4906585e-01   6.1575216e+00
   4.3633231e-01   0.0000000e+00
   4.3633231e-01   2.0943951e-01
   4.3633231e-01   4.1887902e-01
   4.3633231e-01   6.2831853e-01
   4.3633231e-01   8.3775804e-01
   4.3633231e-01   1.0471976e+00
   4.3633231e-01   1.2566371e+00
   4.3633231e-01   1.4660766e+00
   4.3633231e-01   1.6755161e+00
   4.3633231e-01   1.8849556e+00
   4.3633231e-01   2.0943951e+00
   4.3633231e-01   2.3038346e+00
   4.3633231e-01   2.5132741e+00
   4.3633231e-01   2.7227136e+00
   4.3633231e-01   2.9321531e+00
   4.3633231e-01   3.1415927e+00
   4.3633231e-01   3.3510322e+00
   4.3633231e-01   3.5604717e+00
   4.3633231e-01   3.7699112e+00
   4.3633231e-01   3.9793507e+00
   4.3633231e-01   4.1887902e+00
   4.3633231e-01   4.3982297e+00
   4.3633231e-01   4.6076692e+00
   4.3633231e-01   4.8171087e+00
   4.3633231e-01   5.0265482e+00
   4.3633231e-01   5.2359878e+00
   4.3633231e-01   5.4454273e+00
   4.3633231e-01   5.6548668e+00
   4.3633231e-01   5.8643063e+00
   4.3633231e-01   6.0737458e+00
   5.2359878e-01   8.7266463e-02
   5.2359878e-01   2.6179939e-01
   5.2359878e-01   4.3633231e-01
   5.2359878e-01   6.1086524e-01
   5.2359878e-01   7.8539816e-01
   5.2359878e-01   9.5993109e-01
   5.2359878e-01   1.1344640e+00
   5.2359878e-01   1.3089969e+00
   5.2359878e-01   1.4835299e+00
   5.2359878e-01   1.6580628e+00
   5.2359878e-01   1.8325957e+00
   5.2359878e-01   2.0071286e+00
   5.2359878e-01   2.1816616e+00
   5.2359878e-01   2.3561945e+00
   5.2359878e-01   2.5307274e+00
   5.2359878e-01   2.7052603e+00
   5.2359878e-01   2.8797933e+00
   5.2359878e-01   3.0543262e+00
   5.2359878e-01   3.2288591e+00
   5.2359878e-01   3.4033920e+00
   5.2359878e-01   3.5779250e+00
   5.2359878e-01   3.7524579e+00
   5.2359878e-01   3.9269908e+00
   5.2359878e-01   4.1015237e+00
   5.2359878e-01   4.2760567e+00
   5.2359878e-01   4.4505896e+00
   5.2359878e-01   4.6251225e+00
   5.2359878e-01   4.7996554e+00
   5.2359878e-01   4.9741884e+00
   5.2359878e-01   5.1487213e+00
   5.2359878e-01   5.3232542e+00
   5.2359878e-01   5.4977871e+00
   5.2359878e-01   5.6723201e+00
   5.2359878e-01   5.8468530e+00
   5.2359878e-01   6.0213859e+00
   5.2359878e-01   6.1959188e+00
   6.1086524e-01   0.0000000e+00
   6.1086524e-01   1.5324842e-01
   6.1086524e-01   3.0649684e-01
   6.1086524e-01   4.5974527e-01
   6.1086524e-01   6.1299369e-01
   6.1086524e-01   7.6624211e-01
   6.1086524e-01   9.1949053e-01
   6.1086524e-01   1.0727390e+00
   6.1086524e-01   1.2259874e+00
   6.1086524e-01   1.3792358e+00
   6.1086524e-01   1.5324842e+00
   6.1086524e-01   1.6857326e+00
   6.1086524e-01   1.8389811e+00
   6.1086524e-01   1.9922295e+00
   6.1086524e-01   2.1454779e+00
   6.1086524e-01   2.2987263e+00
   6.1086524e-01   2.4519748e+00
   6.1086524e-01   2.6052232e+00
   6.1086524e-01   2.7584716e+00
   6.1086524e-01   2.9117200e+00
   6.1086524e-01   3.0649684e+00
   6.1086524e-01   3.2182169e+00
   6.1086524e-01   3.3714653e+00
   6.1086524e-01   3.5247137e+00
   6.1086524e-01   3.6779621e+00
   6.1086524e-01   3.8312106e+00
   6.1086524e-01   3.9844590e+00
   6.1086524e-01   4.1377074e+00
   6.1086524e-01   4.2909558e+00
   6.1086524e-01   4.4442042e+00
   6.1086524e-01   4.5974527e+00
   6.1086524e-01   4.7507011e+00
   6.1086524e-01   4.9039495e+00
   6.1086524e-01   5.0571979e+00
   6.1086524e-01   5.2104464e+00
   6.1086524e-01   5.3636948e+00
   6.1086524e-01   5.5169432e+00
   6.1086524e-01   5.6701916e+00
   6.1086524e-01   5.8234400e+00
   6.1086524e-01   5.9766885e+00
   6.1086524e-01   6.1299369e+00
   6.9813170e-01   6.8295492e-02
   6.9813170e-01   2.0488648e-01
   6.9813170e-01   3.4147746e-01
   6.9813170e-01   4.7806845e-01
   6.9813170e-01   6.1465943e-01
   6.9813170e-01   7.5125042e-01
   6.9813170e-01   8.8784140e-01
   6.9813170e-01   1.0244324e+00
   6.9813170e-01   1.1610234e+00
   6.9813170e-01   1.2976144e+00
   6.9813170e-01   1.4342053e+00
   6.9813170e-01   1.5707963e+00
   6.9813170e-01   1.7073873e+00
   6.9813170e-01   1.8439783e+00
   6.9813170e-01   1.9805693e+00
   6.9813170e-01   2.1171603e+00
   6.9813170e-01   2.2537513e+00
   6.9813170e-01   2.3903422e+00
   6.9813170e-01   2.5269332e+00
   6.9813170e-01   2.6635242e+00
   6.9813170e-01   2.8001152e+00
   6.9813170e-01   2.9367062e+00
   6.9813170e-01   3.0732972e+00
   6.9813170e-01   3.2098881e+00
   6.9813170e-01   3.3464791e+00
   6.9813170e-01   3.4830701e+00
   6.9813170e-01   3.6196611e+00
   6.9813170e-01   3.7562521e+00
   6.9813170e-01   3.8928431e+00
   6.9813170e-01   4.0294341e+00
   6.9813170e-01   4.1660250e+00
   6.9813170e-01   4.3026160e+00
   6.9813170e-01   4.4392070e+00
   6.9813170e-01   4.5757980e+00
   6.9813170e-01   4.7123890e+00
   6.9813170e-01   4.8489800e+00
   6.9813170e-01   4.9855710e+00
   6.9813170e-01   5.1221619e+00
   6.9813170e-01   5.2587529e+00
   6.9813170e-01   5.3953439e+00
   6.9813170e-01   5.5319349e+00
   6.9813170e-01   5.6685259e+00
   6.9813170e-01   5.8051169e+00
   6.9813170e-01   5.9417078e+00
   6.9813170e-01   6.0782988e+00
   6.9813170e-01   6.2148898e+00
   7.8539816e-01   0.0000000e+00
   7.8539816e-01   1.2319971e-01
   7.8539816e-01   2.4639942e-01
   7.8539816e-01   3.6959914e-01
   7.8539816e-01   4.9279885e-01
   7.8539816e-01   6.1599856e-01
   7.8539816e-01   7.3919827e-01
   7.8539816e-01   8.6239798e-01
   7.8539816e-01   9.8559770e-01
   7.8539816e-01   1.1087974e+00
   7.8539816e-01   1.2319971e+00
   7.8539816e-01   1.3551968e+00
   7.8539816e-01   1.4783965e+00
   7.8539816e-01   1.6015963e+00
   7.8539816e-01   1.7247960e+00
   7.8539816e-01   1.8479957e+00
   7.8539816e-01   1.9711954e+00
   7.8539816e-01   2.0943951e+00
   7.8539816e-01   2.2175948e+00
   7.8539816e-01   2.3407945e+00
   7.8539816e-01   2.4639942e+00
   7.8539816e-01   2.5871940e+00
   7.8539816e-01   2.7103937e+00
   7.8539816e-01   2.8335934e+00
   7.8539816e-01   2.9567931e+00
   7.8539816e-01   3.0799928e+00
   7.8539816e-01   3.2031925e+00
   7.8539816e-01   3.3263922e+00
   7.8539816e-01   3.4495919e+00
   7.8539816e-01   3.5727916e+00
   7.8539816e-01   3.6959914e+00
   7.8539816e-01   3.8191911e+00
   7.8539816e-01   3.9423908e+00
   7.8539816e-01   4.0655905e+00
   7.8539816e-01   4.1887902e+00
   7.8539816e-01   4.3119899e+00
   7.8539816e-01   4.4351896e+00
   7.8539816e-01   4.5583893e+00
   7.8539816e-01   4.6815891e+00
   7.8539816e-01   4.8047888e+00
   7.8539816e-01   4.9279885e+00
   7.8539816e-01   5.0511882e+00
   7.8539816e-01   5.1743879e+00
   7.8539816e-01   5.2975876e+00
   7.8539816e-01   5.4207873e+00
   7.8539816e-01   5.5439870e+00
   7.8539816e-01   5.6671867e+00
   7.8539816e-01   5.7903865e+00
   7.8539816e-01   5.9135862e+00
   7.8539816e-01   6.0367859e+00
   7.8539816e-01   6.1599856e+00
   8.7266463e-01   5.7119866e-02
   8.7266463e-01   1.7135960e-01
   8.7266463e-01   2.8559933e-01
   8.7266463e-01   3.9983907e-01
   8.7266463e-01   5.1407880e-01
   8.7266463e-01   6.2831853e-01
   8.7266463e-01   7.4255826e-01
   8.7266463e-01   8.5679800e-01
   8.7266463e-01   9.7103773e-01
   8.7266463e-01   1.0852775e+00
   8.7266463e-01   1.1995172e+00
   8.7266463e-01   1.3137569e+00
   8.7266463e-01   1.4279967e+00
   8.7266463e-01   1.5422364e+00
   8.7266463e-01   1.6564761e+00
   8.7266463e-01   1.7707159e+00
   8.7266463e-01   1.8849556e+00
   8.7266463e-01   1.9991953e+00
   8.7266463e-01   2.1134351e+00
   8.7266463e-01   2.2276748e+00
   8.7266463e-01   2.3419145e+00
   8.7266463e-01   2.4561543e+00
   8.7266463e-01   2.5703940e+00
   8.7266463e-01   2.6846337e+00
   8.7266463e-01   2.7988735e+00
   8.7266463e-01   2.9131132e+00
   8.7266463e-01   3.0273529e+00
   8.7266463e-01   3.1415927e+00
   8.7266463e-01   3.2558324e+00
   8.7266463e-01   3.3700721e+00
   8.7266463e-01   3.4843119e+00
   8.7266463e-01   3.5985516e+00
   8.7266463e-01   3.7127913e+00
   8.7266463e-01   3.8270311e+00
   8.7266463e-01   3.9412708e+00
   8.7266463e-01   4.0555105e+00
   8.7266463e-01   4.1697502e+00
   8.7266463e-01   4.2839900e+00
   8.7266463e-01   4.3982297e+00
   8.7266463e-01   4.5124694e+00
   8.7266463e-01   4.6267092e+00
   8.7266463e-01   4.7409489e+00
   8.7266463e-01   4.8551886e+00
   8.7266463e-01   4.9694284e+00
   8.7266463e-01   5.0836681e+00
   8.7266463e-01   5.1979078e+00
   8.7266463e-01   5.3121476e+00
   8.7266463e-01   5.4263873e+00
   8.7266463e-01   5.5406270e+00
   8.7266463e-01   5.6548668e+00
   8.7266463e-01   5.7691065e+00
   8.7266463e-01   5.8833462e+00
   8.7266463e-01   5.9975860e+00
   8.7266463e-01   6.1118257e+00
   8.7266463e-01   6.2260654e+00
   9.5993109e-01   0.0000000e+00
   9.5993109e-01   1.0649467e-01
   9.5993109e-01   2.1298933e-01
   9.5993109e-01   3.1948400e-01
   9.5993109e-01   4.2597866e-01
   9.5993109e-01   5.3247333e-01
   9.5993109e-01   6.3896800e-01
   9.5993109e-01   7.4546266e-01
   9.5993109e-01   8.5195733e-01
   9.5993109e-01   9.5845200e-01
   9.5993109e-01   1.0649467e+00
   9.5993109e-01   1.1714413e+00
   9.5993109e-01   1.2779360e+00
   9.5993109e-01   1.3844307e+00
   9.5993109e-01   1.4909253e+00
   9.5993109e-01   1.5974200e+00
   9.5993109e-01   1.7039147e+00
   9.5993109e-01   1.8104093e+00
   9.5993109e-01   1.9169040e+00
   9.5993109e-01   2.0233987e+00
   9.5993109e-01   2.1298933e+00
   9.5993109e-01   2.2363880e+00
   9.5993109e-01   2.3428827e+00
   9.5993109e-01   2.4493773e+00
   9.5993109e-01   2.5558720e+00
   9.5993109e-01   2.6623667e+00
   9.5993109e-01   2.7688613e+00
   9.5993109e-01   2.8753560e+00
   9.5993109e-01   2.9818507e+00
   9.5993109e-01   3.0883453e+00
   9.5993109e-01   3.1948400e+00
   9.5993109e-01   3.3013347e+00
   9.5993109e-01   3.4078293e+00
   9.5993109e-01   3.5143240e+00
   9.5993109e-01   3.6208187e+00
   9.5993109e-01   3.7273133e+00
   9.5993109e-01   3.8338080e+00
   9.5993109e-01   3.9403027e+00
   9.5993109e-01   4.0467973e+00
   9.5993109e-01   4.1532920e+00
   9.5993109e-01   4.2597866e+00
   9.5993109e-01   4.3662813e+00
   9.5993109e-01   4.4727760e+00
   9.5993109e-01   4.5792706e+00
   9.5993109e-01   4.6857653e+00
   9.5993109e-01   4.7922600e+00
   9.5993109e-01   4.8987546e+00
   9.5993109e-01   5.0052493e+00
   9.5993109e-01   5.1117440e+00
   9.5993109e-01   5.2182386e+00
   9.5993109e-01   5.3247333e+00
   9.5993109e-01   5.4312280e+00
   9.5993109e-01   5.5377226e+00
   9.5993109e-01   5.6442173e+00
   9.5993109e-01   5.7507120e+00
   9.5993109e-01   5.8572066e+00
   9.5993109e-01   5.9637013e+00
   9.5993109e-01   6.0701960e+00
   9.5993109e-01   6.1766906e+00
   1.0471976e+00   5.0670849e-02
   1.0471976e+00   1.5201255e-01
   1.0471976e+00   2.5335425e-01
   1.0471976e+00   3.5469594e-01
   1.0471976e+00   4.5603764e-01
   1.0471976e+00   5.5737934e-01
   1.0471976e+00   6.5872104e-01
   1.0471976e+00   7.6006274e-01
   1.0471976e+00   8.6140444e-01
   1.0471976e+00   9.6274614e-01
   1.0471976e+00   1.0640878e+00
   1.0471976e+00   1.1654295e+00
   1.0471976e+00   1.2667712e+00
   1.0471976e+00   1.3681129e+00
   1.0471976e+00   1.4694546e+00
   1.0471976e+00   1.5707963e+00
   1.0471976e+00   1.6721380e+00
   1.0471976e+00   1.7734797e+00
   1.0471976e+00   1.8748214e+00
   1.0471976e+00   1.9761631e+00
   1.0471976e+00   2.0775048e+00
   1.0471976e+00   2.1788465e+00
   1.0471976e+00   2.2801882e+00
   1.0471976e+00   2.3815299e+00
   1.0471976e+00   2.4828716e+00
   1.0471976e+00   2.5842133e+00
   1.0471976e+00   2.6855550e+00
   1.0471976e+00   2.7868967e+00
   1.0471976e+00   2.8882384e+00
   1.0471976e+00   2.9895801e+00
   1.0471976e+00   3.0909218e+00
   1.0471976e+00   3.1922635e+00
   1.0471976e+00   3.2936052e+00
   1.0471976e+00   3.3949469e+00
   1.0471976e+00   3.4962886e+00
   1.0471976e+00   3.5976303e+00
   1.0471976e+00   3.6989720e+00
   1.0471976e+00   3.8003137e+00
   1.0471976e+00   3.9016554e+00
   1.0471976e+00   4.0029971e+00
   1.0471976e+00   4.1043388e+00
   1.0471976e+00   4.2056805e+00
   1.0471976e+00   4.3070222e+00
   1.0471976e+00   4.4083639e+00
   1.0471976e+00   4.5097056e+00
   1.0471976e+00   4.6110473e+00
   1.0471976e+00   4.7123890e+00
   1.0471976e+00   4.8137307e+00
   1.0471976e+00   4.9150724e+00
   1.0471976e+00   5.0164141e+00
   1.0471976e+00   5.1177558e+00
   1.0471976e+00   5.2190975e+00
   1.0471976e+00   5.3204392e+00
   1.0471976e+00   5.4217809e+00
   1.0471976e+00   5.5231226e+00
   1.0471976e+00   5.6244643e+00
   1.0471976e+00   5.7258060e+00
   1.0471976e+00   5.8271477e+00
   1.0471976e+00   5.9284894e+00
   1.0471976e+00   6.0298311e+00
   1.0471976e+00   6.1311728e+00
   1.0471976e+00   6.2325145e+00
   1.1344640e+00   0.0000000e+00
   1.1344640e+00   9.6664389e-02
   1.1344640e+00   1.9332878e-01
   1.1344640e+00   2.8999317e-01
   1.1344640e+00   3.8665756e-01
   1.1344640e+00   4.8332195e-01
   1.1344640e+00   5.7998634e-01
   1.1344640e+00   6.7665073e-01
   1.1344640e+00   7.7331511e-01
   1.1344640e+00   8.6997950e-01
   1.1344640e+00   9.6664389e-01
   1.1344640e+00   1.0633083e+00
   1.1344640e+00   1.1599727e+00
   1.1344640e+00   1.2566371e+00
   1.1344640e+00   1.3533015e+00
   1.1344640e+00   1.4499658e+00
   1.1344640e+00   1.5466302e+00
   1.1344640e+00   1.6432946e+00
   1.1344640e+00   1.7399590e+00
   1.1344640e+00   1.8366234e+00
   1.1344640e+00   1.9332878e+00
   1.1344640e+00   2.0299522e+00
   1.1344640e+00   2.1266166e+00
   1.1344640e+00   2.2232810e+00
   1.1344640e+00   2.3199453e+00
   1.1344640e+00   2.4166097e+00
   1.1344640e+00   2.5132741e+00
   1.1344640e+00   2.6099385e+00
   1.1344640e+00   2.7066029e+00
   1.1344640e+00   2.8032673e+00
   1.1344640e+00   2.8999317e+00
   1.1344640e+00   2.9965961e+00
   1.1344640e+00   3.0932605e+00
   1.1344640e+00   3.1899248e+00
   1.1344640e+00   3.2865892e+00
   1.1344640e+00   3.3832536e+00
   1.1344640e+00   3.4799180e+00
   1.1344640e+00   3.5765824e+00
   1.1344640e+00   3.6732468e+00
   1.1344640e+00   3.7699112e+00
   1.1344640e+00   3.8665756e+00
   1.1344640e+00   3.9632400e+00
   1.1344640e+00   4.0599044e+00
   1.1344640e+00   4.1565687e+00
   1.1344640e+00   4.2532331e+00
   1.1344640e+00   4.3498975e+00
   1.1344640e+00   4.4465619e+00
   1.1344640e+00   4.5432263e+00
   1.1344640e+00   4.6398907e+00
   1.1344640e+00   4.7365551e+00
   1.1344640e+00   4.8332195e+00
   1.1344640e+00   4.9298839e+00
   1.1344640e+00   5.0265482e+00
   1.1344640e+00   5.1232126e+00
   1.1344640e+00   5.2198770e+00
   1.1344640e+00   5.3165414e+00
   1.1344640e+00   5.4132058e+00
   1.1344640e+00   5.5098702e+00
   1.1344640e+00   5.6065346e+00
   1.1344640e+00   5.7031990e+00
   1.1344640e+00   5.7998634e+00
   1.1344640e+00   5.8965277e+00
   1.1344640e+00   5.9931921e+00
   1.1344640e+00   6.0898565e+00
   1.1344640e+00   6.1865209e+00
   1.2217305e+00   4.6199892e-02
   1.2217305e+00   1.3859968e-01
   1.2217305e+00   2.3099946e-01
   1.2217305e+00   3.2339924e-01
   1.2217305e+00   4.1579903e-01
   1.2217305e+00   5.0819881e-01
   1.2217305e+00   6.0059860e-01
   1.2217305e+00   6.9299838e-01
   1.2217305e+00   7.8539816e-01
   1.2217305e+00   8.7779795e-01
   1.2217305e+00   9.7019773e-01
   1.2217305e+00   1.0625975e+00
   1.2217305e+00   1.1549973e+00
   1.2217305e+00   1.2473971e+00
   1.2217305e+00   1.3397969e+00
   1.2217305e+00   1.4321967e+00
   1.2217305e+00   1.5245964e+00
   1.2217305e+00   1.6169962e+00
   1.2217305e+00   1.7093960e+00
   1.2217305e+00   1.8017958e+00
   1.2217305e+00   1.8941956e+00
   1.2217305e+00   1.9865954e+00
   1.2217305e+00   2.0789951e+00
   1.2217305e+00   2.1713949e+00
   1.2217305e+00   2.2637947e+00
   1.2217305e+00   2.3561945e+00
   1.2217305e+00   2.4485943e+00
   1.2217305e+00   2.5409941e+00
   1.2217305e+00   2.6333938e+00
   1.2217305e+00   2.7257936e+00
   1.2217305e+00   2.8181934e+00
   1.2217305e+00   2.9105932e+00
   1.2217305e+00   3.0029930e+00
   1.2217305e+00   3.0953928e+00
   1.2217305e+00   3.1877925e+00
   1.2217305e+00   3.2801923e+00
   1.2217305e+00   3.3725921e+00
   1.2217305e+00   3.4649919e+00
   1.2217305e+00   3.5573917e+00
   1.2217305e+00   3.6497915e+00
   1.2217305e+00   3.7421912e+00
   1.2217305e+00   3.8345910e+00
   1.2217305e+00   3.9269908e+00
   1.2217305e+00   4.0193906e+00
   1.2217305e+00   4.1117904e+00
   1.2217305e+00   4.2041902e+00
   1.2217305e+00   4.2965900e+00
   1.2217305e+00   4.3889897e+00
   1.2217305e+00   4.4813895e+00
   1.2217305e+00   4.5737893e+00
   1.2217305e+00   4.6661891e+00
   1.2217305e+00   4.7585889e+00
   1.2217305e+00   4.8509887e+00
   1.2217305e+00   4.9433884e+00
   1.2217305e+00   5.0357882e+00
   1.2217305e+00   5.1281880e+00
   1.2217305e+00   5.2205878e+00
   1.2217305e+00   5.3129876e+00
   1.2217305e+00   5.4053874e+00
   1.2217305e+00   5.4977871e+00
   1.2217305e+00   5.5901869e+00
   1.2217305e+00   5.6825867e+00
   1.2217305e+00   5.7749865e+00
   1.2217305e+00   5.8673863e+00
   1.2217305e+00   5.9597861e+00
   1.2217305e+00   6.0521858e+00
   1.2217305e+00   6.1445856e+00
   1.2217305e+00   6.2369854e+00
   1.3089969e+00   0.0000000e+00
   1.3089969e+00   8.9759790e-02
   1.3089969e+00   1.7951958e-01
   1.3089969e+00   2.6927937e-01
   1.3089969e+00   3.5903916e-01
   1.3089969e+00   4.4879895e-01
   1.3089969e+00   5.3855874e-01
   1.3089969e+00   6.2831853e-01
   1.3089969e+00   7.1807832e-01
   1.3089969e+00   8.0783811e-01
   1.3089969e+00   8.9759790e-01
   1.3089969e+00   9.8735769e-01
   1.3089969e+00   1.0771175e+00
   1.3089969e+00   1.1668773e+00
   1.3089969e+00   1.2566371e+00
   1.3089969e+00   1.3463969e+00
   1.3089969e+00   1.4361566e+00
   1.3089969e+00   1.5259164e+00
   1.3089969e+00   1.6156762e+00
   1.3089969e+00   1.7054360e+00
   1.3089969e+00   1.7951958e+00
   1.3089969e+00   1.8849556e+00
   1.3089969e+00   1.9747154e+00
   1.3089969e+00   2.0644752e+00
   1.3089969e+00   2.1542350e+00
   1.3089969e+00   2.2439948e+00
   1.3089969e+00   2.3337545e+00
   1.3089969e+00   2.4235143e+00
   1.3089969e+00   2.5132741e+00
   1.3089969e+00   2.6030339e+00
   1.3089969e+00   2.6927937e+00
   1.3089969e+00   2.7825535e+00
   1.3089969e+00   2.8723133e+00
   1.3089969e+00   2.9620731e+00
   1.3089969e+00   3.0518329e+00
   1.3089969e+00   3.1415927e+00
   1.3089969e+00   3.2313524e+00
   1.3089969e+00   3.3211122e+00
   1.3089969e+00   3.4108720e+00
   1.3089969e+00   3.5006318e+00
   1.3089969e+00   3.5903916e+00
   1.3089969e+00   3.6801514e+00
   1.3089969e+00   3.7699112e+00
   1.3089969e+00   3.8596710e+00
   1.3089969e+00   3.9494308e+00
   1.3089969e+00   4.0391906e+00
   1.3089969e+00   4.1289503e+00
   1.3089969e+00   4.2187101e+00
   1.3089969e+00   4.3084699e+00
   1.3089969e+00   4.3982297e+00
   1.3089969e+00   4.4879895e+00
   1.3089969e+00   4.5777493e+00
   1.3089969e+00   4.6675091e+00
   1.3089969e+00   4.7572689e+00
   1.3089969e+00   4.8470287e+00
   1.3089969e+00   4.9367885e+00
   1.3089969e+00   5.0265482e+00
   1.3089969e+00   5.1163080e+00
   1.3089969e+00   5.2060678e+00
   1.3089969e+00   5.2958276e+00
   1.3089969e+00   5.3855874e+00
   1.3089969e+00   5.4753472e+00
   1.3089969e+00   5.5651070e+00
   1.3089969e+00   5.6548668e+00
   1.3089969e+00   5.7446266e+00
   1.3089969e+00   5.8343864e+00
   1.3089969e+00   5.9241461e+00
   1.3089969e+00   6.0139059e+00
   1.3089969e+00   6.1036657e+00
   1.3089969e+00   6.1934255e+00
   1.3962634e+00   4.4247784e-02
   1.3962634e+00   1.3274335e-01
   1.3962634e+00   2.2123892e-01
   1.3962634e+00   3.0973449e-01
   1.3962634e+00   3.9823005e-01
   1.3962634e+00   4.8672562e-01
   1.3962634e+00   5.7522119e-01
   1.3962634e+00   6.6371676e-01
   1.3962634e+00   7.5221233e-01
   1.3962634e+00   8.4070789e-01
   1.3962634e+00   9.2920346e-01
   1.3962634e+00   1.0176990e+00
   1.3962634e+00   1.1061946e+00
   1.3962634e+00   1.1946902e+00
   1.3962634e+00   1.2831857e+00
   1.3962634e+00   1.3716813e+00
   1.3962634e+00   1.4601769e+00
   1.3962634e+00   1.5486724e+00
   1.3962634e+00   1.6371680e+00
   1.3962634e+00   1.7256636e+00
   1.3962634e+00   1.8141591e+00
   1.3962634e+00   1.9026547e+00
   1.3962634e+00   1.9911503e+00
   1.3962634e+00   2.0796458e+00
   1.3962634e+00   2.1681414e+00
   1.3962634e+00   2.2566370e+00
   1.3962634e+00   2.3451325e+00
   1.3962634e+00   2.4336281e+00
   1.3962634e+00   2.5221237e+00
   1.3962634e+00   2.6106192e+00
   1.3962634e+00   2.6991148e+00
   1.3962634e+00   2.7876104e+00
   1.3962634e+00   2.8761060e+00
   1.3962634e+00   2.9646015e+00
   1.3962634e+00   3.0530971e+00
   1.3962634e+00   3.1415927e+00
   1.3962634e+00   3.2300882e+00
   1.3962634e+00   3.3185838e+00
   1.3962634e+00   3.4070794e+00
   1.3962634e+00   3.4955749e+00
   1.3962634e+00   3.5840705e+00
   1.3962634e+00   3.6725661e+00
   1.3962634e+00   3.7610616e+00
   1.3962634e+00   3.8495572e+00
   1.3962634e+00   3.9380528e+00
   1.3962634e+00   4.0265483e+00
   1.3962634e+00   4.1150439e+00
   1.3962634e+00   4.2035395e+00
   1.3962634e+00   4.2920350e+00
   1.3962634e+00   4.3805306e+00
   1.3962634e+00   4.4690262e+00
   1.3962634e+00   4.5575217e+00
   1.3962634e+00   4.6460173e+00
   1.3962634e+00   4.7345129e+00
   1.3962634e+00   4.8230084e+00
   1.3962634e+00   4.9115040e+00
   1.3962634e+00   4.9999996e+00
   1.3962634e+00   5.0884951e+00
   1.3962634e+00   5.1769907e+00
   1.3962634e+00   5.2654863e+00
   1.3962634e+00   5.3539818e+00
   1.3962634e+00   5.4424774e+00
   1.3962634e+00   5.5309730e+00
   1.3962634e+00   5.6194685e+00
   1.3962634e+00   5.7079641e+00
   1.3962634e+00   5.7964597e+00
   1.3962634e+00   5.8849553e+00
   1.3962634e+00   5.9734508e+00
   1.3962634e+00   6.0619464e+00
   1.3962634e+00   6.1504420e+00
   1.3962634e+00   6.2389375e+00
   1.4835299e+00   0.0000000e+00
   1.4835299e+00   8.7266463e-02
   1.4835299e+00   1.7453293e-01
   1.4835299e+00   2.6179939e-01
   1.4835299e+00   3.4906585e-01
   1.4835299e+00   4.3633231e-01
   1.4835299e+00   5.2359878e-01
   1.4835299e+00   6.1086524e-01
   1.4835299e+00   6.9813170e-01
   1.4835299e+00   7.8539816e-01
   1.4835299e+00   8.7266463e-01
   1.4835299e+00   9.5993109e-01
   1.4835299e+00   1.0471976e+00
   1.4835299e+00   1.1344640e+00
   1.4835299e+00   1.2217305e+00
   1.4835299e+00   1.3089969e+00
   1.4835299e+00   1.3962634e+00
   1.4835299e+00   1.4835299e+00
   1.4835299e+00   1.5707963e+00
   1.4835299e+00   1.6580628e+00
   1.4835299e+00   1.7453293e+00
   1.4835299e+00   1.8325957e+00
   1.4835299e+00   1.9198622e+00
   1.4835299e+00   2.0071286e+00
   1.4835299e+00   2.0943951e+00
   1.4835299e+00   2.1816616e+00
   1.4835299e+00   2.2689280e+00
   1.4835299e+00   2.3561945e+00
   1.4835299e+00   2.4434610e+00
   1.4835299e+00   2.5307274e+00
   1.4835299e+00   2.6179939e+00
   1.4835299e+00   2.7052603e+00
   1.4835299e+00   2.7925268e+00
   1.4835299e+00   2.8797933e+00
   1.4835299e+00   2.9670597e+00
   1.4835299e+00   3.0543262e+00
   1.4835299e+00   3.1415927e+00
   1.4835299e+00   3.2288591e+00
   1.4835299e+00   3.3161256e+00
   1.4835299e+00   3.4033920e+00
   1.4835299e+00   3.4906585e+00
   1.4835299e+00   3.5779250e+00
   1.4835299e+00   3.6651914e+00
   1.4835299e+00   3.7524579e+00
   1.4835299e+00   3.8397244e+00
   1.4835299e+00   3.9269908e+00
   1.4835299e+00   4.0142573e+00
   1.4835299e+00   4.1015237e+00
   1.4835299e+00   4.1887902e+00
   1.4835299e+00   4.2760567e+00
   1.4835299e+00   4.3633231e+00
   1.4835299e+00   4.4505896e+00
   1.4835299e+00   4.5378561e+00
   1.4835299e+00   4.6251225e+00
   1.4835299e+00   4.7123890e+00
   1.4835299e+00   4.7996554e+00
   1.4835299e+00   4.8869219e+00
   1.4835299e+00   4.9741884e+00
   1.4835299e+00   5.0614548e+00
   1.4835299e+00   5.1487213e+00
   1.4835299e+00   5.2359878e+00
   1.4835299e+00   5.3232542e+00
   1.4835299e+00   5.4105207e+00
   1.4835299e+00   5.4977871e+00
   1.4835299e+00   5.5850536e+00
   1.4835299e+00   5.6723201e+00
   1.4835299e+00   5.7595865e+00
   1.4835299e+00   5.8468530e+00
   1.4835299e+00   5.9341195e+00
   1.4835299e+00   6.0213859e+00
   1.4835299e+00   6.1086524e+00
   1.4835299e+00   6.1959188e+00
   1.5707963e+00   4.3633231e-02
   1.5707963e+00   1.3089969e-01
   1.5707963e+00   2.1816616e-01
   1.5707963e+00   3.0543262e-01
   1.5707963e+00   3.9269908e-01
   1.5707963e+00   4.7996554e-01
   1.5707963e+00   5.6723201e-01
   1.5707963e+00   6.5449847e-01
   1.5707963e+00   7.4176493e-01
   1.5707963e+00   8.2903139e-01
   1.5707963e+00   9.1629786e-01
   1.5707963e+00   1.0035643e+00
   1.5707963e+00   1.0908308e+00
   1.5707963e+00   1.1780972e+00
   1.5707963e+00   1.2653637e+00
   1.5707963e+00   1.3526302e+00
   1.5707963e+00   1.4398966e+00
   1.5707963e+00   1.5271631e+00
   1.5707963e+00   1.6144296e+00
   1.5707963e+00   1.7016960e+00
   1.5707963e+00   1.7889625e+00
   1.5707963e+00   1.8762289e+00
   1.5707963e+00   1.9634954e+00
   1.5707963e+00   2.0507619e+00
   1.5707963e+00   2.1380283e+00
   1.5707963e+00   2.2252948e+00
   1.5707963e+00   2.3125613e+00
   1.5707963e+00   2.3998277e+00
   1.5707963e+00   2.4870942e+00
   1.5707963e+00   2.5743606e+00
   1.5707963e+00   2.6616271e+00
   1.5707963e+00   2.7488936e+00
   1.5707963e+00   2.8361600e+00
   1.5707963e+00   2.9234265e+00
   1.5707963e+00   3.0106930e+00
   1.5707963e+00   3.0979594e+00
   1.5707963e+00   3.1852259e+00
   1.5707963e+00   3.2724923e+00
   1.5707963e+00   3.3597588e+00
   1.5707963e+00   3.4470253e+00
   1.5707963e+00   3.5342917e+00
   1.5707963e+00   3.6215582e+00
   1.5707963e+00   3.7088247e+00
   1.5707963e+00   3.7960911e+00
   1.5707963e+00   3.8833576e+00
   1.5707963e+00   3.9706240e+00
   1.5707963e+00   4.0578905e+00
   1.5707963e+00   4.1451570e+00
   1.5707963e+00   4.2324234e+00
   1.5707963e+00   4.3196899e+00
   1.5707963e+00   4.4069564e+00
   1.5707963e+00   4.4942228e+00
   1.5707963e+00   4.5814893e+00
   1.5707963e+00   4.6687557e+00
   1.5707963e+00   4.7560222e+00
   1.5707963e+00   4.8432887e+00
   1.5707963e+00   4.9305551e+00
   1.5707963e+00   5.0178216e+00
   1.5707963e+00   5.1050881e+00
   1.5707963e+00   5.1923545e+00
   1.5707963e+00   5.2796210e+00
   1.5707963e+00   5.3668874e+00
   1.5707963e+00   5.4541539e+00
   1.5707963e+00   5.5414204e+00
   1.5707963e+00   5.6286868e+00
   1.5707963e+00   5.7159533e+00
   1.5707963e+00   5.8032198e+00
   1.5707963e+00   5.8904862e+00
   1.5707963e+00   5.9777527e+00
   1.5707963e+00   6.0650192e+00
   1.5707963e+00   6.1522856e+00
   1.5707963e+00   6.2395521e+00
   1.6580628e+00   0.0000000e+00
   1.6580628e+00   8.7266463e-02
   1.6580628e+00   1.7453293e-01
   1.6580628e+00   2.6179939e-01
   1.6580628e+00   3.4906585e-01
   1.6580628e+00   4.3633231e-01
   1.6580628e+00   5.2359878e-01
   1.6580628e+00   6.1086524e-01
   1.6580628e+00   6.9813170e-01
   1.6580628e+00   7.8539816e-01
   1.6580628e+00   8.7266463e-01
   1.6580628e+00   9.5993109e-01
   1.6580628e+00   1.0471976e+00
   1.6580628e+00   1.1344640e+00
   1.6580628e+00   1.2217305e+00
   1.6580628e+00   1.3089969e+00
   1.6580628e+00   1.3962634e+00
   1.6580628e+00   1.4835299e+00
   1.6580628e+00   1.5707963e+00
   1.6580628e+00   1.6580628e+00
   1.6580628e+00   1.7453293e+00
   1.6580628e+00   1.8325957e+00
   1.6580628e+00   1.9198622e+00
   1.6580628e+00   2.0071286e+00
   1.6580628e+00   2.0943951e+00
   1.6580628e+00   2.1816616e+00
   1.6580628e+00   2.2689280e+00
   1.6580628e+00   2.3561945e+00
   1.6580628e+00   2.4434610e+00
   1.6580628e+00   2.5307274e+00
   1.6580628e+00   2.6179939e+00
   1.6580628e+00   2.7052603e+00
   1.6580628e+00   2.7925268e+00
   1.6580628e+00   2.8797933e+00
   1.6580628e+00   2.9670597e+00
   1.6580628e+00   3.0543262e+00
   1.6580628e+00   3.1415927e+00
   1.6580628e+00   3.2288591e+00
   1.6580628e+00   3.3161256e+00
   1.6580628e+00   3.4033920e+00
   1.6580628e+00   3.4906585e+00
   1.6580628e+00   3.5779250e+00
   1.6580628e+00   3.6651914e+00
   1.6580628e+00   3.7524579e+00
   1.6580628e+00   3.8397244e+00
   1.6580628e+00   3.9269908e+00
   1.6580628e+00   4.0142573e+00
   1.6580628e+00   4.1015237e+00
   1.6580628e+00   4.1887902e+00
   1.6580628e+00   4.2760567e+00
   1.6580628e+00   4.3633231e+00
   1.6580628e+00   4.4505896e+00
   1.6580628e+00   4.5378561e+00
   1.6580628e+00   4.6251225e+00
   1.6580628e+00   4.7123890e+00
   1.6580628e+00   4.7996554e+00
   1.6580628e+00   4.8869219e+00
   1.6580628e+00   4.9741884e+00
   1.6580628e+00   5.0614548e+00
   1.6580628e+00   5.1487213e+00
   1.6580628e+00   5.2359878e+00
   1.6580628e+00   5.3232542e+00
   1.6580628e+00   5.4105207e+00
   1.6580628e+00   5.4977871e+00
   1.6580628e+00   5.5850536e+00
   1.6580628e+00   5.6723201e+00
   1.6580628e+00   5.7595865e+00
   1.6580628e+00   5.8468530e+00
   1.6580628e+00   5.9341195e+00
   1.6580628e+00   6.0213859e+00
   1.6580628e+00   6.1086524e+00
   1.6580628e+00   6.1959188e+00
   1.7453293e+00   4.4247784e-02
   1.7453293e+00   1.3274335e-01
   1.7453293e+00   2.2123892e-01
   1.7453293e+00   3.0973449e-01
   1.7453293e+00   3.9823005e-01
   1.7453293e+00   4.8672562e-01
   1.7453293e+00   5.7522119e-01
   1.7453293e+00   6.6371676e-01
   1.7453293e+00   7.5221233e-01
   1.7453293e+00   8.4070789e-01
   1.7453293e+00   9.2920346e-01
   1.7453293e+00   1.0176990e+00
   1.7453293e+00   1.1061946e+00
   1.7453293e+00   1.1946902e+00
   1.7453293e+00   1.2831857e+00
   1.7453293e+00   1.3716813e+00
   1.7453293e+00   1.4601769e+00
   1.7453293e+00   1.5486724e+00
   1.7453293e+00   1.6371680e+00
   1.7453293e+00   1.7256636e+00
   1.7453293e+00   1.8141591e+00
   1.7453293e+00   1.9026547e+00
   1.7453293e+00   1.9911503e+00
   1.7453293e+00   2.0796458e+00
   1.7453293e+00   2.1681414e+00
   1.7453293e+00   2.2566370e+00
   1.7453293e+00   2.3451325e+00
   1.7453293e+00   2.4336281e+00
   1.7453293e+00   2.5221237e+00
   1.7453293e+00   2.6106192e+00
   1.7453293e+00   2.6991148e+00
   1.7453293e+00   2.7876104e+00
   1.7453293e+00   2.8761060e+00
   1.7453293e+00   2.9646015e+00
   1.7453293e+00   3.0530971e+00
   1.7453293e+00   3.1415927e+00
   1.7453293e+00   3.2300882e+00
   1.7453293e+00   3.3185838e+00
   1.7453293e+00   3.4070794e+00
   1.7453293e+00   3.4955749e+00
   1.7453293e+00   3.5840705e+00
   1.7453293e+00   3.6725661e+00
   1.7453293e+00   3.7610616e+00
   1.7453293e+00   3.8495572e+00
   1.7453293e+00   3.9380528e+00
   1.7453293e+00   4.0265483e+00
   1.7453293e+00   4.1150439e+00
   1.7453293e+00   4.2035395e+00
   1.7453293e+00   4.2920350e+00
   1.7453293e+00   4.3805306e+00
   1.7453293e+00   4.4690262e+00
   1.7453293e+00   4.5575217e+00
   1.7453293e+00   4.6460173e+00
   1.7453293e+00   4.7345129e+00
   1.7453293e+00   4.8230084e+00
   1.7453293e+00   4.9115040e+00
   1.7453293e+00   4.9999996e+00
   1.7453293e+00   5.0884951e+00
   1.7453293e+00   5.1769907e+00
   1.7453293e+00   5.2654863e+00
   1.7453293e+00   5.3539818e+00
   1.7453293e+00   5.4424774e+00
   1.7453293e+00   5.5309730e+00
   1.7453293e+00   5.6194685e+00
   1.7453293e+00   5.7079641e+00
   1.7453293e+00   5.7964597e+00
   1.7453293e+00   5.8849553e+00
   1.7453293e+00   5.9734508e+00
   1.7453293e+00   6.0619464e+00
   1.7453293e+00   6.1504420e+00
   1.7453293e+00   6.2389375e+00
   1.8325957e+00   0.0000000e+00
   1.8325957e+00   8.9759790e-02
   1.8325957e+00   1.7951958e-01
   1.8325957e+00   2.6927937e-01
   1.8325957e+00   3.5903916e-01
   1.8325957e+00   4.4879895e-01
   1.8325957e+00   5.3855874e-01
   1.8325957e+00   6.2831853e-01
   1.8325957e+00   7.1807832e-01
   1.8325957e+00   8.0783811e-01
   1.8325957e+00   8.9759790e-01
   1.8325957e+00   9.8735769e-01
   1.8325957e+00   1.0771175e+00
   1.8325957e+00   1.1668773e+00
   1.8325957e+00   1.2566371e+00
   1.8325957e+00   1.3463969e+00
   1.8325957e+00   1.4361566e+00
   1.8325957e+00   1.5259164e+00
   1.8325957e+00   1.6156762e+00
   1.8325957e+00   1.7054360e+00
   1.8325957e+00   1.7951958e+00
   1.8325957e+00   1.8849556e+00
   1.8325957e+00   1.9747154e+00
   1.8325957e+00   2.0644752e+00
   1.8325957e+00   2.1542350e+00
   1.8325957e+00   2.2439948e+00
   1.8325957e+00   2.3337545e+00
   1.8325957e+00   2.4235143e+00
   1.8325957e+00   2.5132741e+00
   1.8325957e+00   2.6030339e+00
   1.8325957e+00   2.6927937e+00
   1.8325957e+00   2.7825535e+00
   1.8325957e+00   2.8723133e+00
   1.8325957e+00   2.9620731e+00
   1.8325957e+00   3.0518329e+00
   1.8325957e+00   3.1415927e+00
   1.8325957e+00   3.2313524e+00
   1.8325957e+00   3.3211122e+00
   1.8325957e+00   3.4108720e+00
   1.8325957e+00   3.5006318e+00
   1.8325957e+00   3.5903916e+00
   1.8325957e+00   3.6801514e+00
   1.8325957e+00   3.7699112e+00
   1.8325957e+00   3.8596710e+00
   1.8325957e+00   3.9494308e+00
   1.8325957e+00   4.0391906e+00
   1.8325957e+00   4.1289503e+00
   1.8325957e+00   4.2187101e+00
   1.8325957e+00   4.3084699e+00
   1.8325957e+00   4.3982297e+00
   1.8325957e+00   4.4879895e+00
   1.8325957e+00   4.5777493e+00
   1.8325957e+00   4.6675091e+00
   1.8325957e+00   4.7572689e+00
   1.8325957e+00   4.8470287e+00
   1.8325957e+00   4.9367885e+00
   1.8325957e+00   5.0265482e+00
   1.8325957e+00   5.1163080e+00
   1.8325957e+00   5.2060678e+00
   1.8325957e+00   5.2958276e+00
   1.8325957e+00   5.3855874e+00
   1.8325957e+00   5.4753472e+00
   1.8325957e+00   5.5651070e+00
   1.8325957e+00   5.6548668e+00
   1.8325957e+00   5.7446266e+00
   1.8325957e+00   5.8343864e+00
   1.8325957e+00   5.9241461e+00
   1.8325957e+00   6.0139059e+00
   1.8325957e+00   6.1036657e+00
   1.8325957e+00   6.1934255e+00
   1.9198622e+00   4.6199892e-02
   1.9198622e+00   1.3859968e-01
   1.9198622e+00   2.3099946e-01
   1.9198622e+00   3.2339924e-01
   1.9198622e+00   4.1579903e-01
   1.9198622e+00   5.0819881e-01
   1.9198622e+00   6.0059860e-01
   1.9198622e+00   6.9299838e-01
   1.9198622e+00   7.8539816e-01
   1.9198622e+00   8.7779795e-01
   1.9198622e+00   9.7019773e-01
   1.9198622e+00   1.0625975e+00
   1.9198622e+00   1.1549973e+00
   1.9198622e+00   1.2473971e+00
   1.9198622e+00   1.3397969e+00
   1.9198622e+00   1.4321967e+00
   1.9198622e+00   1.5245964e+00
   1.9198622e+00   1.6169962e+00
   1.9198622e+00   1.7093960e+00
   1.9198622e+00   1.8017958e+00
   1.9198622e+00   1.8941956e+00
   1.9198622e+00   1.9865954e+00
   1.9198622e+00   2.0789951e+00
   1.9198622e+00   2.1713949e+00
   1.9198622e+00   2.2637947e+00
   1.9198622e+00   2.3561945e+00
   1.9198622e+00   2.4485943e+00
   1.9198622e+00   2.5409941e+00
   1.9198622e+00   2.6333938e+00
   1.9198622e+00   2.7257936e+00
   1.9198622e+00   2.8181934e+00
   1.9198622e+00   2.9105932e+00
   1.9198622e+00   3.0029930e+00
   1.9198622e+00   3.0953928e+00
   1.9198622e+00   3.1877925e+00
   1.9198622e+00   3.2801923e+00
   1.9198622e+00   3.3725921e+00
   1.9198622e+00   3.4649919e+00
   1.9198622e+00   3.5573917e+00
   1.9198622e+00   3.6497915e+00
   1.9198622e+00   3.7421912e+00
   1.9198622e+00   3.8345910e+00
   1.9198622e+00   3.9269908e+00
   1.9198622e+00   4.0193906e+00
   1.9198622e+00   4.1117904e+00
   1.9198622e+00   4.2041902e+00
   1.9198622e+00   4.2965900e+00
   1.9198622e+00   4.3889897e+00
   1.9198622e+00   4.4813895e+00
   1.9198622e+00   4.5737893e+00
   1.9198622e+00   4.6661891e+00
   1.9198622e+00   4.7585889e+00
   1.9198622e+00   4.8509887e+00
   1.9198622e+00   4.9433884e+00
   1.9198622e+00   5.0357882e+00
   1.9198622e+00   5.1281880e+00
   1.9198622e+00   5.2205878e+00
   1.9198622e+00   5.3129876e+00
   1.9198622e+00   5.4053874e+00
   1.9198622e+00   5.4977871e+00
   1.9198622e+00   5.5901869e+00
   1.9198622e+00   5.6825867e+00
   1.9198622e+00   5.7749865e+00
   1.9198622e+00   5.8673863e+00
   1.9198622e+00   5.9597861e+00
   1.9198622e+00   6.0521858e+00
   1.9198622e+00   6.1445856e+00
   1.9198622e+00   6.2369854e+00
   2.0071286e+00   0.0000000e+00
   2.0071286e+00   9.6664389e-02
   2.0071286e+00   1.9332878e-01
   2.0071286e+00   2.8999317e-01
   2.0071286e+00   3.8665756e-01
   2.0071286e+00   4.8332195e-01
   2.0071286e+00   5.7998634e-01
   2.0071286e+00   6.7665073e-01
   2.0071286e+00   7.7331511e-01
   2.0071286e+00   8.6997950e-01
   2.0071286e+00   9.6664389e-01
   2.0071286e+00   1.0633083e+00
   2.0071286e+00   1.1599727e+00
   2.0071286e+00   1.2566371e+00
   2.0071286e+00   1.3533015e+00
   2.0071286e+00   1.4499658e+00
   2.0071286e+00   1.5466302e+00
   2.0071286e+00   1.6432946e+00
   2.0071286e+00   1.7399590e+00
   2.0071286e+00   1.8366234e+00
   2.0071286e+00   1.9332878e+00
   2.0071286e+00   2.0299522e+00
   2.0071286e+00   2.1266166e+00
   2.0071286e+00   2.2232810e+00
   2.0071286e+00   2.3199453e+00
   2.0071286e+00   2.4166097e+00
   2.0071286e+00   2.5132741e+00
   2.0071286e+00   2.6099385e+00
   2.0071286e+00   2.7066029e+00
   2.0071286e+00   2.8032673e+00
   2.0071286e+00   2.8999317e+00
   2.0071286e+00   2.9965961e+00
   2.0071286e+00   3.0932605e+00
   2.0071286e+00   3.1899248e+00
   2.0071286e+00   3.2865892e+00
   2.0071286e+00   3.3832536e+00
   2.0071286e+00   3.4799180e+00
   2.0071286e+00   3.5765824e+00
   2.0071286e+00   3.6732468e+00
   2.0071286e+00   3.7699112e+00
   2.0071286e+00   3.8665756e+00
   2.0071286e+00   3.9632400e+00
   2.0071286e+00   4.0599044e+00
   2.0071286e+00   4.1565687e+00
   2.0071286e+00   4.2532331e+00
   2.0071286e+00   4.3498975e+00
   2.0071286e+00   4.4465619e+00
   2.0071286e+00   4.5432263e+00
   2.0071286e+00   4.6398907e+00
   2.0071286e+00   4.7365551e+00
   2.0071286e+00   4.8332195e+00
   2.0071286e+00   4.9298839e+00
   2.0071286e+00   5.0265482e+00
   2.0071286e+00   5.1232126e+00
   2.0071286e+00   5.2198770e+00
   2.0071286e+00   5.3165414e+00
   2.0071286e+00   5.4132058e+00
   2.0071286e+00   5.5098702e+00
   2.0071286e+00   5.6065346e+00
   2.0071286e+00   5.7031990e+00
   2.0071286e+00   5.7998634e+00
   2.0071286e+00   5.8965277e+00
   2.0071286e+00   5.9931921e+00
   2.0071286e+00   6.0898565e+00
   2.0071286e+00   6.1865209e+00
   2.0943951e+00   5.0670849e-02
   2.0943951e+00   1.5201255e-01
   2.0943951e+00   2.5335425e-01
   2.0943951e+00   3.5469594e-01
   2.0943951e+00   4.5603764e-01
   2.0943951e+00   5.5737934e-01
   2.0943951e+00   6.5872104e-01
   2.0943951e+00   7.6006274e-01
   2.0943951e+00   8.6140444e-01
   2.0943951e+00   9.6274614e-01
   2.0943951e+00   1.0640878e+00
   2.0943951e+00   1.1654295e+00
   2.0943951e+00   1.2667712e+00
   2.0943951e+00   1.3681129e+00
   2.0943951e+00   1.4694546e+00
   2.0943951e+00   1.5707963e+00
   2.0943951e+00   1.6721380e+00
   2.0943951e+00   1.7734797e+00
   2.0943951e+00   1.8748214e+00
   2.0943951e+00   1.9761631e+00
   2.0943951e+00   2.0775048e+00
   2.0943951e+00   2.1788465e+00
   2.0943951e+00   2.2801882e+00
   2.0943951e+00   2.3815299e+00
   2.0943951e+00   2.4828716e+00
   2.0943951e+00   2.5842133e+00
   2.0943951e+00   2.6855550e+00
   2.0943951e+00   2.7868967e+00
   2.0943951e+00   2.8882384e+00
   2.0943951e+00   2.9895801e+00
   2.0943951e+00   3.0909218e+00
   2.0943951e+00   3.1922635e+00
   2.0943951e+00   3.2936052e+00
   2.0943951e+00   3.3949469e+00
   2.0943951e+00   3.4962886e+00
   2.0943951e+00   3.5976303e+00
   2.0943951e+00   3.6989720e+00
   2.0943951e+00   3.8003137e+00
   2.0943951e+00   3.9016554e+00
   2.0943951e+00   4.0029971e+00
   2.0943951e+00   4.1043388e+00
   2.0943951e+00   4.2056805e+00
   2.0943951e+00   4.3070222e+00
   2.0943951e+00   4.4083639e+00
   2.0943951e+00   4.5097056e+00
   2.0943951e+00   4.6110473e+00
   2.0943951e+00   4.7123890e+00
   2.0943951e+00   4.8137307e+00
   2.0943951e+00   4.9150724e+00
   2.0943951e+00   5.0164141e+00
   2.0943951e+00   5.1177558e+00
   2.0943951e+00   5.2190975e+00
   2.0943951e+00   5.3204392e+00
   2.0943951e+00   5.4217809e+00
   2.0943951e+00   5.5231226e+00
   2.0943951e+00   5.6244643e+00
   2.0943951e+00   5.7258060e+00
   2.0943951e+00   5.8271477e+00
   2.0943951e+00   5.9284894e+00
   2.0943951e+00   6.0298311e+00
   2.0943951e+00   6.1311728e+00
   2.0943951e+00   6.2325145e+00
   2.1816616e+00   0.0000000e+00
   2.1816616e+00   1.0649467e-01
   2.1816616e+00   2.1298933e-01
   2.1816616e+00   3.1948400e-01
   2.1816616e+00   4.2597866e-01
   2.1816616e+00   5.3247333e-01
   2.1816616e+00   6.3896800e-01
   2.1816616e+00   7.4546266e-01
   2.1816616e+00   8.5195733e-01
   2.1816616e+00   9.5845200e-01
   2.1816616e+00   1.0649467e+00
   2.1816616e+00   1.1714413e+00
   2.1816616e+00   1.2779360e+00
   2.1816616e+00   1.3844307e+00
   2.1816616e+00   1.4909253e+00
   2.1816616e+00   1.5974200e+00
   2.1816616e+00   1.7039147e+00
   2.1816616e+00   1.8104093e+00
   2.1816616e+00   1.9169040e+00
   2.1816616e+00   2.0233987e+00
   2.1816616e+00   2.1298933e+00
   2.1816616e+00   2.2363880e+00
   2.1816616e+00   2.3428827e+00
   2.1816616e+00   2.4493773e+00
   2.1816616e+00   2.5558720e+00
   2.1816616e+00   2.6623667e+00
   2.1816616e+00   2.7688613e+00
   2.1816616e+00   2.8753560e+00
   2.1816616e+00   2.9818507e+00
   2.1816616e+00   3.0883453e+00
   2.1816616e+00   3.1948400e+00
   2.1816616e+00   3.3013347e+00
   2.1816616e+00   3.4078293e+00
   2.1816616e+00   3.5143240e+00
   2.1816616e+00   3.6208187e+00
   2.1816616e+00   3.7273133e+00
   2.1816616e+00   3.8338080e+00
   2.1816616e+00   3.9403027e+00
   2.1816616e+00   4.0467973e+00
   2.1816616e+00   4.1532920e+00
   2.1816616e+00   4.2597866e+00
   2.1816616e+00   4.3662813e+00
   2.1816616e+00   4.4727760e+00
   2.1816616e+00   4.5792706e+00
   2.1816616e+00   4.6857653e+00
   2.1816616e+00   4.7922600e+00
   2.1816616e+00   4.8987546e+00
   2.1816616e+00   5.0052493e+00
   2.1816616e+00   5.1117440e+00
   2.1816616e+00   5.2182386e+00
   2.1816616e+00   5.3247333e+00
   2.1816616e+00   5.4312280e+00
   2.1816616e+00   5.5377226e+00
   2.1816616e+00   5.6442173e+00
   2.1816616e+00   5.7507120e+00
   2.1816616e+00   5.8572066e+00
   2.1816616e+00   5.9637013e+00
   2.1816616e+00   6.0701960e+00
   2.1816616e+00   6.1766906e+00
   2.2689280e+00   5.7119866e-02
   2.2689280e+00   1.7135960e-01
   2.2689280e+00   2.8559933e-01
   2.2689280e+00   3.9983907e-01
   2.2689280e+00   5.1407880e-01
   2.2689280e+00   6.2831853e-01
   2.2689280e+00   7.4255826e-01
   2.2689280e+00   8.5679800e-01
   2.2689280e+00   9.7103773e-01
   2.2689280e+00   1.0852775e+00
   2.2689280e+00   1.1995172e+00
   2.2689280e+00   1.3137569e+00
   2.2689280e+00   1.4279967e+00
   2.2689280e+00   1.5422364e+00
   2.2689280e+00   1.6564761e+00
   2.2689280e+00   1.7707159e+00
   2.2689280e+00   1.8849556e+00
   2.2689280e+00   1.9991953e+00
   2.2689280e+00   2.1134351e+00
   2.2689280e+00   2.2276748e+00
   2.2689280e+00   2.3419145e+00
   2.2689280e+00   2.4561543e+00
   2.2689280e+00   2.5703940e+00
   2.2689280e+00   2.6846337e+00
   2.2689280e+00   2.7988735e+00
   2.2689280e+00   2.9131132e+00
   2.2689280e+00   3.0273529e+00
   2.2689280e+00   3.1415927e+00
   2.2689280e+00   3.2558324e+00
   2.2689280e+00   3.3700721e+00
   2.2689280e+00   3.4843119e+00
   2.2689280e+00   3.5985516e+00
   2.2689280e+00   3.7127913e+00
   2.2689280e+00   3.8270311e+00
   2.2689280e+00   3.9412708e+00
   2.2689280e+00   4.0555105e+00
   2.2689280e+00   4.1697502e+00
   2.2689280e+00   4.2839900e+00
   2.2689280e+00   4.3982297e+00
   2.2689280e+00   4.5124694e+00
   2.2689280e+00   4.6267092e+00
   2.2689280e+00   4.7409489e+00
   2.2689280e+00   4.8551886e+00
   2.2689280e+00   4.9694284e+00
   2.2689280e+00   5.0836681e+00
   2.2689280e+00   5.1979078e+00
   2.2689280e+00   5.3121476e+00
   2.2689280e+00   5.4263873e+00
   2.2689280e+00   5.5406270e+00
   2.2689280e+00   5.6548668e+00
   2.2689280e+00   5.7691065e+00
   2.2689280e+00   5.8833462e+00
   2.2689280e+00   5.9975860e+00
   2.2689280e+00   6.1118257e+00
   2.2689280e+00   6.2260654e+00
   2.3561945e+00   0.0000000e+00
   2.3561945e+00   1.2319971e-01
   2.3561945e+00   2.4639942e-01
   2.3561945e+00   3.6959914e-01
   2.3561945e+00   4.9279885e-01
   2.3561945e+00   6.1599856e-01
   2.3561945e+00   7.3919827e-01
   2.3561945e+00   8.6239798e-01
   2.3561945e+00   9.8559770e-01
   2.3561945e+00   1.1087974e+00
   2.3561945e+00   1.2319971e+00
   2.3561945e+00   1.3551968e+00
   2.3561945e+00   1.4783965e+00
   2.3561945e+00   1.6015963e+00
   2.3561945e+00   1.7247960e+00
   2.3561945e+00   1.8479957e+00
   2.3561945e+00   1.9711954e+00
   2.3561945e+00   2.0943951e+00
   2.3561945e+00   2.2175948e+00
   2.3561945e+00   2.3407945e+00
   2.3561945e+00   2.4639942e+00
   2.3561945e+00   2.5871940e+00
   2.3561945e+00   2.7103937e+00
   2.3561945e+00   2.8335934e+00
   2.3561945e+00   2.9567931e+00
   2.3561945e+00   3.0799928e+00
   2.3561945e+00   3.2031925e+00
   2.3561945e+00   3.3263922e+00
   2.3561945e+00   3.4495919e+00
   2.3561945e+00   3.5727916e+00
   2.3561945e+00   3.6959914e+00
   2.3561945e+00   3.8191911e+00
   2.3561945e+00   3.9423908e+00
   2.3561945e+00   4.0655905e+00
   2.3561945e+00   4.1887902e+00
   2.3561945e+00   4.3119899e+00
   2.3561945e+00   4.4351896e+00
   2.3561945e+00   4.5583893e+00
   2.3561945e+00   4.6815891e+00
   2.3561945e+00   4.8047888e+00
   2.3561945e+00   4.9279885e+00
   2.3561945e+00   5.0511882e+00
   2.3561945e+00   5.1743879e+00
   2.3561945e+00   5.2975876e+00
   2.3561945e+00   5.4207873e+00
   2.3561945e+00   5.5439870e+00
   2.3561945e+00   5.6671867e+00
   2.3561945e+00   5.7903865e+00
   2.3561945e+00   5.9135862e+00
   2.3561945e+00   6.0367859e+00
   2.3561945e+00   6.1599856e+00
   2.4434610e+00   6.8295492e-02
   2.4434610e+00   2.0488648e-01
   2.4434610e+00   3.4147746e-01
   2.4434610e+00   4.7806845e-01
   2.4434610e+00   6.1465943e-01
   2.4434610e+00   7.5125042e-01
   2.4434610e+00   8.8784140e-01
   2.4434610e+00   1.0244324e+00
   2.4434610e+00   1.1610234e+00
   2.4434610e+00   1.2976144e+00
   2.4434610e+00   1.4342053e+00
   2.4434610e+00   1.5707963e+00
   2.4434610e+00   1.7073873e+00
   2.4434610e+00   1.8439783e+00
   2.4434610e+00   1.9805693e+00
   2.4434610e+00   2.1171603e+00
   2.4434610e+00   2.2537513e+00
   2.4434610e+00   2.3903422e+00
   2.4434610e+00   2.5269332e+00
   2.4434610e+00   2.6635242e+00
   2.4434610e+00   2.8001152e+00
   2.4434610e+00   2.9367062e+00
   2.4434610e+00   3.0732972e+00
   2.4434610e+00   3.2098881e+00
   2.4434610e+00   3.3464791e+00
   2.4434610e+00   3.4830701e+00
   2.4434610e+00   3.6196611e+00
   2.4434610e+00   3.7562521e+00
   2.4434610e+00   3.8928431e+00
   2.4434610e+00   4.0294341e+00
   2.4434610e+00   4.1660250e+00
   2.4434610e+00   4.3026160e+00
   2.4434610e+00   4.4392070e+00
   2.4434610e+00   4.5757980e+00
   2.4434610e+00   4.7123890e+00
   2.4434610e+00   4.8489800e+00
   2.4434610e+00   4.9855710e+00
   2.4434610e+00   5.1221619e+00
   2.4434610e+00   5.2587529e+00
   2.4434610e+00   5.3953439e+00
   2.4434610e+00   5.5319349e+00
   2.4434610e+00   5.6685259e+00
   2.4434610e+00   5.8051169e+00
   2.4434610e+00   5.9417078e+00
   2.4434610e+00   6.0782988e+00
   2.4434610e+00   6.2148898e+00
   2.5307274e+00   0.0000000e+00
   2.5307274e+00   1.5324842e-01
   2.5307274e+00   3.0649684e-01
   2.5307274e+00   4.5974527e-01
   2.5307274e+00   6.1299369e-01
   2.5307274e+00   7.6624211e-01
   2.5307274e+00   9.1949053e-01
   2.5307274e+00   1.0727390e+00
   2.5307274e+00   1.2259874e+00
   2.5307274e+00   1.3792358e+00
   2.5307274e+00   1.5324842e+00
   2.5307274e+00   1.6857326e+00
   2.5307274e+00   1.8389811e+00
   2.5307274e+00   1.9922295e+00
   2.5307274e+00   2.1454779e+00
   2.5307274e+00   2.2987263e+00
   2.5307274e+00   2.4519748e+00
   2.5307274e+00   2.6052232e+00
   2.5307274e+00   2.7584716e+00
   2.5307274e+00   2.9117200e+00
   2.5307274e+00   3.0649684e+00
   2.5307274e+00   3.2182169e+00
   2.5307274e+00   3.3714653e+00
   2.5307274e+00   3.5247137e+00
   2.5307274e+00   3.6779621e+00
   2.5307274e+00   3.8312106e+00
   2.5307274e+00   3.9844590e+00
   2.5307274e+00   4.1377074e+00
   2.5307274e+00   4.2909558e+00
   2.5307274e+00   4.4442042e+00
   2.5307274e+00   4.5974527e+00
   2.5307274e+00   4.7507011e+00
   2.5307274e+00   4.9039495e+00
   2.5307274e+00   5.0571979e+00
   2.5307274e+00   5.2104464e+00
   2.5307274e+00   5.3636948e+00
   2.5307274e+00   5.5169432e+00
   2.5307274e+00   5.6701916e+00
   2.5307274e+00   5.8234400e+00
   2.5307274e+00   5.9766885e+00
   2.5307274e+00   6.1299369e+00
   2.6179939e+00   8.7266463e-02
   2.6179939e+00   2.6179939e-01
   2.6179939e+00   4.3633231e-01
   2.6179939e+00   6.1086524e-01
   2.6179939e+00   7.8539816e-01
   2.6179939e+00   9.5993109e-01
   2.6179939e+00   1.1344640e+00
   2.6179939e+00   1.3089969e+00
   2.6179939e+00   1.4835299e+00
   2.6179939e+00   1.6580628e+00
   2.6179939e+00   1.8325957e+00
   2.6179939e+00   2.0071286e+00
   2.6179939e+00   2.1816616e+00
   2.6179939e+00   2.3561945e+00
   2.6179939e+00   2.5307274e+00
   2.6179939e+00   2.7052603e+00
   2.6179939e+00   2.8797933e+00
   2.6179939e+00   3.0543262e+00
   2.6179939e+00   3.2288591e+00
   2.6179939e+00   3.4033920e+00
   2.6179939e+00   3.5779250e+00
   2.6179939e+00   3.7524579e+00
   2.6179939e+00   3.9269908e+00
   2.6179939e+00   4.1015237e+00
   2.6179939e+00   4.2760567e+00
   2.6179939e+00   4.4505896e+00
   2.6179939e+00   4.6251225e+00
   2.6179939e+00   4.7996554e+00
   2.6179939e+00   4.9741884e+00
   2.6179939e+00   5.1487213e+00
   2.6179939e+00   5.3232542e+00
   2.6179939e+00   5.4977871e+00
   2.6179939e+00   5.6723201e+00
   2.6179939e+00   5.8468530e+00
   2.6179939e+00   6.0213859e+00
   2.6179939e+00   6.1959188e+00
   2.7052603e+00   0.0000000e+00
   2.7052603e+00   2.0943951e-01
   2.7052603e+00   4.1887902e-01
   2.7052603e+00   6.2831853e-01
   2.7052603e+00   8.3775804e-01
   2.7052603e+00   1.0471976e+00
   2.7052603e+00   1.2566371e+00
   2.7052603e+00   1.4660766e+00
   2.7052603e+00   1.6755161e+00
   2.7052603e+00   1.8849556e+00
   2.7052603e+00   2.0943951e+00
   2.7052603e+00   2.3038346e+00
   2.7052603e+00   2.5132741e+00
   2.7052603e+00   2.7227136e+00
   2.7052603e+00   2.9321531e+00
   2.7052603e+00   3.1415927e+00
   2.7052603e+00   3.3510322e+00
   2.7052603e+00   3.5604717e+00
   2.7052603e+00   3.7699112e+00
   2.7052603e+00   3.9793507e+00
   2.7052603e+00   4.1887902e+00
   2.7052603e+00   4.3982297e+00
   2.7052603e+00   4.6076692e+00
   2.7052603e+00   4.8171087e+00
   2.7052603e+00   5.0265482e+00
   2.7052603e+00   5.2359878e+00
   2.7052603e+00   5.4454273e+00
   2.7052603e+00   5.6548668e+00
   2.7052603e+00   5.8643063e+00
   2.7052603e+00   6.0737458e+00
   2.7925268e+00   1.2566371e-01
   2.7925268e+00   3.7699112e-01
   2.7925268e+00   6.2831853e-01
   2.7925268e+00   8.7964594e-01
   2.7925268e+00   1.1309734e+00
   2.7925268e+00   1.3823008e+00
   2.7925268e+00   1.6336282e+00
   2.7925268e+00   1.8849556e+00
   2.7925268e+00   2.1362830e+00
   2.7925268e+00   2.3876104e+00
   2.7925268e+00   2.6389378e+00
   2.7925268e+00   2.8902652e+00
   2.7925268e+00   3.1415927e+00
   2.7925268e+00   3.3929201e+00
   2.7925268e+00   3.6442475e+00
   2.7925268e+00   3.8955749e+00
   2.7925268e+00   4.1469023e+00
   2.7925268e+00   4.3982297e+00
   2.7925268e+00   4.6495571e+00
   2.7925268e+00   4.9008845e+00
   2.7925268e+00   5.1522120e+00
   2.7925268e+00   5.4035394e+00
   2.7925268e+00   5.6548668e+00
   2.7925268e+00   5.9061942e+00
   2.7925268e+00   6.1575216e+00
   2.8797933e+00   0.0000000e+00
   2.8797933e+00   3.3069396e-01
   2.8797933e+00   6.6138793e-01
   2.8797933e+00   9.9208189e-01
   2.8797933e+00   1.3227759e+00
   2.8797933e+00   1.6534698e+00
   2.8797933e+00   1.9841638e+00
   2.8797933e+00   2.3148577e+00
   2.8797933e+00   2.6455517e+00
   2.8797933e+00   2.9762457e+00
   2.8797933e+00   3.3069396e+00
   2.8797933e+00   3.6376336e+00
   2.8797933e+00   3.9683276e+00
   2.8797933e+00   4.2990215e+00
   2.8797933e+00   4.6297155e+00
   2.8797933e+00   4.9604095e+00
   2.8797933e+00   5.2911034e+00
   2.8797933e+00   5.6217974e+00
   2.8797933e+00   5.9524913e+00
   2.9670597e+00   2.4166097e-01
   2.9670597e+00   7.2498292e-01
   2.9670597e+00   1.2083049e+00
   2.9670597e+00   1.6916268e+00
   2.9670597e+00   2.1749488e+00
   2.9670597e+00   2.6582707e+00
   2.9670597e+00   3.1415927e+00
   2.9670597e+00   3.6249146e+00
   2.9670597e+00   4.1082365e+00
   2.9670597e+00   4.5915585e+00
   2.9670597e+00   5.0748804e+00
   2.9670597e+00   5.5582024e+00
   2.9670597e+00   6.0415243e+00
   3.0543262e+00   0.0000000e+00
   3.0543262e+00   1.0471976e+00
   3.0543262e+00   2.0943951e+00
   3.0543262e+00   3.1415927e+00
   3.0543262e+00   4.1887902e+00
   3.0543262e+00   5.2359878e+00
   3.1415927e+00   3.1415927e+00
