   0.0000000e+00   3.1415927e+00
   7.4799825e-02   0.0000000e+00
   7.4799825e-02   1.0471976e+00
   7.4799825e-02   2.0943951e+00
   7.4799825e-02   3.1415927e+00
   7.4799825e-02   4.1887902e+00
   7.4799825e-02   5.2359878e+00
   1.4959965e-01   2.4166097e-01
   1.4959965e-01   7.2498292e-01
   1.4959965e-01   1.2083049e+00
   1.4959965e-01   1.6916268e+00
   1.4959965e-01   2.1749488e+00
   1.4959965e-01   2.6582707e+00
   1.4959965e-01   3.1415927e+00
   1.4959965e-01   3.6249146e+00
   1.4959965e-01   4.1082365e+00
   1.4959965e-01   4.5915585e+00
   1.4959965e-01   5.0748804e+00
   1.4959965e-01   5.5582024e+00
   1.4959965e-01   6.0415243e+00
   2.2439948e-01   0.0000000e+00
   2.2439948e-01   3.3069396e-01
   2.2439948e-01   6.6138793e-01
   2.2439948e-01   9.9208189e-01
   2.2439948e-01   1.3227759e+00
   2.2439948e-01   1.6534698e+00
   2.2439948e-01   1.9841638e+00
   2.2439948e-01   2.3148577e+00
   2.2439948e-01   2.6455517e+00
   2.2439948e-01   2.9762457e+00
   2.2439948e-01   3.3069396e+00
   2.2439948e-01   3.6376336e+00
   2.2439948e-01   3.9683276e+00
   2.2439948e-01   4.2990215e+00
   2.2439948e-01   4.6297155e+00
   2.2439948e-01   4.9604095e+00
   2.2439948e-01   5.2911034e+00
   2.2439948e-01   5.6217974e+00
   2.2439948e-01   5.9524913e+00
   2.9919930e-01   1.2566371e-01
   2.9919930e-01   3.7699112e-01
   2.9919930e-01   6.2831853e-01
   2.9919930e-01   8.7964594e-01
   2.9919930e-01   1.1309734e+00
   2.9919930e-01   1.3823008e+00
   2.9919930e-01   1.6336282e+00
   2.9919930e-01   1.8849556e+00
   2.9919930e-01   2.1362830e+00
   2.9919930e-01   2.3876104e+00
   2.9919930e-01   2.6389378e+00
   2.9919930e-01   2.8902652e+00
   2.9919930e-01   3.1415927e+00
   2.9919930e-01   3.3929201e+00
   2.9919930e-01   3.6442475e+00
   2.9919930e-01   3.8955749e+00
   2.9919930e-01   4.1469023e+00
   2.9919930e-01   4.3982297e+00
   2.9919930e-01   4.6495571e+00
   2.9919930e-01   4.9008845e+00
   2.9919930e-01   5.1522120e+00
   2.9919930e-01   5.4035394e+00
   2.9919930e-01   5.6548668e+00
   2.9919930e-01   5.9061942e+00
   2.9919930e-01   6.1575216e+00
   3.7399913e-01   0.0000000e+00
   3.7399913e-01   2.0268340e-01
   3.7399913e-01   4.0536679e-01
   3.7399913e-01   6.0805019e-01
   3.7399913e-01   8.1073359e-01
   3.7399913e-01   1.0134170e+00
   3.7399913e-01   1.2161004e+00
   3.7399913e-01   1.4187838e+00
   3.7399913e-01   1.6214672e+00
   3.7399913e-01   1.8241506e+00
   3.7399913e-01   2.0268340e+00
   3.7399913e-01   2.2295174e+00
   3.7399913e-01   2.4322008e+00
   3.7399913e-01   2.6348842e+00
   3.7399913e-01   2.8375676e+00
   3.7399913e-01   3.0402510e+00
   3.7399913e-01   3.2429344e+00
   3.7399913e-01   3.4456177e+00
   3.7399913e-01   3.6483011e+00
   3.7399913e-01   3.8509845e+00
   3.7399913e-01   4.0536679e+00
   3.7399913e-01   4.2563513e+00
   3.7399913e-01   4.4590347e+00
   3.7399913e-01   4.6617181e+00
   3.7399913e-01   4.8644015e+00
   3.7399913e-01   5.0670849e+00
   3.7399913e-01   5.2697683e+00
   3.7399913e-01   5.4724517e+00
   3.7399913e-01   5.6751351e+00
   3.7399913e-01   5.8778185e+00
   3.7399913e-01   6.0805019e+00
   4.4879895e-01   8.7266463e-02
   4.4879895e-01   2.6179939e-01
   4.4879895e-01   4.3633231e-01
   4.4879895e-01   6.1086524e-01
   4.4879895e-01   7.8539816e-01
   4.4879895e-01   9.5993109e-01
   4.4879895e-01   1.1344640e+00
   4.4879895e-01   1.3089969e+00
   4.4879895e-01   1.4835299e+00
   4.4879895e-01   1.6580628e+00
   4.4879895e-01   1.8325957e+00
   4.4879895e-01   2.0071286e+00
   4.4879895e-01   2.1816616e+00
   4.4879895e-01   2.3561945e+00
   4.4879895e-01   2.5307274e+00
   4.4879895e-01   2.7052603e+00
   4.4879895e-01   2.8797933e+00
   4.4879895e-01   3.0543262e+00
   4.4879895e-01   3.2288591e+00
   4.4879895e-01   3.4033920e+00
   4.4879895e-01   3.5779250e+00
   4.4879895e-01   3.7524579e+00
   4.4879895e-01   3.9269908e+00
   4.4879895e-01   4.1015237e+00
   4.4879895e-01   4.2760567e+00
   4.4879895e-01   4.4505896e+00
   4.4879895e-01   4.6251225e+00
   4.4879895e-01   4.7996554e+00
   4.4879895e-01   4.9741884e+00
   4.4879895e-01   5.1487213e+00
   4.4879895e-01   5.3232542e+00
   4.4879895e-01   5.4977871e+00
   4.4879895e-01   5.6723201e+00
   4.4879895e-01   5.8468530e+00
   4.4879895e-01   6.0213859e+00
   4.4879895e-01   6.1959188e+00
   5.2359878e-01   0.0000000e+00
   5.2359878e-01   1.4959965e-01
   5.2359878e-01   2.9919930e-01
   5.2359878e-01   4.4879895e-01
   5.2359878e-01   5.9839860e-01
   5.2359878e-01   7.4799825e-01
   5.2359878e-01   8.9759790e-01
   5.2359878e-01   1.0471976e+00
   5.2359878e-01   1.1967972e+00
   5.2359878e-01   1.3463969e+00
   5.2359878e-01   1.4959965e+00
   5.2359878e-01   1.6455962e+00
   5.2359878e-01   1.7951958e+00
   5.2359878e-01   1.9447955e+00
   5.2359878e-01   2.0943951e+00
   5.2359878e-01   2.2439948e+00
   5.2359878e-01   2.3935944e+00
   5.2359878e-01   2.5431941e+00
   5.2359878e-01   2.6927937e+00
   5.2359878e-01   2.8423934e+00
   5.2359878e-01   2.9919930e+00
   5.2359878e-01   3.1415927e+00
   5.2359878e-01   3.2911923e+00
   5.2359878e-01   3.4407920e+00
   5.2359878e-01   3.5903916e+00
   5.2359878e-01   3.7399913e+00
   5.2359878e-01   3.8895909e+00
   5.2359878e-01   4.0391906e+00
   5.2359878e-01   4.1887902e+00
   5.2359878e-01   4.3383899e+00
   5.2359878e-01   4.4879895e+00
   5.2359878e-01   4.6375892e+00
   5.2359878e-01   4.7871888e+00
   5.2359878e-01   4.9367885e+00
   5.2359878e-01   5.0863881e+00
   5.2359878e-01   5.2359878e+00
   5.2359878e-01   5.3855874e+00
   5.2359878e-01   5.5351871e+00
   5.2359878e-01   5.6847867e+00
   5.2359878e-01   5.8343864e+00
   5.2359878e-01   5.9839860e+00
   5.2359878e-01   6.1335857e+00
   5.9839860e-01   6.6842397e-02
   5.9839860e-01   2.0052719e-01
   5.9839860e-01   3.3421198e-01
   5.9839860e-01   4.6789678e-01
   5.9839860e-01   6.0158157e-01
   5.9839860e-01   7.3526637e-01
   5.9839860e-01   8.6895116e-01
   5.9839860e-01   1.0026360e+00
   5.9839860e-01   1.1363207e+00
   5.9839860e-01   1.2700055e+00
   5.9839860e-01   1.4036903e+00
   5.9839860e-01   1.5373751e+00
   5.9839860e-01   1.6710599e+00
   5.9839860e-01   1.8047447e+00
   5.9839860e-01   1.9384295e+00
   5.9839860e-01   2.0721143e+00
   5.9839860e-01   2.2057991e+00
   5.9839860e-01   2.3394839e+00
   5.9839860e-01   2.4731687e+00
   5.9839860e-01   2.6068535e+00
   5.9839860e-01   2.7405383e+00
   5.9839860e-01   2.8742231e+00
   5.9839860e-01   3.0079079e+00
   5.9839860e-01   3.1415927e+00
   5.9839860e-01   3.2752774e+00
   5.9839860e-01   3.4089622e+00
   5.9839860e-01   3.5426470e+00
   5.9839860e-01   3.6763318e+00
   5.9839860e-01   3.8100166e+00
   5.9839860e-01   3.9437014e+00
   5.9839860e-01   4.0773862e+00
   5.9839860e-01   4.2110710e+00
   5.9839860e-01   4.3447558e+00
   5.9839860e-01   4.4784406e+00
   5.9839860e-01   4.6121254e+00
   5.9839860e-01   4.7458102e+00
   5.9839860e-01   4.8794950e+00
   5.9839860e-01   5.0131798e+00
   5.9839860e-01   5.1468646e+00
   5.9839860e-01   5.2805494e+00
   5.9839860e-01   5.4142341e+00
   5.9839860e-01   5.5479189e+00
   5.9839860e-01   5.6816037e+00
   5.9839860e-01   5.8152885e+00
   5.9839860e-01   5.9489733e+00
   5.9839860e-01   6.0826581e+00
   5.9839860e-01   6.2163429e+00
   6.7319843e-01   0.0000000e+00
   6.7319843e-01   1.2083049e-01
   6.7319843e-01   2.4166097e-01
   6.7319843e-01   3.6249146e-01
   6.7319843e-01   4.8332195e-01
   6.7319843e-01   6.0415243e-01
   6.7319843e-01   7.2498292e-01
   6.7319843e-01   8.4581341e-01
   6.7319843e-01   9.6664389e-01
   6.7319843e-01   1.0874744e+00
   6.7319843e-01   1.2083049e+00
   6.7319843e-01   1.3291354e+00
   6.7319843e-01   1.4499658e+00
   6.7319843e-01   1.5707963e+00
   6.7319843e-01   1.6916268e+00
   6.7319843e-01   1.8124573e+00
   6.7319843e-01   1.9332878e+00
   6.7319843e-01   2.0541183e+00
   6.7319843e-01   2.1749488e+00
   6.7319843e-01   2.2957792e+00
   6.7319843e-01   2.4166097e+00
   6.7319843e-01   2.5374402e+00
   6.7319843e-01   2.6582707e+00
   6.7319843e-01   2.7791012e+00
   6.7319843e-01   2.8999317e+00
   6.7319843e-01   3.0207622e+00
   6.7319843e-01   3.1415927e+00
   6.7319843e-01   3.2624231e+00
   6.7319843e-01   3.3832536e+00
   6.7319843e-01   3.5040841e+00
   6.7319843e-01   3.6249146e+00
   6.7319843e-01   3.7457451e+00
   6.7319843e-01   3.8665756e+00
   6.7319843e-01   3.9874061e+00
   6.7319843e-01   4.1082365e+00
   6.7319843e-01   4.2290670e+00
   6.7319843e-01   4.3498975e+00
   6.7319843e-01   4.4707280e+00
   6.7319843e-01   4.5915585e+00
   6.7319843e-01   4.7123890e+00
   6.7319843e-01   4.8332195e+00
   6.7319843e-01   4.9540500e+00
   6.7319843e-01   5.0748804e+00
   6.7319843e-01   5.1957109e+00
   6.7319843e-01   5.3165414e+00
   6.7319843e-01   5.4373719e+00
   6.7319843e-01   5.5582024e+00
   6.7319843e-01   5.6790329e+00
   6.7319843e-01   5.7998634e+00
   6.7319843e-01   5.9206938e+00
   6.7319843e-01   6.0415243e+00
   6.7319843e-01   6.1623548e+00
   7.4799825e-01   5.5115661e-02
   7.4799825e-01   1.6534698e-01
   7.4799825e-01   2.7557830e-01
   7.4799825e-01   3.8580962e-01
   7.4799825e-01   4.9604095e-01
   7.4799825e-01   6.0627227e-01
   7.4799825e-01   7.1650359e-01
   7.4799825e-01   8.2673491e-01
   7.4799825e-01   9.3696623e-01
   7.4799825e-01   1.0471976e+00
   7.4799825e-01   1.1574289e+00
   7.4799825e-01   1.2676602e+00
   7.4799825e-01   1.3778915e+00
   7.4799825e-01   1.4881228e+00
   7.4799825e-01   1.5983542e+00
   7.4799825e-01   1.7085855e+00
   7.4799825e-01   1.8188168e+00
   7.4799825e-01   1.9290481e+00
   7.4799825e-01   2.0392794e+00
   7.4799825e-01   2.1495108e+00
   7.4799825e-01   2.2597421e+00
   7.4799825e-01   2.3699734e+00
   7.4799825e-01   2.4802047e+00
   7.4799825e-01   2.5904360e+00
   7.4799825e-01   2.7006674e+00
   7.4799825e-01   2.8108987e+00
   7.4799825e-01   2.9211300e+00
   7.4799825e-01   3.0313613e+00
   7.4799825e-01   3.1415927e+00
   7.4799825e-01   3.2518240e+00
   7.4799825e-01   3.3620553e+00
   7.4799825e-01   3.4722866e+00
   7.4799825e-01   3.5825179e+00
   7.4799825e-01   3.6927493e+00
   7.4799825e-01   3.8029806e+00
   7.4799825e-01   3.9132119e+00
   7.4799825e-01   4.0234432e+00
   7.4799825e-01   4.1336745e+00
   7.4799825e-01   4.2439059e+00
   7.4799825e-01   4.3541372e+00
   7.4799825e-01   4.4643685e+00
   7.4799825e-01   4.5745998e+00
   7.4799825e-01   4.6848312e+00
   7.4799825e-01   4.7950625e+00
   7.4799825e-01   4.9052938e+00
   7.4799825e-01   5.0155251e+00
   7.4799825e-01   5.1257564e+00
   7.4799825e-01   5.2359878e+00
   7.4799825e-01   5.3462191e+00
   7.4799825e-01   5.4564504e+00
   7.4799825e-01   5.5666817e+00
   7.4799825e-01   5.6769130e+00
   7.4799825e-01   5.7871444e+00
   7.4799825e-01   5.8973757e+00
   7.4799825e-01   6.0076070e+00
   7.4799825e-01   6.1178383e+00
   7.4799825e-01   6.2280696e+00
   8.2279808e-01   0.0000000e+00
   8.2279808e-01   1.0134170e-01
   8.2279808e-01   2.0268340e-01
   8.2279808e-01   3.0402510e-01
   8.2279808e-01   4.0536679e-01
   8.2279808e-01   5.0670849e-01
   8.2279808e-01   6.0805019e-01
   8.2279808e-01   7.0939189e-01
   8.2279808e-01   8.1073359e-01
   8.2279808e-01   9.1207529e-01
   8.2279808e-01   1.0134170e+00
   8.2279808e-01   1.1147587e+00
   8.2279808e-01   1.2161004e+00
   8.2279808e-01   1.3174421e+00
   8.2279808e-01   1.4187838e+00
   8.2279808e-01   1.5201255e+00
   8.2279808e-01   1.6214672e+00
   8.2279808e-01   1.7228089e+00
   8.2279808e-01   1.8241506e+00
   8.2279808e-01   1.9254923e+00
   8.2279808e-01   2.0268340e+00
   8.2279808e-01   2.1281757e+00
   8.2279808e-01   2.2295174e+00
   8.2279808e-01   2.3308591e+00
   8.2279808e-01   2.4322008e+00
   8.2279808e-01   2.5335425e+00
   8.2279808e-01   2.6348842e+00
   8.2279808e-01   2.7362259e+00
   8.2279808e-01   2.8375676e+00
   8.2279808e-01   2.9389093e+00
   8.2279808e-01   3.0402510e+00
   8.2279808e-01   3.1415927e+00
   8.2279808e-01   3.2429344e+00
   8.2279808e-01   3.3442761e+00
   8.2279808e-01   3.4456177e+00
   8.2279808e-01   3.5469594e+00
   8.2279808e-01   3.6483011e+00
   8.2279808e-01   3.7496428e+00
   8.2279808e-01   3.8509845e+00
   8.2279808e-01   3.9523262e+00
   8.2279808e-01   4.0536679e+00
   8.2279808e-01   4.1550096e+00
   8.2279808e-01   4.2563513e+00
   8.2279808e-01   4.3576930e+00
   8.2279808e-01   4.4590347e+00
   8.2279808e-01   4.5603764e+00
   8.2279808e-01   4.6617181e+00
   8.2279808e-01   4.7630598e+00
   8.2279808e-01   4.8644015e+00
   8.2279808e-01   4.9657432e+00
   8.2279808e-01   5.0670849e+00
   8.2279808e-01   5.1684266e+00
   8.2279808e-01   5.2697683e+00
   8.2279808e-01   5.3711100e+00
   8.2279808e-01   5.4724517e+00
   8.2279808e-01   5.5737934e+00
   8.2279808e-01   5.6751351e+00
   8.2279808e-01   5.7764768e+00
   8.2279808e-01   5.8778185e+00
   8.2279808e-01   5.9791602e+00
   8.2279808e-01   6.0805019e+00
   8.2279808e-01   6.1818436e+00
   8.9759790e-01   4.7599889e-02
   8.9759790e-01   1.4279967e-01
   8.9759790e-01   2.3799944e-01
   8.9759790e-01   3.3319922e-01
   8.9759790e-01   4.2839900e-01
   8.9759790e-01   5.2359878e-01
   8.9759790e-01   6.1879855e-01
   8.9759790e-01   7.1399833e-01
   8.9759790e-01   8.0919811e-01
   8.9759790e-01   9.0439789e-01
   8.9759790e-01   9.9959766e-01
   8.9759790e-01   1.0947974e+00
   8.9759790e-01   1.1899972e+00
   8.9759790e-01   1.2851970e+00
   8.9759790e-01   1.3803968e+00
   8.9759790e-01   1.4755965e+00
   8.9759790e-01   1.5707963e+00
   8.9759790e-01   1.6659961e+00
   8.9759790e-01   1.7611959e+00
   8.9759790e-01   1.8563957e+00
   8.9759790e-01   1.9515954e+00
   8.9759790e-01   2.0467952e+00
   8.9759790e-01   2.1419950e+00
   8.9759790e-01   2.2371948e+00
   8.9759790e-01   2.3323945e+00
   8.9759790e-01   2.4275943e+00
   8.9759790e-01   2.5227941e+00
   8.9759790e-01   2.6179939e+00
   8.9759790e-01   2.7131937e+00
   8.9759790e-01   2.8083934e+00
   8.9759790e-01   2.9035932e+00
   8.9759790e-01   2.9987930e+00
   8.9759790e-01   3.0939928e+00
   8.9759790e-01   3.1891925e+00
   8.9759790e-01   3.2843923e+00
   8.9759790e-01   3.3795921e+00
   8.9759790e-01   3.4747919e+00
   8.9759790e-01   3.5699917e+00
   8.9759790e-01   3.6651914e+00
   8.9759790e-01   3.7603912e+00
   8.9759790e-01   3.8555910e+00
   8.9759790e-01   3.9507908e+00
   8.9759790e-01   4.0459905e+00
   8.9759790e-01   4.1411903e+00
   8.9759790e-01   4.2363901e+00
   8.9759790e-01   4.3315899e+00
   8.9759790e-01   4.4267896e+00
   8.9759790e-01   4.5219894e+00
   8.9759790e-01   4.6171892e+00
   8.9759790e-01   4.7123890e+00
   8.9759790e-01   4.8075888e+00
   8.9759790e-01   4.9027885e+00
   8.9759790e-01   4.9979883e+00
   8.9759790e-01   5.0931881e+00
   8.9759790e-01   5.1883879e+00
   8.9759790e-01   5.2835876e+00
   8.9759790e-01   5.3787874e+00
   8.9759790e-01   5.4739872e+00
   8.9759790e-01   5.5691870e+00
   8.9759790e-01   5.6643868e+00
   8.9759790e-01   5.7595865e+00
   8.9759790e-01   5.8547863e+00
   8.9759790e-01   5.9499861e+00
   8.9759790e-01   6.0451859e+00
   8.9759790e-01   6.1403856e+00
   8.9759790e-01   6.2355854e+00
   9.7239773e-01   0.0000000e+00
   9.7239773e-01   9.1060657e-02
   9.7239773e-01   1.8212131e-01
   9.7239773e-01   2.7318197e-01
   9.7239773e-01   3.6424263e-01
   9.7239773e-01   4.5530328e-01
   9.7239773e-01   5.4636394e-01
   9.7239773e-01   6.3742460e-01
   9.7239773e-01   7.2848525e-01
   9.7239773e-01   8.1954591e-01
   9.7239773e-01   9.1060657e-01
   9.7239773e-01   1.0016672e+00
   9.7239773e-01   1.0927279e+00
   9.7239773e-01   1.1837885e+00
   9.7239773e-01   1.2748492e+00
   9.7239773e-01   1.3659098e+00
   9.7239773e-01   1.4569705e+00
   9.7239773e-01   1.5480312e+00
   9.7239773e-01   1.6390918e+00
   9.7239773e-01   1.7301525e+00
   9.7239773e-01   1.8212131e+00
   9.7239773e-01   1.9122738e+00
   9.7239773e-01   2.0033344e+00
   9.7239773e-01   2.0943951e+00
   9.7239773e-01   2.1854558e+00
   9.7239773e-01   2.2765164e+00
   9.7239773e-01   2.3675771e+00
   9.7239773e-01   2.4586377e+00
   9.7239773e-01   2.5496984e+00
   9.7239773e-01   2.6407590e+00
   9.7239773e-01   2.7318197e+00
   9.7239773e-01   2.8228804e+00
   9.7239773e-01   2.9139410e+00
   9.7239773e-01   3.0050017e+00
   9.7239773e-01   3.0960623e+00
   9.7239773e-01   3.1871230e+00
   9.7239773e-01   3.2781836e+00
   9.7239773e-01   3.3692443e+00
   9.7239773e-01   3.4603050e+00
   9.7239773e-01   3.5513656e+00
   9.7239773e-01   3.6424263e+00
   9.7239773e-01   3.7334869e+00
   9.7239773e-01   3.8245476e+00
   9.7239773e-01   3.9156082e+00
   9.7239773e-01   4.0066689e+00
   9.7239773e-01   4.0977295e+00
   9.7239773e-01   4.1887902e+00
   9.7239773e-01   4.2798509e+00
   9.7239773e-01   4.3709115e+00
   9.7239773e-01   4.4619722e+00
   9.7239773e-01   4.5530328e+00
   9.7239773e-01   4.6440935e+00
   9.7239773e-01   4.7351541e+00
   9.7239773e-01   4.8262148e+00
   9.7239773e-01   4.9172755e+00
   9.7239773e-01   5.0083361e+00
   9.7239773e-01   5.0993968e+00
   9.7239773e-01   5.1904574e+00
   9.7239773e-01   5.2815181e+00
   9.7239773e-01   5.3725787e+00
   9.7239773e-01   5.4636394e+00
   9.7239773e-01   5.5547001e+00
   9.7239773e-01   5.6457607e+00
   9.7239773e-01   5.7368214e+00
   9.7239773e-01   5.8278820e+00
   9.7239773e-01   5.9189427e+00
   9.7239773e-01   6.0100033e+00
   9.7239773e-01   6.1010640e+00
   9.7239773e-01   6.1921247e+00
   1.0471976e+00   4.3035516e-02
   1.0471976e+00   1.2910655e-01
   1.0471976e+00   2.1517758e-01
   1.0471976e+00   3.0124861e-01
   1.0471976e+00   3.8731964e-01
   1.0471976e+00   4.7339067e-01
   1.0471976e+00   5.5946171e-01
   1.0471976e+00   6.4553274e-01
   1.0471976e+00   7.3160377e-01
   1.0471976e+00   8.1767480e-01
   1.0471976e+00   9.0374583e-01
   1.0471976e+00   9.8981686e-01
   1.0471976e+00   1.0758879e+00
   1.0471976e+00   1.1619589e+00
   1.0471976e+00   1.2480300e+00
   1.0471976e+00   1.3341010e+00
   1.0471976e+00   1.4201720e+00
   1.0471976e+00   1.5062431e+00
   1.0471976e+00   1.5923141e+00
   1.0471976e+00   1.6783851e+00
   1.0471976e+00   1.7644561e+00
   1.0471976e+00   1.8505272e+00
   1.0471976e+00   1.9365982e+00
   1.0471976e+00   2.0226692e+00
   1.0471976e+00   2.1087403e+00
   1.0471976e+00   2.1948113e+00
   1.0471976e+00   2.2808823e+00
   1.0471976e+00   2.3669534e+00
   1.0471976e+00   2.4530244e+00
   1.0471976e+00   2.5390954e+00
   1.0471976e+00   2.6251665e+00
   1.0471976e+00   2.7112375e+00
   1.0471976e+00   2.7973085e+00
   1.0471976e+00   2.8833796e+00
   1.0471976e+00   2.9694506e+00
   1.0471976e+00   3.0555216e+00
   1.0471976e+00   3.1415927e+00
   1.0471976e+00   3.2276637e+00
   1.0471976e+00   3.3137347e+00
   1.0471976e+00   3.3998057e+00
   1.0471976e+00   3.4858768e+00
   1.0471976e+00   3.5719478e+00
   1.0471976e+00   3.6580188e+00
   1.0471976e+00   3.7440899e+00
   1.0471976e+00   3.8301609e+00
   1.0471976e+00   3.9162319e+00
   1.0471976e+00   4.0023030e+00
   1.0471976e+00   4.0883740e+00
   1.0471976e+00   4.1744450e+00
   1.0471976e+00   4.2605161e+00
   1.0471976e+00   4.3465871e+00
   1.0471976e+00   4.4326581e+00
   1.0471976e+00   4.5187292e+00
   1.0471976e+00   4.6048002e+00
   1.0471976e+00   4.6908712e+00
   1.0471976e+00   4.7769423e+00
   1.0471976e+00   4.8630133e+00
   1.0471976e+00   4.9490843e+00
   1.0471976e+00   5.0351553e+00
   1.0471976e+00   5.1212264e+00
   1.0471976e+00   5.2072974e+00
   1.0471976e+00   5.2933684e+00
   1.0471976e+00   5.3794395e+00
   1.0471976e+00   5.4655105e+00
   1.0471976e+00   5.5515815e+00
   1.0471976e+00   5.6376526e+00
   1.0471976e+00   5.7237236e+00
   1.0471976e+00   5.8097946e+00
   1.0471976e+00   5.8958657e+00
   1.0471976e+00   5.9819367e+00
   1.0471976e+00   6.0680077e+00
   1.0471976e+00   6.1540788e+00
   1.0471976e+00   6.2401498e+00
   1.1219974e+00   0.0000000e+00
   1.1219974e+00   8.2673491e-02
   1.1219974e+00   1.6534698e-01
   1.1219974e+00   2.4802047e-01
   1.1219974e+00   3.3069396e-01
   1.1219974e+00   4.1336745e-01
   1.1219974e+00   4.9604095e-01
   1.1219974e+00   5.7871444e-01
   1.1219974e+00   6.6138793e-01
   1.1219974e+00   7.4406142e-01
   1.1219974e+00   8.2673491e-01
   1.1219974e+00   9.0940840e-01
   1.1219974e+00   9.9208189e-01
   1.1219974e+00   1.0747554e+00
   1.1219974e+00   1.1574289e+00
   1.1219974e+00   1.2401024e+00
   1.1219974e+00   1.3227759e+00
   1.1219974e+00   1.4054493e+00
   1.1219974e+00   1.4881228e+00
   1.1219974e+00   1.5707963e+00
   1.1219974e+00   1.6534698e+00
   1.1219974e+00   1.7361433e+00
   1.1219974e+00   1.8188168e+00
   1.1219974e+00   1.9014903e+00
   1.1219974e+00   1.9841638e+00
   1.1219974e+00   2.0668373e+00
   1.1219974e+00   2.1495108e+00
   1.1219974e+00   2.2321843e+00
   1.1219974e+00   2.3148577e+00
   1.1219974e+00   2.3975312e+00
   1.1219974e+00   2.4802047e+00
   1.1219974e+00   2.5628782e+00
   1.1219974e+00   2.6455517e+00
   1.1219974e+00   2.7282252e+00
   1.1219974e+00   2.8108987e+00
   1.1219974e+00   2.8935722e+00
   1.1219974e+00   2.9762457e+00
   1.1219974e+00   3.0589192e+00
   1.1219974e+00   3.1415927e+00
   1.1219974e+00   3.2242661e+00
   1.1219974e+00   3.3069396e+00
   1.1219974e+00   3.3896131e+00
   1.1219974e+00   3.4722866e+00
   1.1219974e+00   3.5549601e+00
   1.1219974e+00   3.6376336e+00
   1.1219974e+00   3.7203071e+00
   1.1219974e+00   3.8029806e+00
   1.1219974e+00   3.8856541e+00
   1.1219974e+00   3.9683276e+00
   1.1219974e+00   4.0510011e+00
   1.1219974e+00   4.1336745e+00
   1.1219974e+00   4.2163480e+00
   1.1219974e+00   4.2990215e+00
   1.1219974e+00   4.3816950e+00
   1.1219974e+00   4.4643685e+00
   1.1219974e+00   4.5470420e+00
   1.1219974e+00   4.6297155e+00
   1.1219974e+00   4.7123890e+00
   1.1219974e+00   4.7950625e+00
   1.1219974e+00   4.8777360e+00
   1.1219974e+00   4.9604095e+00
   1.1219974e+00   5.0430829e+00
   1.1219974e+00   5.1257564e+00
   1.1219974e+00   5.2084299e+00
   1.1219974e+00   5.2911034e+00
   1.1219974e+00   5.3737769e+00
   1.1219974e+00   5.4564504e+00
   1.1219974e+00   5.5391239e+00
   1.1219974e+00   5.6217974e+00
   1.1219974e+00   5.7044709e+00
   1.1219974e+00   5.7871444e+00
   1.1219974e+00   5.8698179e+00
   1.1219974e+00   5.9524913e+00
   1.1219974e+00   6.0351648e+00
   1.1219974e+00   6.1178383e+00
   1.1219974e+00   6.2005118e+00
   1.1967972e+00   4.0276829e-02
   1.1967972e+00   1.2083049e-01
   1.1967972e+00   2.0138414e-01
   1.1967972e+00   2.8193780e-01
   1.1967972e+00   3.6249146e-01
   1.1967972e+00   4.4304512e-01
   1.1967972e+00   5.2359878e-01
   1.1967972e+00   6.0415243e-01
   1.1967972e+00   6.8470609e-01
   1.1967972e+00   7.6525975e-01
   1.1967972e+00   8.4581341e-01
   1.1967972e+00   9.2636706e-01
   1.1967972e+00   1.0069207e+00
   1.1967972e+00   1.0874744e+00
   1.1967972e+00   1.1680280e+00
   1.1967972e+00   1.2485817e+00
   1.1967972e+00   1.3291354e+00
   1.1967972e+00   1.4096890e+00
   1.1967972e+00   1.4902427e+00
   1.1967972e+00   1.5707963e+00
   1.1967972e+00   1.6513500e+00
   1.1967972e+00   1.7319036e+00
   1.1967972e+00   1.8124573e+00
   1.1967972e+00   1.8930110e+00
   1.1967972e+00   1.9735646e+00
   1.1967972e+00   2.0541183e+00
   1.1967972e+00   2.1346719e+00
   1.1967972e+00   2.2152256e+00
   1.1967972e+00   2.2957792e+00
   1.1967972e+00   2.3763329e+00
   1.1967972e+00   2.4568866e+00
   1.1967972e+00   2.5374402e+00
   1.1967972e+00   2.6179939e+00
   1.1967972e+00   2.6985475e+00
   1.1967972e+00   2.7791012e+00
   1.1967972e+00   2.8596549e+00
   1.1967972e+00   2.9402085e+00
   1.1967972e+00   3.0207622e+00
   1.1967972e+00   3.1013158e+00
   1.1967972e+00   3.1818695e+00
   1.1967972e+00   3.2624231e+00
   1.1967972e+00   3.3429768e+00
   1.1967972e+00   3.4235305e+00
   1.1967972e+00   3.5040841e+00
   1.1967972e+00   3.5846378e+00
   1.1967972e+00   3.6651914e+00
   1.1967972e+00   3.7457451e+00
   1.1967972e+00   3.8262987e+00
   1.1967972e+00   3.9068524e+00
   1.1967972e+00   3.9874061e+00
   1.1967972e+00   4.0679597e+00
   1.1967972e+00   4.1485134e+00
   1.1967972e+00   4.2290670e+00
   1.1967972e+00   4.3096207e+00
   1.1967972e+00   4.3901743e+00
   1.1967972e+00   4.4707280e+00
   1.1967972e+00   4.5512817e+00
   1.1967972e+00   4.6318353e+00
   1.1967972e+00   4.7123890e+00
   1.1967972e+00   4.7929426e+00
   1.1967972e+00   4.8734963e+00
   1.1967972e+00   4.9540500e+00
   1.1967972e+00   5.0346036e+00
   1.1967972e+00   5.1151573e+00
   1.1967972e+00   5.1957109e+00
   1.1967972e+00   5.2762646e+00
   1.1967972e+00   5.3568182e+00
   1.1967972e+00   5.4373719e+00
   1.1967972e+00   5.5179256e+00
   1.1967972e+00   5.5984792e+00
   1.1967972e+00   5.6790329e+00
   1.1967972e+00   5.7595865e+00
   1.1967972e+00   5.8401402e+00
   1.1967972e+00   5.9206938e+00
   1.1967972e+00   6.0012475e+00
   1.1967972e+00   6.0818012e+00
   1.1967972e+00   6.1623548e+00
   1.1967972e+00   6.2429085e+00
   1.2715970e+00   0.0000000e+00
   1.2715970e+00   7.8539816e-02
   1.2715970e+00   1.5707963e-01
   1.2715970e+00   2.3561945e-01
   1.2715970e+00   3.1415927e-01
   1.2715970e+00   3.9269908e-01
   1.2715970e+00   4.7123890e-01
   1.2715970e+00   5.4977871e-01
   1.2715970e+00   6.2831853e-01
   1.2715970e+00   7.0685835e-01
   1.2715970e+00   7.8539816e-01
   1.2715970e+00   8.6393798e-01
   1.2715970e+00   9.4247780e-01
   1.2715970e+00   1.0210176e+00
   1.2715970e+00   1.0995574e+00
   1.2715970e+00   1.1780972e+00
   1.2715970e+00   1.2566371e+00
   1.2715970e+00   1.3351769e+00
   1.2715970e+00   1.4137167e+00
   1.2715970e+00   1.4922565e+00
   1.2715970e+00   1.5707963e+00
   1.2715970e+00   1.6493361e+00
   1.2715970e+00   1.7278760e+00
   1.2715970e+00   1.8064158e+00
   1.2715970e+00   1.8849556e+00
   1.2715970e+00   1.9634954e+00
   1.2715970e+00   2.0420352e+00
   1.2715970e+00   2.1205750e+00
   1.2715970e+00   2.1991149e+00
   1.2715970e+00   2.2776547e+00
   1.2715970e+00   2.3561945e+00
   1.2715970e+00   2.4347343e+00
   1.2715970e+00   2.5132741e+00
   1.2715970e+00   2.5918139e+00
   1.2715970e+00   2.6703538e+00
   1.2715970e+00   2.7488936e+00
   1.2715970e+00   2.8274334e+00
   1.2715970e+00   2.9059732e+00
   1.2715970e+00   2.9845130e+00
   1.2715970e+00   3.0630528e+00
   1.2715970e+00   3.1415927e+00
   1.2715970e+00   3.2201325e+00
   1.2715970e+00   3.2986723e+00
   1.2715970e+00   3.3772121e+00
   1.2715970e+00   3.4557519e+00
   1.2715970e+00   3.5342917e+00
   1.2715970e+00   3.6128316e+00
   1.2715970e+00   3.6913714e+00
   1.2715970e+00   3.7699112e+00
   1.2715970e+00   3.8484510e+00
   1.2715970e+00   3.9269908e+00
   1.2715970e+00   4.0055306e+00
   1.2715970e+00   4.0840704e+00
   1.2715970e+00   4.1626103e+00
   1.2715970e+00   4.2411501e+00
   1.2715970e+00   4.3196899e+00
   1.2715970e+00   4.3982297e+00
   1.2715970e+00   4.4767695e+00
   1.2715970e+00   4.5553093e+00
   1.2715970e+00   4.6338492e+00
   1.2715970e+00   4.7123890e+00
   1.2715970e+00   4.7909288e+00
   1.2715970e+00   4.8694686e+00
   1.2715970e+00   4.9480084e+00
   1.2715970e+00   5.0265482e+00
   1.2715970e+00   5.1050881e+00
   1.2715970e+00   5.1836279e+00
   1.2715970e+00   5.2621677e+00
   1.2715970e+00   5.3407075e+00
   1.2715970e+00   5.4192473e+00
   1.2715970e+00   5.4977871e+00
   1.2715970e+00   5.5763270e+00
   1.2715970e+00   5.6548668e+00
   1.2715970e+00   5.7334066e+00
   1.2715970e+00   5.8119464e+00
   1.2715970e+00   5.8904862e+00
   1.2715970e+00   5.9690260e+00
   1.2715970e+00   6.0475659e+00
   1.2715970e+00   6.1261057e+00
   1.2715970e+00   6.2046455e+00
   1.3463969e+00   3.8312106e-02
   1.3463969e+00   1.1493632e-01
   1.3463969e+00   1.9156053e-01
   1.3463969e+00   2.6818474e-01
   1.3463969e+00   3.4480895e-01
   1.3463969e+00   4.2143316e-01
   1.3463969e+00   4.9805737e-01
   1.3463969e+00   5.7468158e-01
   1.3463969e+00   6.5130579e-01
   1.3463969e+00   7.2793001e-01
   1.3463969e+00   8.0455422e-01
   1.3463969e+00   8.8117843e-01
   1.3463969e+00   9.5780264e-01
   1.3463969e+00   1.0344268e+00
   1.3463969e+00   1.1110511e+00
   1.3463969e+00   1.1876753e+00
   1.3463969e+00   1.2642995e+00
   1.3463969e+00   1.3409237e+00
   1.3463969e+00   1.4175479e+00
   1.3463969e+00   1.4941721e+00
   1.3463969e+00   1.5707963e+00
   1.3463969e+00   1.6474205e+00
   1.3463969e+00   1.7240447e+00
   1.3463969e+00   1.8006690e+00
   1.3463969e+00   1.8772932e+00
   1.3463969e+00   1.9539174e+00
   1.3463969e+00   2.0305416e+00
   1.3463969e+00   2.1071658e+00
   1.3463969e+00   2.1837900e+00
   1.3463969e+00   2.2604142e+00
   1.3463969e+00   2.3370384e+00
   1.3463969e+00   2.4136626e+00
   1.3463969e+00   2.4902869e+00
   1.3463969e+00   2.5669111e+00
   1.3463969e+00   2.6435353e+00
   1.3463969e+00   2.7201595e+00
   1.3463969e+00   2.7967837e+00
   1.3463969e+00   2.8734079e+00
   1.3463969e+00   2.9500321e+00
   1.3463969e+00   3.0266563e+00
   1.3463969e+00   3.1032805e+00
   1.3463969e+00   3.1799048e+00
   1.3463969e+00   3.2565290e+00
   1.3463969e+00   3.3331532e+00
   1.3463969e+00   3.4097774e+00
   1.3463969e+00   3.4864016e+00
   1.3463969e+00   3.5630258e+00
   1.3463969e+00   3.6396500e+00
   1.3463969e+00   3.7162742e+00
   1.3463969e+00   3.7928984e+00
   1.3463969e+00   3.8695227e+00
   1.3463969e+00   3.9461469e+00
   1.3463969e+00   4.0227711e+00
   1.3463969e+00   4.0993953e+00
   1.3463969e+00   4.1760195e+00
   1.3463969e+00   4.2526437e+00
   1.3463969e+00   4.3292679e+00
   1.3463969e+00   4.4058921e+00
   1.3463969e+00   4.4825163e+00
   1.3463969e+00   4.5591406e+00
   1.3463969e+00   4.6357648e+00
   1.3463969e+00   4.7123890e+00
   1.3463969e+00   4.7890132e+00
   1.3463969e+00   4.8656374e+00
   1.3463969e+00   4.9422616e+00
   1.3463969e+00   5.0188858e+00
   1.3463969e+00   5.0955100e+00
   1.3463969e+00   5.1721342e+00
   1.3463969e+00   5.2487585e+00
   1.3463969e+00   5.3253827e+00
   1.3463969e+00   5.4020069e+00
   1.3463969e+00   5.4786311e+00
   1.3463969e+00   5.5552553e+00
   1.3463969e+00   5.6318795e+00
   1.3463969e+00   5.7085037e+00
   1.3463969e+00   5.7851279e+00
   1.3463969e+00   5.8617521e+00
   1.3463969e+00   5.9383764e+00
   1.3463969e+00   6.0150006e+00
   1.3463969e+00   6.0916248e+00
   1.3463969e+00   6.1682490e+00
   1.3463969e+00   6.2448732e+00
   1.4211967e+00   0.0000000e+00
   1.4211967e+00   7.5701028e-02
   1.4211967e+00   1.5140206e-01
   1.4211967e+00   2.2710308e-01
   1.4211967e+00   3.0280411e-01
   1.4211967e+00   3.7850514e-01
   1.4211967e+00   4.5420617e-01
   1.4211967e+00   5.2990719e-01
   1.4211967e+00   6.0560822e-01
   1.4211967e+00   6.8130925e-01
   1.4211967e+00   7.5701028e-01
   1.4211967e+00   8.3271131e-01
   1.4211967e+00   9.0841233e-01
   1.4211967e+00   9.8411336e-01
   1.4211967e+00   1.0598144e+00
   1.4211967e+00   1.1355154e+00
   1.4211967e+00   1.2112164e+00
   1.4211967e+00   1.2869175e+00
   1.4211967e+00   1.3626185e+00
   1.4211967e+00   1.4383195e+00
   1.4211967e+00   1.5140206e+00
   1.4211967e+00   1.5897216e+00
   1.4211967e+00   1.6654226e+00
   1.4211967e+00   1.7411236e+00
   1.4211967e+00   1.8168247e+00
   1.4211967e+00   1.8925257e+00
   1.4211967e+00   1.9682267e+00
   1.4211967e+00   2.0439278e+00
   1.4211967e+00   2.1196288e+00
   1.4211967e+00   2.1953298e+00
   1.4211967e+00   2.2710308e+00
   1.4211967e+00   2.3467319e+00
   1.4211967e+00   2.4224329e+00
   1.4211967e+00   2.4981339e+00
   1.4211967e+00   2.5738349e+00
   1.4211967e+00   2.6495360e+00
   1.4211967e+00   2.7252370e+00
   1.4211967e+00   2.8009380e+00
   1.4211967e+00   2.8766391e+00
   1.4211967e+00   2.9523401e+00
   1.4211967e+00   3.0280411e+00
   1.4211967e+00   3.1037421e+00
   1.4211967e+00   3.1794432e+00
   1.4211967e+00   3.2551442e+00
   1.4211967e+00   3.3308452e+00
   1.4211967e+00   3.4065463e+00
   1.4211967e+00   3.4822473e+00
   1.4211967e+00   3.5579483e+00
   1.4211967e+00   3.6336493e+00
   1.4211967e+00   3.7093504e+00
   1.4211967e+00   3.7850514e+00
   1.4211967e+00   3.8607524e+00
   1.4211967e+00   3.9364534e+00
   1.4211967e+00   4.0121545e+00
   1.4211967e+00   4.0878555e+00
   1.4211967e+00   4.1635565e+00
   1.4211967e+00   4.2392576e+00
   1.4211967e+00   4.3149586e+00
   1.4211967e+00   4.3906596e+00
   1.4211967e+00   4.4663606e+00
   1.4211967e+00   4.5420617e+00
   1.4211967e+00   4.6177627e+00
   1.4211967e+00   4.6934637e+00
   1.4211967e+00   4.7691648e+00
   1.4211967e+00   4.8448658e+00
   1.4211967e+00   4.9205668e+00
   1.4211967e+00   4.9962678e+00
   1.4211967e+00   5.0719689e+00
   1.4211967e+00   5.1476699e+00
   1.4211967e+00   5.2233709e+00
   1.4211967e+00   5.2990719e+00
   1.4211967e+00   5.3747730e+00
   1.4211967e+00   5.4504740e+00
   1.4211967e+00   5.5261750e+00
   1.4211967e+00   5.6018761e+00
   1.4211967e+00   5.6775771e+00
   1.4211967e+00   5.7532781e+00
   1.4211967e+00   5.8289791e+00
   1.4211967e+00   5.9046802e+00
   1.4211967e+00   5.9803812e+00
   1.4211967e+00   6.0560822e+00
   1.4211967e+00   6.1317833e+00
   1.4211967e+00   6.2074843e+00
   1.4959965e+00   3.7399913e-02
   1.4959965e+00   1.1219974e-01
   1.4959965e+00   1.8699956e-01
   1.4959965e+00   2.6179939e-01
   1.4959965e+00   3.3659921e-01
   1.4959965e+00   4.1139904e-01
   1.4959965e+00   4.8619886e-01
   1.4959965e+00   5.6099869e-01
   1.4959965e+00   6.3579851e-01
   1.4959965e+00   7.1059834e-01
   1.4959965e+00   7.8539816e-01
   1.4959965e+00   8.6019799e-01
   1.4959965e+00   9.3499781e-01
   1.4959965e+00   1.0097976e+00
   1.4959965e+00   1.0845975e+00
   1.4959965e+00   1.1593973e+00
   1.4959965e+00   1.2341971e+00
   1.4959965e+00   1.3089969e+00
   1.4959965e+00   1.3837968e+00
   1.4959965e+00   1.4585966e+00
   1.4959965e+00   1.5333964e+00
   1.4959965e+00   1.6081962e+00
   1.4959965e+00   1.6829961e+00
   1.4959965e+00   1.7577959e+00
   1.4959965e+00   1.8325957e+00
   1.4959965e+00   1.9073955e+00
   1.4959965e+00   1.9821954e+00
   1.4959965e+00   2.0569952e+00
   1.4959965e+00   2.1317950e+00
   1.4959965e+00   2.2065948e+00
   1.4959965e+00   2.2813947e+00
   1.4959965e+00   2.3561945e+00
   1.4959965e+00   2.4309943e+00
   1.4959965e+00   2.5057941e+00
   1.4959965e+00   2.5805940e+00
   1.4959965e+00   2.6553938e+00
   1.4959965e+00   2.7301936e+00
   1.4959965e+00   2.8049934e+00
   1.4959965e+00   2.8797933e+00
   1.4959965e+00   2.9545931e+00
   1.4959965e+00   3.0293929e+00
   1.4959965e+00   3.1041927e+00
   1.4959965e+00   3.1789926e+00
   1.4959965e+00   3.2537924e+00
   1.4959965e+00   3.3285922e+00
   1.4959965e+00   3.4033920e+00
   1.4959965e+00   3.4781919e+00
   1.4959965e+00   3.5529917e+00
   1.4959965e+00   3.6277915e+00
   1.4959965e+00   3.7025913e+00
   1.4959965e+00   3.7773912e+00
   1.4959965e+00   3.8521910e+00
   1.4959965e+00   3.9269908e+00
   1.4959965e+00   4.0017906e+00
   1.4959965e+00   4.0765905e+00
   1.4959965e+00   4.1513903e+00
   1.4959965e+00   4.2261901e+00
   1.4959965e+00   4.3009899e+00
   1.4959965e+00   4.3757898e+00
   1.4959965e+00   4.4505896e+00
   1.4959965e+00   4.5253894e+00
   1.4959965e+00   4.6001892e+00
   1.4959965e+00   4.6749891e+00
   1.4959965e+00   4.7497889e+00
   1.4959965e+00   4.8245887e+00
   1.4959965e+00   4.8993885e+00
   1.4959965e+00   4.9741884e+00
   1.4959965e+00   5.0489882e+00
   1.4959965e+00   5.1237880e+00
   1.4959965e+00   5.1985878e+00
   1.4959965e+00   5.2733877e+00
   1.4959965e+00   5.3481875e+00
   1.4959965e+00   5.4229873e+00
   1.4959965e+00   5.4977871e+00
   1.4959965e+00   5.5725870e+00
   1.4959965e+00   5.6473868e+00
   1.4959965e+00   5.7221866e+00
   1.4959965e+00   5.7969864e+00
   1.4959965e+00   5.8717863e+00
   1.4959965e+00   5.9465861e+00
   1.4959965e+00   6.0213859e+00
   1.4959965e+00   6.0961857e+00
   1.4959965e+00   6.1709856e+00
   1.4959965e+00   6.2457854e+00
   1.5707963e+00   0.0000000e+00
   1.5707963e+00   7.4799825e-02
   1.5707963e+00   1.4959965e-01
   1.5707963e+00   2.2439948e-01
   1.5707963e+00   2.9919930e-01
   1.5707963e+00   3.7399913e-01
   1.5707963e+00   4.4879895e-01
   1.5707963e+00   5.2359878e-01
   1.5707963e+00   5.9839860e-01
   1.5707963e+00   6.7319843e-01
   1.5707963e+00   7.4799825e-01
   1.5707963e+00   8.2279808e-01
   1.5707963e+00   8.9759790e-01
   1.5707963e+00   9.7239773e-01
   1.5707963e+00   1.0471976e+00
   1.5707963e+00   1.1219974e+00
   1.5707963e+00   1.1967972e+00
   1.5707963e+00   1.2715970e+00
   1.5707963e+00   1.3463969e+00
   1.5707963e+00   1.4211967e+00
   1.5707963e+00   1.4959965e+00
   1.5707963e+00   1.5707963e+00
   1.5707963e+00   1.6455962e+00
   1.5707963e+00   1.7203960e+00
   1.5707963e+00   1.7951958e+00
   1.5707963e+00   1.8699956e+00
   1.5707963e+00   1.9447955e+00
   1.5707963e+00   2.0195953e+00
   1.5707963e+00   2.0943951e+00
   1.5707963e+00   2.1691949e+00
   1.5707963e+00   2.2439948e+00
   1.5707963e+00   2.3187946e+00
   1.5707963e+00   2.3935944e+00
   1.5707963e+00   2.4683942e+00
   1.5707963e+00   2.5431941e+00
   1.5707963e+00   2.6179939e+00
   1.5707963e+00   2.6927937e+00
   1.5707963e+00   2.7675935e+00
   1.5707963e+00   2.8423934e+00
   1.5707963e+00   2.9171932e+00
   1.5707963e+00   2.9919930e+00
   1.5707963e+00   3.0667928e+00
   1.5707963e+00   3.1415927e+00
   1.5707963e+00   3.2163925e+00
   1.5707963e+00   3.2911923e+00
   1.5707963e+00   3.3659921e+00
   1.5707963e+00   3.4407920e+00
   1.5707963e+00   3.5155918e+00
   1.5707963e+00   3.5903916e+00
   1.5707963e+00   3.6651914e+00
   1.5707963e+00   3.7399913e+00
   1.5707963e+00   3.8147911e+00
   1.5707963e+00   3.8895909e+00
   1.5707963e+00   3.9643907e+00
   1.5707963e+00   4.0391906e+00
   1.5707963e+00   4.1139904e+00
   1.5707963e+00   4.1887902e+00
   1.5707963e+00   4.2635900e+00
   1.5707963e+00   4.3383899e+00
   1.5707963e+00   4.4131897e+00
   1.5707963e+00   4.4879895e+00
   1.5707963e+00   4.5627893e+00
   1.5707963e+00   4.6375892e+00
   1.5707963e+00   4.7123890e+00
   1.5707963e+00   4.7871888e+00
   1.5707963e+00   4.8619886e+00
   1.5707963e+00   4.9367885e+00
   1.5707963e+00   5.0115883e+00
   1.5707963e+00   5.0863881e+00
   1.5707963e+00   5.1611879e+00
   1.5707963e+00   5.2359878e+00
   1.5707963e+00   5.3107876e+00
   1.5707963e+00   5.3855874e+00
   1.5707963e+00   5.4603872e+00
   1.5707963e+00   5.5351871e+00
   1.5707963e+00   5.6099869e+00
   1.5707963e+00   5.6847867e+00
   1.5707963e+00   5.7595865e+00
   1.5707963e+00   5.8343864e+00
   1.5707963e+00   5.9091862e+00
   1.5707963e+00   5.9839860e+00
   1.5707963e+00   6.0587858e+00
   1.5707963e+00   6.1335857e+00
   1.5707963e+00   6.2083855e+00
   1.6455962e+00   3.7399913e-02
   1.6455962e+00   1.1219974e-01
   1.6455962e+00   1.8699956e-01
   1.6455962e+00   2.6179939e-01
   1.6455962e+00   3.3659921e-01
   1.6455962e+00   4.1139904e-01
   1.6455962e+00   4.8619886e-01
   1.6455962e+00   5.6099869e-01
   1.6455962e+00   6.3579851e-01
   1.6455962e+00   7.1059834e-01
   1.6455962e+00   7.8539816e-01
   1.6455962e+00   8.6019799e-01
   1.6455962e+00   9.3499781e-01
   1.6455962e+00   1.0097976e+00
   1.6455962e+00   1.0845975e+00
   1.6455962e+00   1.1593973e+00
   1.6455962e+00   1.2341971e+00
   1.6455962e+00   1.3089969e+00
   1.6455962e+00   1.3837968e+00
   1.6455962e+00   1.4585966e+00
   1.6455962e+00   1.5333964e+00
   1.6455962e+00   1.6081962e+00
   1.6455962e+00   1.6829961e+00
   1.6455962e+00   1.7577959e+00
   1.6455962e+00   1.8325957e+00
   1.6455962e+00   1.9073955e+00
   1.6455962e+00   1.9821954e+00
   1.6455962e+00   2.0569952e+00
   1.6455962e+00   2.1317950e+00
   1.6455962e+00   2.2065948e+00
   1.6455962e+00   2.2813947e+00
   1.6455962e+00   2.3561945e+00
   1.6455962e+00   2.4309943e+00
   1.6455962e+00   2.5057941e+00
   1.6455962e+00   2.5805940e+00
   1.6455962e+00   2.6553938e+00
   1.6455962e+00   2.7301936e+00
   1.6455962e+00   2.8049934e+00
   1.6455962e+00   2.8797933e+00
   1.6455962e+00   2.9545931e+00
   1.6455962e+00   3.0293929e+00
   1.6455962e+00   3.1041927e+00
   1.6455962e+00   3.1789926e+00
   1.6455962e+00   3.2537924e+00
   1.6455962e+00   3.3285922e+00
   1.6455962e+00   3.4033920e+00
   1.6455962e+00   3.4781919e+00
   1.6455962e+00   3.5529917e+00
   1.6455962e+00   3.6277915e+00
   1.6455962e+00   3.7025913e+00
   1.6455962e+00   3.7773912e+00
   1.6455962e+00   3.8521910e+00
   1.6455962e+00   3.9269908e+00
   1.6455962e+00   4.0017906e+00
   1.6455962e+00   4.0765905e+00
   1.6455962e+00   4.1513903e+00
   1.6455962e+00   4.2261901e+00
   1.6455962e+00   4.3009899e+00
   1.6455962e+00   4.3757898e+00
   1.6455962e+00   4.4505896e+00
   1.6455962e+00   4.5253894e+00
   1.6455962e+00   4.6001892e+00
   1.6455962e+00   4.6749891e+00
   1.6455962e+00   4.7497889e+00
   1.6455962e+00   4.8245887e+00
   1.6455962e+00   4.8993885e+00
   1.6455962e+00   4.9741884e+00
   1.6455962e+00   5.0489882e+00
   1.6455962e+00   5.1237880e+00
   1.6455962e+00   5.1985878e+00
   1.6455962e+00   5.2733877e+00
   1.6455962e+00   5.3481875e+00
   1.6455962e+00   5.4229873e+00
   1.6455962e+00   5.4977871e+00
   1.6455962e+00   5.5725870e+00
   1.6455962e+00   5.6473868e+00
   1.6455962e+00   5.7221866e+00
   1.6455962e+00   5.7969864e+00
   1.6455962e+00   5.8717863e+00
   1.6455962e+00   5.9465861e+00
   1.6455962e+00   6.0213859e+00
   1.6455962e+00   6.0961857e+00
   1.6455962e+00   6.1709856e+00
   1.6455962e+00   6.2457854e+00
   1.7203960e+00   0.0000000e+00
   1.7203960e+00   7.5701028e-02
   1.7203960e+00   1.5140206e-01
   1.7203960e+00   2.2710308e-01
   1.7203960e+00   3.0280411e-01
   1.7203960e+00   3.7850514e-01
   1.7203960e+00   4.5420617e-01
   1.7203960e+00   5.2990719e-01
   1.7203960e+00   6.0560822e-01
   1.7203960e+00   6.8130925e-01
   1.7203960e+00   7.5701028e-01
   1.7203960e+00   8.3271131e-01
   1.7203960e+00   9.0841233e-01
   1.7203960e+00   9.8411336e-01
   1.7203960e+00   1.0598144e+00
   1.7203960e+00   1.1355154e+00
   1.7203960e+00   1.2112164e+00
   1.7203960e+00   1.2869175e+00
   1.7203960e+00   1.3626185e+00
   1.7203960e+00   1.4383195e+00
   1.7203960e+00   1.5140206e+00
   1.7203960e+00   1.5897216e+00
   1.7203960e+00   1.6654226e+00
   1.7203960e+00   1.7411236e+00
   1.7203960e+00   1.8168247e+00
   1.7203960e+00   1.8925257e+00
   1.7203960e+00   1.9682267e+00
   1.7203960e+00   2.0439278e+00
   1.7203960e+00   2.1196288e+00
   1.7203960e+00   2.1953298e+00
   1.7203960e+00   2.2710308e+00
   1.7203960e+00   2.3467319e+00
   1.7203960e+00   2.4224329e+00
   1.7203960e+00   2.4981339e+00
   1.7203960e+00   2.5738349e+00
   1.7203960e+00   2.6495360e+00
   1.7203960e+00   2.7252370e+00
   1.7203960e+00   2.8009380e+00
   1.7203960e+00   2.8766391e+00
   1.7203960e+00   2.9523401e+00
   1.7203960e+00   3.0280411e+00
   1.7203960e+00   3.1037421e+00
   1.7203960e+00   3.1794432e+00
   1.7203960e+00   3.2551442e+00
   1.7203960e+00   3.3308452e+00
   1.7203960e+00   3.4065463e+00
   1.7203960e+00   3.4822473e+00
   1.7203960e+00   3.5579483e+00
   1.7203960e+00   3.6336493e+00
   1.7203960e+00   3.7093504e+00
   1.7203960e+00   3.7850514e+00
   1.7203960e+00   3.8607524e+00
   1.7203960e+00   3.9364534e+00
   1.7203960e+00   4.0121545e+00
   1.7203960e+00   4.0878555e+00
   1.7203960e+00   4.1635565e+00
   1.7203960e+00   4.2392576e+00
   1.7203960e+00   4.3149586e+00
   1.7203960e+00   4.3906596e+00
   1.7203960e+00   4.4663606e+00
   1.7203960e+00   4.5420617e+00
   1.7203960e+00   4.6177627e+00
   1.7203960e+00   4.6934637e+00
   1.7203960e+00   4.7691648e+00
   1.7203960e+00   4.8448658e+00
   1.7203960e+00   4.9205668e+00
   1.7203960e+00   4.9962678e+00
   1.7203960e+00   5.0719689e+00
   1.7203960e+00   5.1476699e+00
   1.7203960e+00   5.2233709e+00
   1.7203960e+00   5.2990719e+00
   1.7203960e+00   5.3747730e+00
   1.7203960e+00   5.4504740e+00
   1.7203960e+00   5.5261750e+00
   1.7203960e+00   5.6018761e+00
   1.7203960e+00   5.6775771e+00
   1.7203960e+00   5.7532781e+00
   1.7203960e+00   5.8289791e+00
   1.7203960e+00   5.9046802e+00
   1.7203960e+00   5.9803812e+00
   1.7203960e+00   6.0560822e+00
   1.7203960e+00   6.1317833e+00
   1.7203960e+00   6.2074843e+00
   1.7951958e+00   3.8312106e-02
   1.7951958e+00   1.1493632e-01
   1.7951958e+00   1.9156053e-01
   1.7951958e+00   2.6818474e-01
   1.7951958e+00   3.4480895e-01
   1.7951958e+00   4.2143316e-01
   1.7951958e+00   4.9805737e-01
   1.7951958e+00   5.7468158e-01
   1.7951958e+00   6.5130579e-01
   1.7951958e+00   7.2793001e-01
   1.7951958e+00   8.0455422e-01
   1.7951958e+00   8.8117843e-01
   1.7951958e+00   9.5780264e-01
   1.7951958e+00   1.0344268e+00
   1.7951958e+00   1.1110511e+00
   1.7951958e+00   1.1876753e+00
   1.7951958e+00   1.2642995e+00
   1.7951958e+00   1.3409237e+00
   1.7951958e+00   1.4175479e+00
   1.7951958e+00   1.4941721e+00
   1.7951958e+00   1.5707963e+00
   1.7951958e+00   1.6474205e+00
   1.7951958e+00   1.7240447e+00
   1.7951958e+00   1.8006690e+00
   1.7951958e+00   1.8772932e+00
   1.7951958e+00   1.9539174e+00
   1.7951958e+00   2.0305416e+00
   1.7951958e+00   2.1071658e+00
   1.7951958e+00   2.1837900e+00
   1.7951958e+00   2.2604142e+00
   1.7951958e+00   2.3370384e+00
   1.7951958e+00   2.4136626e+00
   1.7951958e+00   2.4902869e+00
   1.7951958e+00   2.5669111e+00
   1.7951958e+00   2.6435353e+00
   1.7951958e+00   2.7201595e+00
   1.7951958e+00   2.7967837e+00
   1.7951958e+00   2.8734079e+00
   1.7951958e+00   2.9500321e+00
   1.7951958e+00   3.0266563e+00
   1.7951958e+00   3.1032805e+00
   1.7951958e+00   3.1799048e+00
   1.7951958e+00   3.2565290e+00
   1.7951958e+00   3.3331532e+00
   1.7951958e+00   3.4097774e+00
   1.7951958e+00   3.4864016e+00
   1.7951958e+00   3.5630258e+00
   1.7951958e+00   3.6396500e+00
   1.7951958e+00   3.7162742e+00
   1.7951958e+00   3.7928984e+00
   1.7951958e+00   3.8695227e+00
   1.7951958e+00   3.9461469e+00
   1.7951958e+00   4.0227711e+00
   1.7951958e+00   4.0993953e+00
   1.7951958e+00   4.1760195e+00
   1.7951958e+00   4.2526437e+00
   1.7951958e+00   4.3292679e+00
   1.7951958e+00   4.4058921e+00
   1.7951958e+00   4.4825163e+00
   1.7951958e+00   4.5591406e+00
   1.7951958e+00   4.6357648e+00
   1.7951958e+00   4.7123890e+00
   1.7951958e+00   4.7890132e+00
   1.7951958e+00   4.8656374e+00
   1.7951958e+00   4.9422616e+00
   1.7951958e+00   5.0188858e+00
   1.7951958e+00   5.0955100e+00
   1.7951958e+00   5.1721342e+00
   1.7951958e+00   5.2487585e+00
   1.7951958e+00   5.3253827e+00
   1.7951958e+00   5.4020069e+00
   1.7951958e+00   5.4786311e+00
   1.7951958e+00   5.5552553e+00
   1.7951958e+00   5.6318795e+00
   1.7951958e+00   5.7085037e+00
   1.7951958e+00   5.7851279e+00
   1.7951958e+00   5.8617521e+00
   1.7951958e+00   5.9383764e+00
   1.7951958e+00   6.0150006e+00
   1.7951958e+00   6.0916248e+00
   1.7951958e+00   6.1682490e+00
   1.7951958e+00   6.2448732e+00
   1.8699956e+00   0.0000000e+00
   1.8699956e+00   7.8539816e-02
   1.8699956e+00   1.5707963e-01
   1.8699956e+00   2.3561945e-01
   1.8699956e+00   3.1415927e-01
   1.8699956e+00   3.9269908e-01
   1.8699956e+00   4.7123890e-01
   1.8699956e+00   5.4977871e-01
   1.8699956e+00   6.2831853e-01
   1.8699956e+00   7.0685835e-01
   1.8699956e+00   7.8539816e-01
   1.8699956e+00   8.6393798e-01
   1.8699956e+00   9.4247780e-01
   1.8699956e+00   1.0210176e+00
   1.8699956e+00   1.0995574e+00
   1.8699956e+00   1.1780972e+00
   1.8699956e+00   1.2566371e+00
   1.8699956e+00   1.3351769e+00
   1.8699956e+00   1.4137167e+00
   1.8699956e+00   1.4922565e+00
   1.8699956e+00   1.5707963e+00
   1.8699956e+00   1.6493361e+00
   1.8699956e+00   1.7278760e+00
   1.8699956e+00   1.8064158e+00
   1.8699956e+00   1.8849556e+00
   1.8699956e+00   1.9634954e+00
   1.8699956e+00   2.0420352e+00
   1.8699956e+00   2.1205750e+00
   1.8699956e+00   2.1991149e+00
   1.8699956e+00   2.2776547e+00
   1.8699956e+00   2.3561945e+00
   1.8699956e+00   2.4347343e+00
   1.8699956e+00   2.5132741e+00
   1.8699956e+00   2.5918139e+00
   1.8699956e+00   2.6703538e+00
   1.8699956e+00   2.7488936e+00
   1.8699956e+00   2.8274334e+00
   1.8699956e+00   2.9059732e+00
   1.8699956e+00   2.9845130e+00
   1.8699956e+00   3.0630528e+00
   1.8699956e+00   3.1415927e+00
   1.8699956e+00   3.2201325e+00
   1.8699956e+00   3.2986723e+00
   1.8699956e+00   3.3772121e+00
   1.8699956e+00   3.4557519e+00
   1.8699956e+00   3.5342917e+00
   1.8699956e+00   3.6128316e+00
   1.8699956e+00   3.6913714e+00
   1.8699956e+00   3.7699112e+00
   1.8699956e+00   3.8484510e+00
   1.8699956e+00   3.9269908e+00
   1.8699956e+00   4.0055306e+00
   1.8699956e+00   4.0840704e+00
   1.8699956e+00   4.1626103e+00
   1.8699956e+00   4.2411501e+00
   1.8699956e+00   4.3196899e+00
   1.8699956e+00   4.3982297e+00
   1.8699956e+00   4.4767695e+00
   1.8699956e+00   4.5553093e+00
   1.8699956e+00   4.6338492e+00
   1.8699956e+00   4.7123890e+00
   1.8699956e+00   4.7909288e+00
   1.8699956e+00   4.8694686e+00
   1.8699956e+00   4.9480084e+00
   1.8699956e+00   5.0265482e+00
   1.8699956e+00   5.1050881e+00
   1.8699956e+00   5.1836279e+00
   1.8699956e+00   5.2621677e+00
   1.8699956e+00   5.3407075e+00
   1.8699956e+00   5.4192473e+00
   1.8699956e+00   5.4977871e+00
   1.8699956e+00   5.5763270e+00
   1.8699956e+00   5.6548668e+00
   1.8699956e+00   5.7334066e+00
   1.8699956e+00   5.8119464e+00
   1.8699956e+00   5.8904862e+00
   1.8699956e+00   5.9690260e+00
   1.8699956e+00   6.0475659e+00
   1.8699956e+00   6.1261057e+00
   1.8699956e+00   6.2046455e+00
   1.9447955e+00   4.0276829e-02
   1.9447955e+00   1.2083049e-01
   1.9447955e+00   2.0138414e-01
   1.9447955e+00   2.8193780e-01
   1.9447955e+00   3.6249146e-01
   1.9447955e+00   4.4304512e-01
   1.9447955e+00   5.2359878e-01
   1.9447955e+00   6.0415243e-01
   1.9447955e+00   6.8470609e-01
   1.9447955e+00   7.6525975e-01
   1.9447955e+00   8.4581341e-01
   1.9447955e+00   9.2636706e-01
   1.9447955e+00   1.0069207e+00
   1.9447955e+00   1.0874744e+00
   1.9447955e+00   1.1680280e+00
   1.9447955e+00   1.2485817e+00
   1.9447955e+00   1.3291354e+00
   1.9447955e+00   1.4096890e+00
   1.9447955e+00   1.4902427e+00
   1.9447955e+00   1.5707963e+00
   1.9447955e+00   1.6513500e+00
   1.9447955e+00   1.7319036e+00
   1.9447955e+00   1.8124573e+00
   1.9447955e+00   1.8930110e+00
   1.9447955e+00   1.9735646e+00
   1.9447955e+00   2.0541183e+00
   1.9447955e+00   2.1346719e+00
   1.9447955e+00   2.2152256e+00
   1.9447955e+00   2.2957792e+00
   1.9447955e+00   2.3763329e+00
   1.9447955e+00   2.4568866e+00
   1.9447955e+00   2.5374402e+00
   1.9447955e+00   2.6179939e+00
   1.9447955e+00   2.6985475e+00
   1.9447955e+00   2.7791012e+00
   1.9447955e+00   2.8596549e+00
   1.9447955e+00   2.9402085e+00
   1.9447955e+00   3.0207622e+00
   1.9447955e+00   3.1013158e+00
   1.9447955e+00   3.1818695e+00
   1.9447955e+00   3.2624231e+00
   1.9447955e+00   3.3429768e+00
   1.9447955e+00   3.4235305e+00
   1.9447955e+00   3.5040841e+00
   1.9447955e+00   3.5846378e+00
   1.9447955e+00   3.6651914e+00
   1.9447955e+00   3.7457451e+00
   1.9447955e+00   3.8262987e+00
   1.9447955e+00   3.9068524e+00
   1.9447955e+00   3.9874061e+00
   1.9447955e+00   4.0679597e+00
   1.9447955e+00   4.1485134e+00
   1.9447955e+00   4.2290670e+00
   1.9447955e+00   4.3096207e+00
   1.9447955e+00   4.3901743e+00
   1.9447955e+00   4.4707280e+00
   1.9447955e+00   4.5512817e+00
   1.9447955e+00   4.6318353e+00
   1.9447955e+00   4.7123890e+00
   1.9447955e+00   4.7929426e+00
   1.9447955e+00   4.8734963e+00
   1.9447955e+00   4.9540500e+00
   1.9447955e+00   5.0346036e+00
   1.9447955e+00   5.1151573e+00
   1.9447955e+00   5.1957109e+00
   1.9447955e+00   5.2762646e+00
   1.9447955e+00   5.3568182e+00
   1.9447955e+00   5.4373719e+00
   1.9447955e+00   5.5179256e+00
   1.9447955e+00   5.5984792e+00
   1.9447955e+00   5.6790329e+00
   1.9447955e+00   5.7595865e+00
   1.9447955e+00   5.8401402e+00
   1.9447955e+00   5.9206938e+00
   1.9447955e+00   6.0012475e+00
   1.9447955e+00   6.0818012e+00
   1.9447955e+00   6.1623548e+00
   1.9447955e+00   6.2429085e+00
   2.0195953e+00   0.0000000e+00
   2.0195953e+00   8.2673491e-02
   2.0195953e+00   1.6534698e-01
   2.0195953e+00   2.4802047e-01
   2.0195953e+00   3.3069396e-01
   2.0195953e+00   4.1336745e-01
   2.0195953e+00   4.9604095e-01
   2.0195953e+00   5.7871444e-01
   2.0195953e+00   6.6138793e-01
   2.0195953e+00   7.4406142e-01
   2.0195953e+00   8.2673491e-01
   2.0195953e+00   9.0940840e-01
   2.0195953e+00   9.9208189e-01
   2.0195953e+00   1.0747554e+00
   2.0195953e+00   1.1574289e+00
   2.0195953e+00   1.2401024e+00
   2.0195953e+00   1.3227759e+00
   2.0195953e+00   1.4054493e+00
   2.0195953e+00   1.4881228e+00
   2.0195953e+00   1.5707963e+00
   2.0195953e+00   1.6534698e+00
   2.0195953e+00   1.7361433e+00
   2.0195953e+00   1.8188168e+00
   2.0195953e+00   1.9014903e+00
   2.0195953e+00   1.9841638e+00
   2.0195953e+00   2.0668373e+00
   2.0195953e+00   2.1495108e+00
   2.0195953e+00   2.2321843e+00
   2.0195953e+00   2.3148577e+00
   2.0195953e+00   2.3975312e+00
   2.0195953e+00   2.4802047e+00
   2.0195953e+00   2.5628782e+00
   2.0195953e+00   2.6455517e+00
   2.0195953e+00   2.7282252e+00
   2.0195953e+00   2.8108987e+00
   2.0195953e+00   2.8935722e+00
   2.0195953e+00   2.9762457e+00
   2.0195953e+00   3.0589192e+00
   2.0195953e+00   3.1415927e+00
   2.0195953e+00   3.2242661e+00
   2.0195953e+00   3.3069396e+00
   2.0195953e+00   3.3896131e+00
   2.0195953e+00   3.4722866e+00
   2.0195953e+00   3.5549601e+00
   2.0195953e+00   3.6376336e+00
   2.0195953e+00   3.7203071e+00
   2.0195953e+00   3.8029806e+00
   2.0195953e+00   3.8856541e+00
   2.0195953e+00   3.9683276e+00
   2.0195953e+00   4.0510011e+00
   2.0195953e+00   4.1336745e+00
   2.0195953e+00   4.2163480e+00
   2.0195953e+00   4.2990215e+00
   2.0195953e+00   4.3816950e+00
   2.0195953e+00   4.4643685e+00
   2.0195953e+00   4.5470420e+00
   2.0195953e+00   4.6297155e+00
   2.0195953e+00   4.7123890e+00
   2.0195953e+00   4.7950625e+00
   2.0195953e+00   4.8777360e+00
   2.0195953e+00   4.9604095e+00
   2.0195953e+00   5.0430829e+00
   2.0195953e+00   5.1257564e+00
   2.0195953e+00   5.2084299e+00
   2.0195953e+00   5.2911034e+00
   2.0195953e+00   5.3737769e+00
   2.0195953e+00   5.4564504e+00
   2.0195953e+00   5.5391239e+00
   2.0195953e+00   5.6217974e+00
   2.0195953e+00   5.7044709e+00
   2.0195953e+00   5.7871444e+00
   2.0195953e+00   5.8698179e+00
   2.0195953e+00   5.9524913e+00
   2.0195953e+00   6.0351648e+00
   2.0195953e+00   6.1178383e+00
   2.0195953e+00   6.2005118e+00
   2.0943951e+00   4.3035516e-02
   2.0943951e+00   1.2910655e-01
   2.0943951e+00   2.1517758e-01
   2.0943951e+00   3.0124861e-01
   2.0943951e+00   3.8731964e-01
   2.0943951e+00   4.7339067e-01
   2.0943951e+00   5.5946171e-01
   2.0943951e+00   6.4553274e-01
   2.0943951e+00   7.3160377e-01
   2.0943951e+00   8.1767480e-01
   2.0943951e+00   9.0374583e-01
   2.0943951e+00   9.8981686e-01
   2.0943951e+00   1.0758879e+00
   2.0943951e+00   1.1619589e+00
   2.0943951e+00   1.2480300e+00
   2.0943951e+00   1.3341010e+00
   2.0943951e+00   1.4201720e+00
   2.0943951e+00   1.5062431e+00
   2.0943951e+00   1.5923141e+00
   2.0943951e+00   1.6783851e+00
   2.0943951e+00   1.7644561e+00
   2.0943951e+00   1.8505272e+00
   2.0943951e+00   1.9365982e+00
   2.0943951e+00   2.0226692e+00
   2.0943951e+00   2.1087403e+00
   2.0943951e+00   2.1948113e+00
   2.0943951e+00   2.2808823e+00
   2.0943951e+00   2.3669534e+00
   2.0943951e+00   2.4530244e+00
   2.0943951e+00   2.5390954e+00
   2.0943951e+00   2.6251665e+00
   2.0943951e+00   2.7112375e+00
   2.0943951e+00   2.7973085e+00
   2.0943951e+00   2.8833796e+00
   2.0943951e+00   2.9694506e+00
   2.0943951e+00   3.0555216e+00
   2.0943951e+00   3.1415927e+00
   2.0943951e+00   3.2276637e+00
   2.0943951e+00   3.3137347e+00
   2.0943951e+00   3.3998057e+00
   2.0943951e+00   3.4858768e+00
   2.0943951e+00   3.5719478e+00
   2.0943951e+00   3.6580188e+00
   2.0943951e+00   3.7440899e+00
   2.0943951e+00   3.8301609e+00
   2.0943951e+00   3.9162319e+00
   2.0943951e+00   4.0023030e+00
   2.0943951e+00   4.0883740e+00
   2.0943951e+00   4.1744450e+00
   2.0943951e+00   4.2605161e+00
   2.0943951e+00   4.3465871e+00
   2.0943951e+00   4.4326581e+00
   2.0943951e+00   4.5187292e+00
   2.0943951e+00   4.6048002e+00
   2.0943951e+00   4.6908712e+00
   2.0943951e+00   4.7769423e+00
   2.0943951e+00   4.8630133e+00
   2.0943951e+00   4.9490843e+00
   2.0943951e+00   5.0351553e+00
   2.0943951e+00   5.1212264e+00
   2.0943951e+00   5.2072974e+00
   2.0943951e+00   5.2933684e+00
   2.0943951e+00   5.3794395e+00
   2.0943951e+00   5.4655105e+00
   2.0943951e+00   5.5515815e+00
   2.0943951e+00   5.6376526e+00
   2.0943951e+00   5.7237236e+00
   2.0943951e+00   5.8097946e+00
   2.0943951e+00   5.8958657e+00
   2.0943951e+00   5.9819367e+00
   2.0943951e+00   6.0680077e+00
   2.0943951e+00   6.1540788e+00
   2.0943951e+00   6.2401498e+00
   2.1691949e+00   0.0000000e+00
   2.1691949e+00   9.1060657e-02
   2.1691949e+00   1.8212131e-01
   2.1691949e+00   2.7318197e-01
   2.1691949e+00   3.6424263e-01
   2.1691949e+00   4.5530328e-01
   2.1691949e+00   5.4636394e-01
   2.1691949e+00   6.3742460e-01
   2.1691949e+00   7.2848525e-01
   2.1691949e+00   8.1954591e-01
   2.1691949e+00   9.1060657e-01
   2.1691949e+00   1.0016672e+00
   2.1691949e+00   1.0927279e+00
   2.1691949e+00   1.1837885e+00
   2.1691949e+00   1.2748492e+00
   2.1691949e+00   1.3659098e+00
   2.1691949e+00   1.4569705e+00
   2.1691949e+00   1.5480312e+00
   2.1691949e+00   1.6390918e+00
   2.1691949e+00   1.7301525e+00
   2.1691949e+00   1.8212131e+00
   2.1691949e+00   1.9122738e+00
   2.1691949e+00   2.0033344e+00
   2.1691949e+00   2.0943951e+00
   2.1691949e+00   2.1854558e+00
   2.1691949e+00   2.2765164e+00
   2.1691949e+00   2.3675771e+00
   2.1691949e+00   2.4586377e+00
   2.1691949e+00   2.5496984e+00
   2.1691949e+00   2.6407590e+00
   2.1691949e+00   2.7318197e+00
   2.1691949e+00   2.8228804e+00
   2.1691949e+00   2.9139410e+00
   2.1691949e+00   3.0050017e+00
   2.1691949e+00   3.0960623e+00
   2.1691949e+00   3.1871230e+00
   2.1691949e+00   3.2781836e+00
   2.1691949e+00   3.3692443e+00
   2.1691949e+00   3.4603050e+00
   2.1691949e+00   3.5513656e+00
   2.1691949e+00   3.6424263e+00
   2.1691949e+00   3.7334869e+00
   2.1691949e+00   3.8245476e+00
   2.1691949e+00   3.9156082e+00
   2.1691949e+00   4.0066689e+00
   2.1691949e+00   4.0977295e+00
   2.1691949e+00   4.1887902e+00
   2.1691949e+00   4.2798509e+00
   2.1691949e+00   4.3709115e+00
   2.1691949e+00   4.4619722e+00
   2.1691949e+00   4.5530328e+00
   2.1691949e+00   4.6440935e+00
   2.1691949e+00   4.7351541e+00
   2.1691949e+00   4.8262148e+00
   2.1691949e+00   4.9172755e+00
   2.1691949e+00   5.0083361e+00
   2.1691949e+00   5.0993968e+00
   2.1691949e+00   5.1904574e+00
   2.1691949e+00   5.2815181e+00
   2.1691949e+00   5.3725787e+00
   2.1691949e+00   5.4636394e+00
   2.1691949e+00   5.5547001e+00
   2.1691949e+00   5.6457607e+00
   2.1691949e+00   5.7368214e+00
   2.1691949e+00   5.8278820e+00
   2.1691949e+00   5.9189427e+00
   2.1691949e+00   6.0100033e+00
   2.1691949e+00   6.1010640e+00
   2.1691949e+00   6.1921247e+00
   2.2439948e+00   4.7599889e-02
   2.2439948e+00   1.4279967e-01
   2.2439948e+00   2.3799944e-01
   2.2439948e+00   3.3319922e-01
   2.2439948e+00   4.2839900e-01
   2.2439948e+00   5.2359878e-01
   2.2439948e+00   6.1879855e-01
   2.2439948e+00   7.1399833e-01
   2.2439948e+00   8.0919811e-01
   2.2439948e+00   9.0439789e-01
   2.2439948e+00   9.9959766e-01
   2.2439948e+00   1.0947974e+00
   2.2439948e+00   1.1899972e+00
   2.2439948e+00   1.2851970e+00
   2.2439948e+00   1.3803968e+00
   2.2439948e+00   1.4755965e+00
   2.2439948e+00   1.5707963e+00
   2.2439948e+00   1.6659961e+00
   2.2439948e+00   1.7611959e+00
   2.2439948e+00   1.8563957e+00
   2.2439948e+00   1.9515954e+00
   2.2439948e+00   2.0467952e+00
   2.2439948e+00   2.1419950e+00
   2.2439948e+00   2.2371948e+00
   2.2439948e+00   2.3323945e+00
   2.2439948e+00   2.4275943e+00
   2.2439948e+00   2.5227941e+00
   2.2439948e+00   2.6179939e+00
   2.2439948e+00   2.7131937e+00
   2.2439948e+00   2.8083934e+00
   2.2439948e+00   2.9035932e+00
   2.2439948e+00   2.9987930e+00
   2.2439948e+00   3.0939928e+00
   2.2439948e+00   3.1891925e+00
   2.2439948e+00   3.2843923e+00
   2.2439948e+00   3.3795921e+00
   2.2439948e+00   3.4747919e+00
   2.2439948e+00   3.5699917e+00
   2.2439948e+00   3.6651914e+00
   2.2439948e+00   3.7603912e+00
   2.2439948e+00   3.8555910e+00
   2.2439948e+00   3.9507908e+00
   2.2439948e+00   4.0459905e+00
   2.2439948e+00   4.1411903e+00
   2.2439948e+00   4.2363901e+00
   2.2439948e+00   4.3315899e+00
   2.2439948e+00   4.4267896e+00
   2.2439948e+00   4.5219894e+00
   2.2439948e+00   4.6171892e+00
   2.2439948e+00   4.7123890e+00
   2.2439948e+00   4.8075888e+00
   2.2439948e+00   4.9027885e+00
   2.2439948e+00   4.9979883e+00
   2.2439948e+00   5.0931881e+00
   2.2439948e+00   5.1883879e+00
   2.2439948e+00   5.2835876e+00
   2.2439948e+00   5.3787874e+00
   2.2439948e+00   5.4739872e+00
   2.2439948e+00   5.5691870e+00
   2.2439948e+00   5.6643868e+00
   2.2439948e+00   5.7595865e+00
   2.2439948e+00   5.8547863e+00
   2.2439948e+00   5.9499861e+00
   2.2439948e+00   6.0451859e+00
   2.2439948e+00   6.1403856e+00
   2.2439948e+00   6.2355854e+00
   2.3187946e+00   0.0000000e+00
   2.3187946e+00   1.0134170e-01
   2.3187946e+00   2.0268340e-01
   2.3187946e+00   3.0402510e-01
   2.3187946e+00   4.0536679e-01
   2.3187946e+00   5.0670849e-01
   2.3187946e+00   6.0805019e-01
   2.3187946e+00   7.0939189e-01
   2.3187946e+00   8.1073359e-01
   2.3187946e+00   9.1207529e-01
   2.3187946e+00   1.0134170e+00
   2.3187946e+00   1.1147587e+00
   2.3187946e+00   1.2161004e+00
   2.3187946e+00   1.3174421e+00
   2.3187946e+00   1.4187838e+00
   2.3187946e+00   1.5201255e+00
   2.3187946e+00   1.6214672e+00
   2.3187946e+00   1.7228089e+00
   2.3187946e+00   1.8241506e+00
   2.3187946e+00   1.9254923e+00
   2.3187946e+00   2.0268340e+00
   2.3187946e+00   2.1281757e+00
   2.3187946e+00   2.2295174e+00
   2.3187946e+00   2.3308591e+00
   2.3187946e+00   2.4322008e+00
   2.3187946e+00   2.5335425e+00
   2.3187946e+00   2.6348842e+00
   2.3187946e+00   2.7362259e+00
   2.3187946e+00   2.8375676e+00
   2.3187946e+00   2.9389093e+00
   2.3187946e+00   3.0402510e+00
   2.3187946e+00   3.1415927e+00
   2.3187946e+00   3.2429344e+00
   2.3187946e+00   3.3442761e+00
   2.3187946e+00   3.4456177e+00
   2.3187946e+00   3.5469594e+00
   2.3187946e+00   3.6483011e+00
   2.3187946e+00   3.7496428e+00
   2.3187946e+00   3.8509845e+00
   2.3187946e+00   3.9523262e+00
   2.3187946e+00   4.0536679e+00
   2.3187946e+00   4.1550096e+00
   2.3187946e+00   4.2563513e+00
   2.3187946e+00   4.3576930e+00
   2.3187946e+00   4.4590347e+00
   2.3187946e+00   4.5603764e+00
   2.3187946e+00   4.6617181e+00
   2.3187946e+00   4.7630598e+00
   2.3187946e+00   4.8644015e+00
   2.3187946e+00   4.9657432e+00
   2.3187946e+00   5.0670849e+00
   2.3187946e+00   5.1684266e+00
   2.3187946e+00   5.2697683e+00
   2.3187946e+00   5.3711100e+00
   2.3187946e+00   5.4724517e+00
   2.3187946e+00   5.5737934e+00
   2.3187946e+00   5.6751351e+00
   2.3187946e+00   5.7764768e+00
   2.3187946e+00   5.8778185e+00
   2.3187946e+00   5.9791602e+00
   2.3187946e+00   6.0805019e+00
   2.3187946e+00   6.1818436e+00
   2.3935944e+00   5.5115661e-02
   2.3935944e+00   1.6534698e-01
   2.3935944e+00   2.7557830e-01
   2.3935944e+00   3.8580962e-01
   2.3935944e+00   4.9604095e-01
   2.3935944e+00   6.0627227e-01
   2.3935944e+00   7.1650359e-01
   2.3935944e+00   8.2673491e-01
   2.3935944e+00   9.3696623e-01
   2.3935944e+00   1.0471976e+00
   2.3935944e+00   1.1574289e+00
   2.3935944e+00   1.2676602e+00
   2.3935944e+00   1.3778915e+00
   2.3935944e+00   1.4881228e+00
   2.3935944e+00   1.5983542e+00
   2.3935944e+00   1.7085855e+00
   2.3935944e+00   1.8188168e+00
   2.3935944e+00   1.9290481e+00
   2.3935944e+00   2.0392794e+00
   2.3935944e+00   2.1495108e+00
   2.3935944e+00   2.2597421e+00
   2.3935944e+00   2.3699734e+00
   2.3935944e+00   2.4802047e+00
   2.3935944e+00   2.5904360e+00
   2.3935944e+00   2.7006674e+00
   2.3935944e+00   2.8108987e+00
   2.3935944e+00   2.9211300e+00
   2.3935944e+00   3.0313613e+00
   2.3935944e+00   3.1415927e+00
   2.3935944e+00   3.2518240e+00
   2.3935944e+00   3.3620553e+00
   2.3935944e+00   3.4722866e+00
   2.3935944e+00   3.5825179e+00
   2.3935944e+00   3.6927493e+00
   2.3935944e+00   3.8029806e+00
   2.3935944e+00   3.9132119e+00
   2.3935944e+00   4.0234432e+00
   2.3935944e+00   4.1336745e+00
   2.3935944e+00   4.2439059e+00
   2.3935944e+00   4.3541372e+00
   2.3935944e+00   4.4643685e+00
   2.3935944e+00   4.5745998e+00
   2.3935944e+00   4.6848312e+00
   2.3935944e+00   4.7950625e+00
   2.3935944e+00   4.9052938e+00
   2.3935944e+00   5.0155251e+00
   2.3935944e+00   5.1257564e+00
   2.3935944e+00   5.2359878e+00
   2.3935944e+00   5.3462191e+00
   2.3935944e+00   5.4564504e+00
   2.3935944e+00   5.5666817e+00
   2.3935944e+00   5.6769130e+00
   2.3935944e+00   5.7871444e+00
   2.3935944e+00   5.8973757e+00
   2.3935944e+00   6.0076070e+00
   2.3935944e+00   6.1178383e+00
   2.3935944e+00   6.2280696e+00
   2.4683942e+00   0.0000000e+00
   2.4683942e+00   1.2083049e-01
   2.4683942e+00   2.4166097e-01
   2.4683942e+00   3.6249146e-01
   2.4683942e+00   4.8332195e-01
   2.4683942e+00   6.0415243e-01
   2.4683942e+00   7.2498292e-01
   2.4683942e+00   8.4581341e-01
   2.4683942e+00   9.6664389e-01
   2.4683942e+00   1.0874744e+00
   2.4683942e+00   1.2083049e+00
   2.4683942e+00   1.3291354e+00
   2.4683942e+00   1.4499658e+00
   2.4683942e+00   1.5707963e+00
   2.4683942e+00   1.6916268e+00
   2.4683942e+00   1.8124573e+00
   2.4683942e+00   1.9332878e+00
   2.4683942e+00   2.0541183e+00
   2.4683942e+00   2.1749488e+00
   2.4683942e+00   2.2957792e+00
   2.4683942e+00   2.4166097e+00
   2.4683942e+00   2.5374402e+00
   2.4683942e+00   2.6582707e+00
   2.4683942e+00   2.7791012e+00
   2.4683942e+00   2.8999317e+00
   2.4683942e+00   3.0207622e+00
   2.4683942e+00   3.1415927e+00
   2.4683942e+00   3.2624231e+00
   2.4683942e+00   3.3832536e+00
   2.4683942e+00   3.5040841e+00
   2.4683942e+00   3.6249146e+00
   2.4683942e+00   3.7457451e+00
   2.4683942e+00   3.8665756e+00
   2.4683942e+00   3.9874061e+00
   2.4683942e+00   4.1082365e+00
   2.4683942e+00   4.2290670e+00
   2.4683942e+00   4.3498975e+00
   2.4683942e+00   4.4707280e+00
   2.4683942e+00   4.5915585e+00
   2.4683942e+00   4.7123890e+00
   2.4683942e+00   4.8332195e+00
   2.4683942e+00   4.9540500e+00
   2.4683942e+00   5.0748804e+00
   2.4683942e+00   5.1957109e+00
   2.4683942e+00   5.3165414e+00
   2.4683942e+00   5.4373719e+00
   2.4683942e+00   5.5582024e+00
   2.4683942e+00   5.6790329e+00
   2.4683942e+00   5.7998634e+00
   2.4683942e+00   5.9206938e+00
   2.4683942e+00   6.0415243e+00
   2.4683942e+00   6.1623548e+00
   2.5431941e+00   6.6842397e-02
   2.5431941e+00   2.0052719e-01
   2.5431941e+00   3.3421198e-01
   2.5431941e+00   4.6789678e-01
   2.5431941e+00   6.0158157e-01
   2.5431941e+00   7.3526637e-01
   2.5431941e+00   8.6895116e-01
   2.5431941e+00   1.0026360e+00
   2.5431941e+00   1.1363207e+00
   2.5431941e+00   1.2700055e+00
   2.5431941e+00   1.4036903e+00
   2.5431941e+00   1.5373751e+00
   2.5431941e+00   1.6710599e+00
   2.5431941e+00   1.8047447e+00
   2.5431941e+00   1.9384295e+00
   2.5431941e+00   2.0721143e+00
   2.5431941e+00   2.2057991e+00
   2.5431941e+00   2.3394839e+00
   2.5431941e+00   2.4731687e+00
   2.5431941e+00   2.6068535e+00
   2.5431941e+00   2.7405383e+00
   2.5431941e+00   2.8742231e+00
   2.5431941e+00   3.0079079e+00
   2.5431941e+00   3.1415927e+00
   2.5431941e+00   3.2752774e+00
   2.5431941e+00   3.4089622e+00
   2.5431941e+00   3.5426470e+00
   2.5431941e+00   3.6763318e+00
   2.5431941e+00   3.8100166e+00
   2.5431941e+00   3.9437014e+00
   2.5431941e+00   4.0773862e+00
   2.5431941e+00   4.2110710e+00
   2.5431941e+00   4.3447558e+00
   2.5431941e+00   4.4784406e+00
   2.5431941e+00   4.6121254e+00
   2.5431941e+00   4.7458102e+00
   2.5431941e+00   4.8794950e+00
   2.5431941e+00   5.0131798e+00
   2.5431941e+00   5.1468646e+00
   2.5431941e+00   5.2805494e+00
   2.5431941e+00   5.4142341e+00
   2.5431941e+00   5.5479189e+00
   2.5431941e+00   5.6816037e+00
   2.5431941e+00   5.8152885e+00
   2.5431941e+00   5.9489733e+00
   2.5431941e+00   6.0826581e+00
   2.5431941e+00   6.2163429e+00
   2.6179939e+00   0.0000000e+00
   2.6179939e+00   1.4959965e-01
   2.6179939e+00   2.9919930e-01
   2.6179939e+00   4.4879895e-01
   2.6179939e+00   5.9839860e-01
   2.6179939e+00   7.4799825e-01
   2.6179939e+00   8.9759790e-01
   2.6179939e+00   1.0471976e+00
   2.6179939e+00   1.1967972e+00
   2.6179939e+00   1.3463969e+00
   2.6179939e+00   1.4959965e+00
   2.6179939e+00   1.6455962e+00
   2.6179939e+00   1.7951958e+00
   2.6179939e+00   1.9447955e+00
   2.6179939e+00   2.0943951e+00
   2.6179939e+00   2.2439948e+00
   2.6179939e+00   2.3935944e+00
   2.6179939e+00   2.5431941e+00
   2.6179939e+00   2.6927937e+00
   2.6179939e+00   2.8423934e+00
   2.6179939e+00   2.9919930e+00
   2.6179939e+00   3.1415927e+00
   2.6179939e+00   3.2911923e+00
   2.6179939e+00   3.4407920e+00
   2.6179939e+00   3.5903916e+00
   2.6179939e+00   3.7399913e+00
   2.6179939e+00   3.8895909e+00
   2.6179939e+00   4.0391906e+00
   2.6179939e+00   4.1887902e+00
   2.6179939e+00   4.3383899e+00
   2.6179939e+00   4.4879895e+00
   2.6179939e+00   4.6375892e+00
   2.6179939e+00   4.7871888e+00
   2.6179939e+00   4.9367885e+00
   2.6179939e+00   5.0863881e+00
   2.6179939e+00   5.2359878e+00
   2.6179939e+00   5.3855874e+00
   2.6179939e+00   5.5351871e+00
   2.6179939e+00   5.6847867e+00
   2.6179939e+00   5.8343864e+00
   2.6179939e+00   5.9839860e+00
   2.6179939e+00   6.1335857e+00
   2.6927937e+00   8.7266463e-02
   2.6927937e+00   2.6179939e-01
   2.6927937e+00   4.3633231e-01
   2.6927937e+00   6.1086524e-01
   2.6927937e+00   7.8539816e-01
   2.6927937e+00   9.5993109e-01
   2.6927937e+00   1.1344640e+00
   2.6927937e+00   1.3089969e+00
   2.6927937e+00   1.4835299e+00
   2.6927937e+00   1.6580628e+00
   2.6927937e+00   1.8325957e+00
   2.6927937e+00   2.0071286e+00
   2.6927937e+00   2.1816616e+00
   2.6927937e+00   2.3561945e+00
   2.6927937e+00   2.5307274e+00
   2.6927937e+00   2.7052603e+00
   2.6927937e+00   2.8797933e+00
   2.6927937e+00   3.0543262e+00
   2.6927937e+00   3.2288591e+00
   2.6927937e+00   3.4033920e+00
   2.6927937e+00   3.5779250e+00
   2.6927937e+00   3.7524579e+00
   2.6927937e+00   3.9269908e+00
   2.6927937e+00   4.1015237e+00
   2.6927937e+00   4.2760567e+00
   2.6927937e+00   4.4505896e+00
   2.6927937e+00   4.6251225e+00
   2.6927937e+00   4.7996554e+00
   2.6927937e+00   4.9741884e+00
   2.6927937e+00   5.1487213e+00
   2.6927937e+00   5.3232542e+00
   2.6927937e+00   5.4977871e+00
   2.6927937e+00   5.6723201e+00
   2.6927937e+00   5.8468530e+00
   2.6927937e+00   6.0213859e+00
   2.6927937e+00   6.1959188e+00
   2.7675935e+00   0.0000000e+00
   2.7675935e+00   2.0268340e-01
   2.7675935e+00   4.0536679e-01
   2.7675935e+00   6.0805019e-01
   2.7675935e+00   8.1073359e-01
   2.7675935e+00   1.0134170e+00
   2.7675935e+00   1.2161004e+00
   2.7675935e+00   1.4187838e+00
   2.7675935e+00   1.6214672e+00
   2.7675935e+00   1.8241506e+00
   2.7675935e+00   2.0268340e+00
   2.7675935e+00   2.2295174e+00
   2.7675935e+00   2.4322008e+00
   2.7675935e+00   2.6348842e+00
   2.7675935e+00   2.8375676e+00
   2.7675935e+00   3.0402510e+00
   2.7675935e+00   3.2429344e+00
   2.7675935e+00   3.4456177e+00
   2.7675935e+00   3.6483011e+00
   2.7675935e+00   3.8509845e+00
   2.7675935e+00   4.0536679e+00
   2.7675935e+00   4.2563513e+00
   2.7675935e+00   4.4590347e+00
   2.7675935e+00   4.6617181e+00
   2.7675935e+00   4.8644015e+00
   2.7675935e+00   5.0670849e+00
   2.7675935e+00   5.2697683e+00
   2.7675935e+00   5.4724517e+00
   2.7675935e+00   5.6751351e+00
   2.7675935e+00   5.8778185e+00
   2.7675935e+00   6.0805019e+00
   2.8423934e+00   1.2566371e-01
   2.8423934e+00   3.7699112e-01
   2.8423934e+00   6.2831853e-01
   2.8423934e+00   8.7964594e-01
   2.8423934e+00   1.1309734e+00
   2.8423934e+00   1.3823008e+00
   2.8423934e+00   1.6336282e+00
   2.8423934e+00   1.8849556e+00
   2.8423934e+00   2.1362830e+00
   2.8423934e+00   2.3876104e+00
   2.8423934e+00   2.6389378e+00
   2.8423934e+00   2.8902652e+00
   2.8423934e+00   3.1415927e+00
   2.8423934e+00   3.3929201e+00
   2.8423934e+00   3.6442475e+00
   2.8423934e+00   3.8955749e+00
   2.8423934e+00   4.1469023e+00
   2.8423934e+00   4.3982297e+00
   2.8423934e+00   4.6495571e+00
   2.8423934e+00   4.9008845e+00
   2.8423934e+00   5.1522120e+00
   2.8423934e+00   5.4035394e+00
   2.8423934e+00   5.6548668e+00
   2.8423934e+00   5.9061942e+00
   2.8423934e+00   6.1575216e+00
   2.9171932e+00   0.0000000e+00
   2.9171932e+00   3.3069396e-01
   2.9171932e+00   6.6138793e-01
   2.9171932e+00   9.9208189e-01
   2.9171932e+00   1.3227759e+00
   2.9171932e+00   1.6534698e+00
   2.9171932e+00   1.9841638e+00
   2.9171932e+00   2.3148577e+00
   2.9171932e+00   2.6455517e+00
   2.9171932e+00   2.9762457e+00
   2.9171932e+00   3.3069396e+00
   2.9171932e+00   3.6376336e+00
   2.9171932e+00   3.9683276e+00
   2.9171932e+00   4.2990215e+00
   2.9171932e+00   4.6297155e+00
   2.9171932e+00   4.9604095e+00
   2.9171932e+00   5.2911034e+00
   2.9171932e+00   5.6217974e+00
   2.9171932e+00   5.9524913e+00
   2.9919930e+00   2.4166097e-01
   2.9919930e+00   7.2498292e-01
   2.9919930e+00   1.2083049e+00
   2.9919930e+00   1.6916268e+00
   2.9919930e+00   2.1749488e+00
   2.9919930e+00   2.6582707e+00
   2.9919930e+00   3.1415927e+00
   2.9919930e+00   3.6249146e+00
   2.9919930e+00   4.1082365e+00
   2.9919930e+00   4.5915585e+00
   2.9919930e+00   5.0748804e+00
   2.9919930e+00   5.5582024e+00
   2.9919930e+00   6.0415243e+00
   3.0667928e+00   0.0000000e+00
   3.0667928e+00   1.0471976e+00
   3.0667928e+00   2.0943951e+00
   3.0667928e+00   3.1415927e+00
   3.0667928e+00   4.1887902e+00
   3.0667928e+00   5.2359878e+00
   3.1415927e+00   3.1415927e+00
