   0.0000000e+00   3.1415927e+00
   1.6534698e-01   0.0000000e+00
   1.6534698e-01   1.0471976e+00
   1.6534698e-01   2.0943951e+00
   1.6534698e-01   3.1415927e+00
   1.6534698e-01   4.1887902e+00
   1.6534698e-01   5.2359878e+00
   3.3069396e-01   2.6179939e-01
   3.3069396e-01   7.8539816e-01
   3.3069396e-01   1.3089969e+00
   3.3069396e-01   1.8325957e+00
   3.3069396e-01   2.3561945e+00
   3.3069396e-01   2.8797933e+00
   3.3069396e-01   3.4033920e+00
   3.3069396e-01   3.9269908e+00
   3.3069396e-01   4.4505896e+00
   3.3069396e-01   4.9741884e+00
   3.3069396e-01   5.4977871e+00
   3.3069396e-01   6.0213859e+00
   4.9604095e-01   0.0000000e+00
   4.9604095e-01   3.4906585e-01
   4.9604095e-01   6.9813170e-01
   4.9604095e-01   1.0471976e+00
   4.9604095e-01   1.3962634e+00
   4.9604095e-01   1.7453293e+00
   4.9604095e-01   2.0943951e+00
   4.9604095e-01   2.4434610e+00
   4.9604095e-01   2.7925268e+00
   4.9604095e-01   3.1415927e+00
   4.9604095e-01   3.4906585e+00
   4.9604095e-01   3.8397244e+00
   4.9604095e-01   4.1887902e+00
   4.9604095e-01   4.5378561e+00
   4.9604095e-01   4.8869219e+00
   4.9604095e-01   5.2359878e+00
   4.9604095e-01   5.5850536e+00
   4.9604095e-01   5.9341195e+00
   6.6138793e-01   1.3659098e-01
   6.6138793e-01   4.0977295e-01
   6.6138793e-01   6.8295492e-01
   6.6138793e-01   9.5613689e-01
   6.6138793e-01   1.2293189e+00
   6.6138793e-01   1.5025008e+00
   6.6138793e-01   1.7756828e+00
   6.6138793e-01   2.0488648e+00
   6.6138793e-01   2.3220467e+00
   6.6138793e-01   2.5952287e+00
   6.6138793e-01   2.8684107e+00
   6.6138793e-01   3.1415927e+00
   6.6138793e-01   3.4147746e+00
   6.6138793e-01   3.6879566e+00
   6.6138793e-01   3.9611386e+00
   6.6138793e-01   4.2343205e+00
   6.6138793e-01   4.5075025e+00
   6.6138793e-01   4.7806845e+00
   6.6138793e-01   5.0538664e+00
   6.6138793e-01   5.3270484e+00
   6.6138793e-01   5.6002304e+00
   6.6138793e-01   5.8734124e+00
   6.6138793e-01   6.1465943e+00
   8.2673491e-01   0.0000000e+00
   8.2673491e-01   2.2439948e-01
   8.2673491e-01   4.4879895e-01
   8.2673491e-01   6.7319843e-01
   8.2673491e-01   8.9759790e-01
   8.2673491e-01   1.1219974e+00
   8.2673491e-01   1.3463969e+00
   8.2673491e-01   1.5707963e+00
   8.2673491e-01   1.7951958e+00
   8.2673491e-01   2.0195953e+00
   8.2673491e-01   2.2439948e+00
   8.2673491e-01   2.4683942e+00
   8.2673491e-01   2.6927937e+00
   8.2673491e-01   2.9171932e+00
   8.2673491e-01   3.1415927e+00
   8.2673491e-01   3.3659921e+00
   8.2673491e-01   3.5903916e+00
   8.2673491e-01   3.8147911e+00
   8.2673491e-01   4.0391906e+00
   8.2673491e-01   4.2635900e+00
   8.2673491e-01   4.4879895e+00
   8.2673491e-01   4.7123890e+00
   8.2673491e-01   4.9367885e+00
   8.2673491e-01   5.1611879e+00
   8.2673491e-01   5.3855874e+00
   8.2673491e-01   5.6099869e+00
   8.2673491e-01   5.8343864e+00
   8.2673491e-01   6.0587858e+00
   9.9208189e-01   9.8174770e-02
   9.9208189e-01   2.9452431e-01
   9.9208189e-01   4.9087385e-01
   9.9208189e-01   6.8722339e-01
   9.9208189e-01   8.8357293e-01
   9.9208189e-01   1.0799225e+00
   9.9208189e-01   1.2762720e+00
   9.9208189e-01   1.4726216e+00
   9.9208189e-01   1.6689711e+00
   9.9208189e-01   1.8653206e+00
   9.9208189e-01   2.0616702e+00
   9.9208189e-01   2.2580197e+00
   9.9208189e-01   2.4543693e+00
   9.9208189e-01   2.6507188e+00
   9.9208189e-01   2.8470683e+00
   9.9208189e-01   3.0434179e+00
   9.9208189e-01   3.2397674e+00
   9.9208189e-01   3.4361170e+00
   9.9208189e-01   3.6324665e+00
   9.9208189e-01   3.8288160e+00
   9.9208189e-01   4.0251656e+00
   9.9208189e-01   4.2215151e+00
   9.9208189e-01   4.4178647e+00
   9.9208189e-01   4.6142142e+00
   9.9208189e-01   4.8105638e+00
   9.9208189e-01   5.0069133e+00
   9.9208189e-01   5.2032628e+00
   9.9208189e-01   5.3996124e+00
   9.9208189e-01   5.5959619e+00
   9.9208189e-01   5.7923115e+00
   9.9208189e-01   5.9886610e+00
   9.9208189e-01   6.1850105e+00
   1.1574289e+00   0.0000000e+00
   1.1574289e+00   1.7951958e-01
   1.1574289e+00   3.5903916e-01
   1.1574289e+00   5.3855874e-01
   1.1574289e+00   7.1807832e-01
   1.1574289e+00   8.9759790e-01
   1.1574289e+00   1.0771175e+00
   1.1574289e+00   1.2566371e+00
   1.1574289e+00   1.4361566e+00
   1.1574289e+00   1.6156762e+00
   1.1574289e+00   1.7951958e+00
   1.1574289e+00   1.9747154e+00
   1.1574289e+00   2.1542350e+00
   1.1574289e+00   2.3337545e+00
   1.1574289e+00   2.5132741e+00
   1.1574289e+00   2.6927937e+00
   1.1574289e+00   2.8723133e+00
   1.1574289e+00   3.0518329e+00
   1.1574289e+00   3.2313524e+00
   1.1574289e+00   3.4108720e+00
   1.1574289e+00   3.5903916e+00
   1.1574289e+00   3.7699112e+00
   1.1574289e+00   3.9494308e+00
   1.1574289e+00   4.1289503e+00
   1.1574289e+00   4.3084699e+00
   1.1574289e+00   4.4879895e+00
   1.1574289e+00   4.6675091e+00
   1.1574289e+00   4.8470287e+00
   1.1574289e+00   5.0265482e+00
   1.1574289e+00   5.2060678e+00
   1.1574289e+00   5.3855874e+00
   1.1574289e+00   5.5651070e+00
   1.1574289e+00   5.7446266e+00
   1.1574289e+00   5.9241461e+00
   1.1574289e+00   6.1036657e+00
   1.3227759e+00   8.4907910e-02
   1.3227759e+00   2.5472373e-01
   1.3227759e+00   4.2453955e-01
   1.3227759e+00   5.9435537e-01
   1.3227759e+00   7.6417119e-01
   1.3227759e+00   9.3398701e-01
   1.3227759e+00   1.1038028e+00
   1.3227759e+00   1.2736186e+00
   1.3227759e+00   1.4434345e+00
   1.3227759e+00   1.6132503e+00
   1.3227759e+00   1.7830661e+00
   1.3227759e+00   1.9528819e+00
   1.3227759e+00   2.1226977e+00
   1.3227759e+00   2.2925136e+00
   1.3227759e+00   2.4623294e+00
   1.3227759e+00   2.6321452e+00
   1.3227759e+00   2.8019610e+00
   1.3227759e+00   2.9717768e+00
   1.3227759e+00   3.1415927e+00
   1.3227759e+00   3.3114085e+00
   1.3227759e+00   3.4812243e+00
   1.3227759e+00   3.6510401e+00
   1.3227759e+00   3.8208559e+00
   1.3227759e+00   3.9906717e+00
   1.3227759e+00   4.1604876e+00
   1.3227759e+00   4.3303034e+00
   1.3227759e+00   4.5001192e+00
   1.3227759e+00   4.6699350e+00
   1.3227759e+00   4.8397508e+00
   1.3227759e+00   5.0095667e+00
   1.3227759e+00   5.1793825e+00
   1.3227759e+00   5.3491983e+00
   1.3227759e+00   5.5190141e+00
   1.3227759e+00   5.6888299e+00
   1.3227759e+00   5.8586458e+00
   1.3227759e+00   6.0284616e+00
   1.3227759e+00   6.1982774e+00
   1.4881228e+00   0.0000000e+00
   1.4881228e+00   1.6534698e-01
   1.4881228e+00   3.3069396e-01
   1.4881228e+00   4.9604095e-01
   1.4881228e+00   6.6138793e-01
   1.4881228e+00   8.2673491e-01
   1.4881228e+00   9.9208189e-01
   1.4881228e+00   1.1574289e+00
   1.4881228e+00   1.3227759e+00
   1.4881228e+00   1.4881228e+00
   1.4881228e+00   1.6534698e+00
   1.4881228e+00   1.8188168e+00
   1.4881228e+00   1.9841638e+00
   1.4881228e+00   2.1495108e+00
   1.4881228e+00   2.3148577e+00
   1.4881228e+00   2.4802047e+00
   1.4881228e+00   2.6455517e+00
   1.4881228e+00   2.8108987e+00
   1.4881228e+00   2.9762457e+00
   1.4881228e+00   3.1415927e+00
   1.4881228e+00   3.3069396e+00
   1.4881228e+00   3.4722866e+00
   1.4881228e+00   3.6376336e+00
   1.4881228e+00   3.8029806e+00
   1.4881228e+00   3.9683276e+00
   1.4881228e+00   4.1336745e+00
   1.4881228e+00   4.2990215e+00
   1.4881228e+00   4.4643685e+00
   1.4881228e+00   4.6297155e+00
   1.4881228e+00   4.7950625e+00
   1.4881228e+00   4.9604095e+00
   1.4881228e+00   5.1257564e+00
   1.4881228e+00   5.2911034e+00
   1.4881228e+00   5.4564504e+00
   1.4881228e+00   5.6217974e+00
   1.4881228e+00   5.7871444e+00
   1.4881228e+00   5.9524913e+00
   1.4881228e+00   6.1178383e+00
   1.6534698e+00   8.2673491e-02
   1.6534698e+00   2.4802047e-01
   1.6534698e+00   4.1336745e-01
   1.6534698e+00   5.7871444e-01
   1.6534698e+00   7.4406142e-01
   1.6534698e+00   9.0940840e-01
   1.6534698e+00   1.0747554e+00
   1.6534698e+00   1.2401024e+00
   1.6534698e+00   1.4054493e+00
   1.6534698e+00   1.5707963e+00
   1.6534698e+00   1.7361433e+00
   1.6534698e+00   1.9014903e+00
   1.6534698e+00   2.0668373e+00
   1.6534698e+00   2.2321843e+00
   1.6534698e+00   2.3975312e+00
   1.6534698e+00   2.5628782e+00
   1.6534698e+00   2.7282252e+00
   1.6534698e+00   2.8935722e+00
   1.6534698e+00   3.0589192e+00
   1.6534698e+00   3.2242661e+00
   1.6534698e+00   3.3896131e+00
   1.6534698e+00   3.5549601e+00
   1.6534698e+00   3.7203071e+00
   1.6534698e+00   3.8856541e+00
   1.6534698e+00   4.0510011e+00
   1.6534698e+00   4.2163480e+00
   1.6534698e+00   4.3816950e+00
   1.6534698e+00   4.5470420e+00
   1.6534698e+00   4.7123890e+00
   1.6534698e+00   4.8777360e+00
   1.6534698e+00   5.0430829e+00
   1.6534698e+00   5.2084299e+00
   1.6534698e+00   5.3737769e+00
   1.6534698e+00   5.5391239e+00
   1.6534698e+00   5.7044709e+00
   1.6534698e+00   5.8698179e+00
   1.6534698e+00   6.0351648e+00
   1.6534698e+00   6.2005118e+00
   1.8188168e+00   0.0000000e+00
   1.8188168e+00   1.6981582e-01
   1.8188168e+00   3.3963164e-01
   1.8188168e+00   5.0944746e-01
   1.8188168e+00   6.7926328e-01
   1.8188168e+00   8.4907910e-01
   1.8188168e+00   1.0188949e+00
   1.8188168e+00   1.1887107e+00
   1.8188168e+00   1.3585266e+00
   1.8188168e+00   1.5283424e+00
   1.8188168e+00   1.6981582e+00
   1.8188168e+00   1.8679740e+00
   1.8188168e+00   2.0377898e+00
   1.8188168e+00   2.2076056e+00
   1.8188168e+00   2.3774215e+00
   1.8188168e+00   2.5472373e+00
   1.8188168e+00   2.7170531e+00
   1.8188168e+00   2.8868689e+00
   1.8188168e+00   3.0566847e+00
   1.8188168e+00   3.2265006e+00
   1.8188168e+00   3.3963164e+00
   1.8188168e+00   3.5661322e+00
   1.8188168e+00   3.7359480e+00
   1.8188168e+00   3.9057638e+00
   1.8188168e+00   4.0755797e+00
   1.8188168e+00   4.2453955e+00
   1.8188168e+00   4.4152113e+00
   1.8188168e+00   4.5850271e+00
   1.8188168e+00   4.7548429e+00
   1.8188168e+00   4.9246588e+00
   1.8188168e+00   5.0944746e+00
   1.8188168e+00   5.2642904e+00
   1.8188168e+00   5.4341062e+00
   1.8188168e+00   5.6039220e+00
   1.8188168e+00   5.7737378e+00
   1.8188168e+00   5.9435537e+00
   1.8188168e+00   6.1133695e+00
   1.9841638e+00   8.9759790e-02
   1.9841638e+00   2.6927937e-01
   1.9841638e+00   4.4879895e-01
   1.9841638e+00   6.2831853e-01
   1.9841638e+00   8.0783811e-01
   1.9841638e+00   9.8735769e-01
   1.9841638e+00   1.1668773e+00
   1.9841638e+00   1.3463969e+00
   1.9841638e+00   1.5259164e+00
   1.9841638e+00   1.7054360e+00
   1.9841638e+00   1.8849556e+00
   1.9841638e+00   2.0644752e+00
   1.9841638e+00   2.2439948e+00
   1.9841638e+00   2.4235143e+00
   1.9841638e+00   2.6030339e+00
   1.9841638e+00   2.7825535e+00
   1.9841638e+00   2.9620731e+00
   1.9841638e+00   3.1415927e+00
   1.9841638e+00   3.3211122e+00
   1.9841638e+00   3.5006318e+00
   1.9841638e+00   3.6801514e+00
   1.9841638e+00   3.8596710e+00
   1.9841638e+00   4.0391906e+00
   1.9841638e+00   4.2187101e+00
   1.9841638e+00   4.3982297e+00
   1.9841638e+00   4.5777493e+00
   1.9841638e+00   4.7572689e+00
   1.9841638e+00   4.9367885e+00
   1.9841638e+00   5.1163080e+00
   1.9841638e+00   5.2958276e+00
   1.9841638e+00   5.4753472e+00
   1.9841638e+00   5.6548668e+00
   1.9841638e+00   5.8343864e+00
   1.9841638e+00   6.0139059e+00
   1.9841638e+00   6.1934255e+00
   2.1495108e+00   0.0000000e+00
   2.1495108e+00   1.9634954e-01
   2.1495108e+00   3.9269908e-01
   2.1495108e+00   5.8904862e-01
   2.1495108e+00   7.8539816e-01
   2.1495108e+00   9.8174770e-01
   2.1495108e+00   1.1780972e+00
   2.1495108e+00   1.3744468e+00
   2.1495108e+00   1.5707963e+00
   2.1495108e+00   1.7671459e+00
   2.1495108e+00   1.9634954e+00
   2.1495108e+00   2.1598449e+00
   2.1495108e+00   2.3561945e+00
   2.1495108e+00   2.5525440e+00
   2.1495108e+00   2.7488936e+00
   2.1495108e+00   2.9452431e+00
   2.1495108e+00   3.1415927e+00
   2.1495108e+00   3.3379422e+00
   2.1495108e+00   3.5342917e+00
   2.1495108e+00   3.7306413e+00
   2.1495108e+00   3.9269908e+00
   2.1495108e+00   4.1233404e+00
   2.1495108e+00   4.3196899e+00
   2.1495108e+00   4.5160394e+00
   2.1495108e+00   4.7123890e+00
   2.1495108e+00   4.9087385e+00
   2.1495108e+00   5.1050881e+00
   2.1495108e+00   5.3014376e+00
   2.1495108e+00   5.4977871e+00
   2.1495108e+00   5.6941367e+00
   2.1495108e+00   5.8904862e+00
   2.1495108e+00   6.0868358e+00
   2.3148577e+00   1.1219974e-01
   2.3148577e+00   3.3659921e-01
   2.3148577e+00   5.6099869e-01
   2.3148577e+00   7.8539816e-01
   2.3148577e+00   1.0097976e+00
   2.3148577e+00   1.2341971e+00
   2.3148577e+00   1.4585966e+00
   2.3148577e+00   1.6829961e+00
   2.3148577e+00   1.9073955e+00
   2.3148577e+00   2.1317950e+00
   2.3148577e+00   2.3561945e+00
   2.3148577e+00   2.5805940e+00
   2.3148577e+00   2.8049934e+00
   2.3148577e+00   3.0293929e+00
   2.3148577e+00   3.2537924e+00
   2.3148577e+00   3.4781919e+00
   2.3148577e+00   3.7025913e+00
   2.3148577e+00   3.9269908e+00
   2.3148577e+00   4.1513903e+00
   2.3148577e+00   4.3757898e+00
   2.3148577e+00   4.6001892e+00
   2.3148577e+00   4.8245887e+00
   2.3148577e+00   5.0489882e+00
   2.3148577e+00   5.2733877e+00
   2.3148577e+00   5.4977871e+00
   2.3148577e+00   5.7221866e+00
   2.3148577e+00   5.9465861e+00
   2.3148577e+00   6.1709856e+00
   2.4802047e+00   0.0000000e+00
   2.4802047e+00   2.7318197e-01
   2.4802047e+00   5.4636394e-01
   2.4802047e+00   8.1954591e-01
   2.4802047e+00   1.0927279e+00
   2.4802047e+00   1.3659098e+00
   2.4802047e+00   1.6390918e+00
   2.4802047e+00   1.9122738e+00
   2.4802047e+00   2.1854558e+00
   2.4802047e+00   2.4586377e+00
   2.4802047e+00   2.7318197e+00
   2.4802047e+00   3.0050017e+00
   2.4802047e+00   3.2781836e+00
   2.4802047e+00   3.5513656e+00
   2.4802047e+00   3.8245476e+00
   2.4802047e+00   4.0977295e+00
   2.4802047e+00   4.3709115e+00
   2.4802047e+00   4.6440935e+00
   2.4802047e+00   4.9172755e+00
   2.4802047e+00   5.1904574e+00
   2.4802047e+00   5.4636394e+00
   2.4802047e+00   5.7368214e+00
   2.4802047e+00   6.0100033e+00
   2.6455517e+00   1.7453293e-01
   2.6455517e+00   5.2359878e-01
   2.6455517e+00   8.7266463e-01
   2.6455517e+00   1.2217305e+00
   2.6455517e+00   1.5707963e+00
   2.6455517e+00   1.9198622e+00
   2.6455517e+00   2.2689280e+00
   2.6455517e+00   2.6179939e+00
   2.6455517e+00   2.9670597e+00
   2.6455517e+00   3.3161256e+00
   2.6455517e+00   3.6651914e+00
   2.6455517e+00   4.0142573e+00
   2.6455517e+00   4.3633231e+00
   2.6455517e+00   4.7123890e+00
   2.6455517e+00   5.0614548e+00
   2.6455517e+00   5.4105207e+00
   2.6455517e+00   5.7595865e+00
   2.6455517e+00   6.1086524e+00
   2.8108987e+00   0.0000000e+00
   2.8108987e+00   5.2359878e-01
   2.8108987e+00   1.0471976e+00
   2.8108987e+00   1.5707963e+00
   2.8108987e+00   2.0943951e+00
   2.8108987e+00   2.6179939e+00
   2.8108987e+00   3.1415927e+00
   2.8108987e+00   3.6651914e+00
   2.8108987e+00   4.1887902e+00
   2.8108987e+00   4.7123890e+00
   2.8108987e+00   5.2359878e+00
   2.8108987e+00   5.7595865e+00
   2.9762457e+00   5.2359878e-01
   2.9762457e+00   1.5707963e+00
   2.9762457e+00   2.6179939e+00
   2.9762457e+00   3.6651914e+00
   2.9762457e+00   4.7123890e+00
   2.9762457e+00   5.7595865e+00
   3.1415927e+00   0.0000000e+00
