   0.0000000e+00   3.1415927e+00
   1.5707963e-01   0.0000000e+00
   1.5707963e-01   1.0471976e+00
   1.5707963e-01   2.0943951e+00
   1.5707963e-01   3.1415927e+00
   1.5707963e-01   4.1887902e+00
   1.5707963e-01   5.2359878e+00
   3.1415927e-01   2.6179939e-01
   3.1415927e-01   7.8539816e-01
   3.1415927e-01   1.3089969e+00
   3.1415927e-01   1.8325957e+00
   3.1415927e-01   2.3561945e+00
   3.1415927e-01   2.8797933e+00
   3.1415927e-01   3.4033920e+00
   3.1415927e-01   3.9269908e+00
   3.1415927e-01   4.4505896e+00
   3.1415927e-01   4.9741884e+00
   3.1415927e-01   5.4977871e+00
   3.1415927e-01   6.0213859e+00
   4.7123890e-01   0.0000000e+00
   4.7123890e-01   3.4906585e-01
   4.7123890e-01   6.9813170e-01
   4.7123890e-01   1.0471976e+00
   4.7123890e-01   1.3962634e+00
   4.7123890e-01   1.7453293e+00
   4.7123890e-01   2.0943951e+00
   4.7123890e-01   2.4434610e+00
   4.7123890e-01   2.7925268e+00
   4.7123890e-01   3.1415927e+00
   4.7123890e-01   3.4906585e+00
   4.7123890e-01   3.8397244e+00
   4.7123890e-01   4.1887902e+00
   4.7123890e-01   4.5378561e+00
   4.7123890e-01   4.8869219e+00
   4.7123890e-01   5.2359878e+00
   4.7123890e-01   5.5850536e+00
   4.7123890e-01   5.9341195e+00
   6.2831853e-01   1.3089969e-01
   6.2831853e-01   3.9269908e-01
   6.2831853e-01   6.5449847e-01
   6.2831853e-01   9.1629786e-01
   6.2831853e-01   1.1780972e+00
   6.2831853e-01   1.4398966e+00
   6.2831853e-01   1.7016960e+00
   6.2831853e-01   1.9634954e+00
   6.2831853e-01   2.2252948e+00
   6.2831853e-01   2.4870942e+00
   6.2831853e-01   2.7488936e+00
   6.2831853e-01   3.0106930e+00
   6.2831853e-01   3.2724923e+00
   6.2831853e-01   3.5342917e+00
   6.2831853e-01   3.7960911e+00
   6.2831853e-01   4.0578905e+00
   6.2831853e-01   4.3196899e+00
   6.2831853e-01   4.5814893e+00
   6.2831853e-01   4.8432887e+00
   6.2831853e-01   5.1050881e+00
   6.2831853e-01   5.3668874e+00
   6.2831853e-01   5.6286868e+00
   6.2831853e-01   5.8904862e+00
   6.2831853e-01   6.1522856e+00
   7.8539816e-01   0.0000000e+00
   7.8539816e-01   2.2439948e-01
   7.8539816e-01   4.4879895e-01
   7.8539816e-01   6.7319843e-01
   7.8539816e-01   8.9759790e-01
   7.8539816e-01   1.1219974e+00
   7.8539816e-01   1.3463969e+00
   7.8539816e-01   1.5707963e+00
   7.8539816e-01   1.7951958e+00
   7.8539816e-01   2.0195953e+00
   7.8539816e-01   2.2439948e+00
   7.8539816e-01   2.4683942e+00
   7.8539816e-01   2.6927937e+00
   7.8539816e-01   2.9171932e+00
   7.8539816e-01   3.1415927e+00
   7.8539816e-01   3.3659921e+00
   7.8539816e-01   3.5903916e+00
   7.8539816e-01   3.8147911e+00
   7.8539816e-01   4.0391906e+00
   7.8539816e-01   4.2635900e+00
   7.8539816e-01   4.4879895e+00
   7.8539816e-01   4.7123890e+00
   7.8539816e-01   4.9367885e+00
   7.8539816e-01   5.1611879e+00
   7.8539816e-01   5.3855874e+00
   7.8539816e-01   5.6099869e+00
   7.8539816e-01   5.8343864e+00
   7.8539816e-01   6.0587858e+00
   9.4247780e-01   9.8174770e-02
   9.4247780e-01   2.9452431e-01
   9.4247780e-01   4.9087385e-01
   9.4247780e-01   6.8722339e-01
   9.4247780e-01   8.8357293e-01
   9.4247780e-01   1.0799225e+00
   9.4247780e-01   1.2762720e+00
   9.4247780e-01   1.4726216e+00
   9.4247780e-01   1.6689711e+00
   9.4247780e-01   1.8653206e+00
   9.4247780e-01   2.0616702e+00
   9.4247780e-01   2.2580197e+00
   9.4247780e-01   2.4543693e+00
   9.4247780e-01   2.6507188e+00
   9.4247780e-01   2.8470683e+00
   9.4247780e-01   3.0434179e+00
   9.4247780e-01   3.2397674e+00
   9.4247780e-01   3.4361170e+00
   9.4247780e-01   3.6324665e+00
   9.4247780e-01   3.8288160e+00
   9.4247780e-01   4.0251656e+00
   9.4247780e-01   4.2215151e+00
   9.4247780e-01   4.4178647e+00
   9.4247780e-01   4.6142142e+00
   9.4247780e-01   4.8105638e+00
   9.4247780e-01   5.0069133e+00
   9.4247780e-01   5.2032628e+00
   9.4247780e-01   5.3996124e+00
   9.4247780e-01   5.5959619e+00
   9.4247780e-01   5.7923115e+00
   9.4247780e-01   5.9886610e+00
   9.4247780e-01   6.1850105e+00
   1.0995574e+00   0.0000000e+00
   1.0995574e+00   1.7453293e-01
   1.0995574e+00   3.4906585e-01
   1.0995574e+00   5.2359878e-01
   1.0995574e+00   6.9813170e-01
   1.0995574e+00   8.7266463e-01
   1.0995574e+00   1.0471976e+00
   1.0995574e+00   1.2217305e+00
   1.0995574e+00   1.3962634e+00
   1.0995574e+00   1.5707963e+00
   1.0995574e+00   1.7453293e+00
   1.0995574e+00   1.9198622e+00
   1.0995574e+00   2.0943951e+00
   1.0995574e+00   2.2689280e+00
   1.0995574e+00   2.4434610e+00
   1.0995574e+00   2.6179939e+00
   1.0995574e+00   2.7925268e+00
   1.0995574e+00   2.9670597e+00
   1.0995574e+00   3.1415927e+00
   1.0995574e+00   3.3161256e+00
   1.0995574e+00   3.4906585e+00
   1.0995574e+00   3.6651914e+00
   1.0995574e+00   3.8397244e+00
   1.0995574e+00   4.0142573e+00
   1.0995574e+00   4.1887902e+00
   1.0995574e+00   4.3633231e+00
   1.0995574e+00   4.5378561e+00
   1.0995574e+00   4.7123890e+00
   1.0995574e+00   4.8869219e+00
   1.0995574e+00   5.0614548e+00
   1.0995574e+00   5.2359878e+00
   1.0995574e+00   5.4105207e+00
   1.0995574e+00   5.5850536e+00
   1.0995574e+00   5.7595865e+00
   1.0995574e+00   5.9341195e+00
   1.0995574e+00   6.1086524e+00
   1.2566371e+00   8.2673491e-02
   1.2566371e+00   2.4802047e-01
   1.2566371e+00   4.1336745e-01
   1.2566371e+00   5.7871444e-01
   1.2566371e+00   7.4406142e-01
   1.2566371e+00   9.0940840e-01
   1.2566371e+00   1.0747554e+00
   1.2566371e+00   1.2401024e+00
   1.2566371e+00   1.4054493e+00
   1.2566371e+00   1.5707963e+00
   1.2566371e+00   1.7361433e+00
   1.2566371e+00   1.9014903e+00
   1.2566371e+00   2.0668373e+00
   1.2566371e+00   2.2321843e+00
   1.2566371e+00   2.3975312e+00
   1.2566371e+00   2.5628782e+00
   1.2566371e+00   2.7282252e+00
   1.2566371e+00   2.8935722e+00
   1.2566371e+00   3.0589192e+00
   1.2566371e+00   3.2242661e+00
   1.2566371e+00   3.3896131e+00
   1.2566371e+00   3.5549601e+00
   1.2566371e+00   3.7203071e+00
   1.2566371e+00   3.8856541e+00
   1.2566371e+00   4.0510011e+00
   1.2566371e+00   4.2163480e+00
   1.2566371e+00   4.3816950e+00
   1.2566371e+00   4.5470420e+00
   1.2566371e+00   4.7123890e+00
   1.2566371e+00   4.8777360e+00
   1.2566371e+00   5.0430829e+00
   1.2566371e+00   5.2084299e+00
   1.2566371e+00   5.3737769e+00
   1.2566371e+00   5.5391239e+00
   1.2566371e+00   5.7044709e+00
   1.2566371e+00   5.8698179e+00
   1.2566371e+00   6.0351648e+00
   1.2566371e+00   6.2005118e+00
   1.4137167e+00   0.0000000e+00
   1.4137167e+00   1.5707963e-01
   1.4137167e+00   3.1415927e-01
   1.4137167e+00   4.7123890e-01
   1.4137167e+00   6.2831853e-01
   1.4137167e+00   7.8539816e-01
   1.4137167e+00   9.4247780e-01
   1.4137167e+00   1.0995574e+00
   1.4137167e+00   1.2566371e+00
   1.4137167e+00   1.4137167e+00
   1.4137167e+00   1.5707963e+00
   1.4137167e+00   1.7278760e+00
   1.4137167e+00   1.8849556e+00
   1.4137167e+00   2.0420352e+00
   1.4137167e+00   2.1991149e+00
   1.4137167e+00   2.3561945e+00
   1.4137167e+00   2.5132741e+00
   1.4137167e+00   2.6703538e+00
   1.4137167e+00   2.8274334e+00
   1.4137167e+00   2.9845130e+00
   1.4137167e+00   3.1415927e+00
   1.4137167e+00   3.2986723e+00
   1.4137167e+00   3.4557519e+00
   1.4137167e+00   3.6128316e+00
   1.4137167e+00   3.7699112e+00
   1.4137167e+00   3.9269908e+00
   1.4137167e+00   4.0840704e+00
   1.4137167e+00   4.2411501e+00
   1.4137167e+00   4.3982297e+00
   1.4137167e+00   4.5553093e+00
   1.4137167e+00   4.7123890e+00
   1.4137167e+00   4.8694686e+00
   1.4137167e+00   5.0265482e+00
   1.4137167e+00   5.1836279e+00
   1.4137167e+00   5.3407075e+00
   1.4137167e+00   5.4977871e+00
   1.4137167e+00   5.6548668e+00
   1.4137167e+00   5.8119464e+00
   1.4137167e+00   5.9690260e+00
   1.4137167e+00   6.1261057e+00
   1.5707963e+00   7.8539816e-02
   1.5707963e+00   2.3561945e-01
   1.5707963e+00   3.9269908e-01
   1.5707963e+00   5.4977871e-01
   1.5707963e+00   7.0685835e-01
   1.5707963e+00   8.6393798e-01
   1.5707963e+00   1.0210176e+00
   1.5707963e+00   1.1780972e+00
   1.5707963e+00   1.3351769e+00
   1.5707963e+00   1.4922565e+00
   1.5707963e+00   1.6493361e+00
   1.5707963e+00   1.8064158e+00
   1.5707963e+00   1.9634954e+00
   1.5707963e+00   2.1205750e+00
   1.5707963e+00   2.2776547e+00
   1.5707963e+00   2.4347343e+00
   1.5707963e+00   2.5918139e+00
   1.5707963e+00   2.7488936e+00
   1.5707963e+00   2.9059732e+00
   1.5707963e+00   3.0630528e+00
   1.5707963e+00   3.2201325e+00
   1.5707963e+00   3.3772121e+00
   1.5707963e+00   3.5342917e+00
   1.5707963e+00   3.6913714e+00
   1.5707963e+00   3.8484510e+00
   1.5707963e+00   4.0055306e+00
   1.5707963e+00   4.1626103e+00
   1.5707963e+00   4.3196899e+00
   1.5707963e+00   4.4767695e+00
   1.5707963e+00   4.6338492e+00
   1.5707963e+00   4.7909288e+00
   1.5707963e+00   4.9480084e+00
   1.5707963e+00   5.1050881e+00
   1.5707963e+00   5.2621677e+00
   1.5707963e+00   5.4192473e+00
   1.5707963e+00   5.5763270e+00
   1.5707963e+00   5.7334066e+00
   1.5707963e+00   5.8904862e+00
   1.5707963e+00   6.0475659e+00
   1.5707963e+00   6.2046455e+00
   1.7278760e+00   0.0000000e+00
   1.7278760e+00   1.5707963e-01
   1.7278760e+00   3.1415927e-01
   1.7278760e+00   4.7123890e-01
   1.7278760e+00   6.2831853e-01
   1.7278760e+00   7.8539816e-01
   1.7278760e+00   9.4247780e-01
   1.7278760e+00   1.0995574e+00
   1.7278760e+00   1.2566371e+00
   1.7278760e+00   1.4137167e+00
   1.7278760e+00   1.5707963e+00
   1.7278760e+00   1.7278760e+00
   1.7278760e+00   1.8849556e+00
   1.7278760e+00   2.0420352e+00
   1.7278760e+00   2.1991149e+00
   1.7278760e+00   2.3561945e+00
   1.7278760e+00   2.5132741e+00
   1.7278760e+00   2.6703538e+00
   1.7278760e+00   2.8274334e+00
   1.7278760e+00   2.9845130e+00
   1.7278760e+00   3.1415927e+00
   1.7278760e+00   3.2986723e+00
   1.7278760e+00   3.4557519e+00
   1.7278760e+00   3.6128316e+00
   1.7278760e+00   3.7699112e+00
   1.7278760e+00   3.9269908e+00
   1.7278760e+00   4.0840704e+00
   1.7278760e+00   4.2411501e+00
   1.7278760e+00   4.3982297e+00
   1.7278760e+00   4.5553093e+00
   1.7278760e+00   4.7123890e+00
   1.7278760e+00   4.8694686e+00
   1.7278760e+00   5.0265482e+00
   1.7278760e+00   5.1836279e+00
   1.7278760e+00   5.3407075e+00
   1.7278760e+00   5.4977871e+00
   1.7278760e+00   5.6548668e+00
   1.7278760e+00   5.8119464e+00
   1.7278760e+00   5.9690260e+00
   1.7278760e+00   6.1261057e+00
   1.8849556e+00   8.2673491e-02
   1.8849556e+00   2.4802047e-01
   1.8849556e+00   4.1336745e-01
   1.8849556e+00   5.7871444e-01
   1.8849556e+00   7.4406142e-01
   1.8849556e+00   9.0940840e-01
   1.8849556e+00   1.0747554e+00
   1.8849556e+00   1.2401024e+00
   1.8849556e+00   1.4054493e+00
   1.8849556e+00   1.5707963e+00
   1.8849556e+00   1.7361433e+00
   1.8849556e+00   1.9014903e+00
   1.8849556e+00   2.0668373e+00
   1.8849556e+00   2.2321843e+00
   1.8849556e+00   2.3975312e+00
   1.8849556e+00   2.5628782e+00
   1.8849556e+00   2.7282252e+00
   1.8849556e+00   2.8935722e+00
   1.8849556e+00   3.0589192e+00
   1.8849556e+00   3.2242661e+00
   1.8849556e+00   3.3896131e+00
   1.8849556e+00   3.5549601e+00
   1.8849556e+00   3.7203071e+00
   1.8849556e+00   3.8856541e+00
   1.8849556e+00   4.0510011e+00
   1.8849556e+00   4.2163480e+00
   1.8849556e+00   4.3816950e+00
   1.8849556e+00   4.5470420e+00
   1.8849556e+00   4.7123890e+00
   1.8849556e+00   4.8777360e+00
   1.8849556e+00   5.0430829e+00
   1.8849556e+00   5.2084299e+00
   1.8849556e+00   5.3737769e+00
   1.8849556e+00   5.5391239e+00
   1.8849556e+00   5.7044709e+00
   1.8849556e+00   5.8698179e+00
   1.8849556e+00   6.0351648e+00
   1.8849556e+00   6.2005118e+00
   2.0420352e+00   0.0000000e+00
   2.0420352e+00   1.7453293e-01
   2.0420352e+00   3.4906585e-01
   2.0420352e+00   5.2359878e-01
   2.0420352e+00   6.9813170e-01
   2.0420352e+00   8.7266463e-01
   2.0420352e+00   1.0471976e+00
   2.0420352e+00   1.2217305e+00
   2.0420352e+00   1.3962634e+00
   2.0420352e+00   1.5707963e+00
   2.0420352e+00   1.7453293e+00
   2.0420352e+00   1.9198622e+00
   2.0420352e+00   2.0943951e+00
   2.0420352e+00   2.2689280e+00
   2.0420352e+00   2.4434610e+00
   2.0420352e+00   2.6179939e+00
   2.0420352e+00   2.7925268e+00
   2.0420352e+00   2.9670597e+00
   2.0420352e+00   3.1415927e+00
   2.0420352e+00   3.3161256e+00
   2.0420352e+00   3.4906585e+00
   2.0420352e+00   3.6651914e+00
   2.0420352e+00   3.8397244e+00
   2.0420352e+00   4.0142573e+00
   2.0420352e+00   4.1887902e+00
   2.0420352e+00   4.3633231e+00
   2.0420352e+00   4.5378561e+00
   2.0420352e+00   4.7123890e+00
   2.0420352e+00   4.8869219e+00
   2.0420352e+00   5.0614548e+00
   2.0420352e+00   5.2359878e+00
   2.0420352e+00   5.4105207e+00
   2.0420352e+00   5.5850536e+00
   2.0420352e+00   5.7595865e+00
   2.0420352e+00   5.9341195e+00
   2.0420352e+00   6.1086524e+00
   2.1991149e+00   9.8174770e-02
   2.1991149e+00   2.9452431e-01
   2.1991149e+00   4.9087385e-01
   2.1991149e+00   6.8722339e-01
   2.1991149e+00   8.8357293e-01
   2.1991149e+00   1.0799225e+00
   2.1991149e+00   1.2762720e+00
   2.1991149e+00   1.4726216e+00
   2.1991149e+00   1.6689711e+00
   2.1991149e+00   1.8653206e+00
   2.1991149e+00   2.0616702e+00
   2.1991149e+00   2.2580197e+00
   2.1991149e+00   2.4543693e+00
   2.1991149e+00   2.6507188e+00
   2.1991149e+00   2.8470683e+00
   2.1991149e+00   3.0434179e+00
   2.1991149e+00   3.2397674e+00
   2.1991149e+00   3.4361170e+00
   2.1991149e+00   3.6324665e+00
   2.1991149e+00   3.8288160e+00
   2.1991149e+00   4.0251656e+00
   2.1991149e+00   4.2215151e+00
   2.1991149e+00   4.4178647e+00
   2.1991149e+00   4.6142142e+00
   2.1991149e+00   4.8105638e+00
   2.1991149e+00   5.0069133e+00
   2.1991149e+00   5.2032628e+00
   2.1991149e+00   5.3996124e+00
   2.1991149e+00   5.5959619e+00
   2.1991149e+00   5.7923115e+00
   2.1991149e+00   5.9886610e+00
   2.1991149e+00   6.1850105e+00
   2.3561945e+00   0.0000000e+00
   2.3561945e+00   2.2439948e-01
   2.3561945e+00   4.4879895e-01
   2.3561945e+00   6.7319843e-01
   2.3561945e+00   8.9759790e-01
   2.3561945e+00   1.1219974e+00
   2.3561945e+00   1.3463969e+00
   2.3561945e+00   1.5707963e+00
   2.3561945e+00   1.7951958e+00
   2.3561945e+00   2.0195953e+00
   2.3561945e+00   2.2439948e+00
   2.3561945e+00   2.4683942e+00
   2.3561945e+00   2.6927937e+00
   2.3561945e+00   2.9171932e+00
   2.3561945e+00   3.1415927e+00
   2.3561945e+00   3.3659921e+00
   2.3561945e+00   3.5903916e+00
   2.3561945e+00   3.8147911e+00
   2.3561945e+00   4.0391906e+00
   2.3561945e+00   4.2635900e+00
   2.3561945e+00   4.4879895e+00
   2.3561945e+00   4.7123890e+00
   2.3561945e+00   4.9367885e+00
   2.3561945e+00   5.1611879e+00
   2.3561945e+00   5.3855874e+00
   2.3561945e+00   5.6099869e+00
   2.3561945e+00   5.8343864e+00
   2.3561945e+00   6.0587858e+00
   2.5132741e+00   1.3089969e-01
   2.5132741e+00   3.9269908e-01
   2.5132741e+00   6.5449847e-01
   2.5132741e+00   9.1629786e-01
   2.5132741e+00   1.1780972e+00
   2.5132741e+00   1.4398966e+00
   2.5132741e+00   1.7016960e+00
   2.5132741e+00   1.9634954e+00
   2.5132741e+00   2.2252948e+00
   2.5132741e+00   2.4870942e+00
   2.5132741e+00   2.7488936e+00
   2.5132741e+00   3.0106930e+00
   2.5132741e+00   3.2724923e+00
   2.5132741e+00   3.5342917e+00
   2.5132741e+00   3.7960911e+00
   2.5132741e+00   4.0578905e+00
   2.5132741e+00   4.3196899e+00
   2.5132741e+00   4.5814893e+00
   2.5132741e+00   4.8432887e+00
   2.5132741e+00   5.1050881e+00
   2.5132741e+00   5.3668874e+00
   2.5132741e+00   5.6286868e+00
   2.5132741e+00   5.8904862e+00
   2.5132741e+00   6.1522856e+00
   2.6703538e+00   0.0000000e+00
   2.6703538e+00   3.4906585e-01
   2.6703538e+00   6.9813170e-01
   2.6703538e+00   1.0471976e+00
   2.6703538e+00   1.3962634e+00
   2.6703538e+00   1.7453293e+00
   2.6703538e+00   2.0943951e+00
   2.6703538e+00   2.4434610e+00
   2.6703538e+00   2.7925268e+00
   2.6703538e+00   3.1415927e+00
   2.6703538e+00   3.4906585e+00
   2.6703538e+00   3.8397244e+00
   2.6703538e+00   4.1887902e+00
   2.6703538e+00   4.5378561e+00
   2.6703538e+00   4.8869219e+00
   2.6703538e+00   5.2359878e+00
   2.6703538e+00   5.5850536e+00
   2.6703538e+00   5.9341195e+00
   2.8274334e+00   2.6179939e-01
   2.8274334e+00   7.8539816e-01
   2.8274334e+00   1.3089969e+00
   2.8274334e+00   1.8325957e+00
   2.8274334e+00   2.3561945e+00
   2.8274334e+00   2.8797933e+00
   2.8274334e+00   3.4033920e+00
   2.8274334e+00   3.9269908e+00
   2.8274334e+00   4.4505896e+00
   2.8274334e+00   4.9741884e+00
   2.8274334e+00   5.4977871e+00
   2.8274334e+00   6.0213859e+00
   2.9845130e+00   0.0000000e+00
   2.9845130e+00   1.0471976e+00
   2.9845130e+00   2.0943951e+00
   2.9845130e+00   3.1415927e+00
   2.9845130e+00   4.1887902e+00
   2.9845130e+00   5.2359878e+00
   3.1415927e+00   3.1415927e+00
