testcases=3
nfsft=1
nfft=0
fpt=1
threshold=1.000000e+03
kernel=0
parameter_sets=1
parameters=1
0.800000
bandwidths=64
4
8
12
16
20
24
28
32
36
40
44
48
52
56
60
64
68
72
76
80
84
88
92
96
100
104
108
112
116
120
124
128
132
136
140
144
148
152
156
160
164
168
172
176
180
184
188
192
196
200
204
208
212
216
220
224
228
232
236
240
244
248
252
256
node_sets=1
L=1000
D=1000
compare=1
precomputed=0
repetitions=1
nfsft=1
nfft=1
cutoff=3
fpt=1
threshold=1.000000e+03
kernel=0
parameter_sets=1
parameters=1
0.800000
bandwidths=64
4
8
12
16
20
24
28
32
36
40
44
48
52
56
60
64
68
72
76
80
84
88
92
96
100
104
108
112
116
120
124
128
132
136
140
144
148
152
156
160
164
168
172
176
180
184
188
192
196
200
204
208
212
216
220
224
228
232
236
240
244
248
252
256
node_sets=1
L=1000
D=1000
compare=1
precomputed=0
repetitions=1
nfsft=1
nfft=1
cutoff=6
fpt=1
threshold=1.000000e+03
kernel=0
parameter_sets=1
parameters=1
0.800000
bandwidths=64
4
8
12
16
20
24
28
32
36
40
44
48
52
56
60
64
68
72
76
80
84
88
92
96
100
104
108
112
116
120
124
128
132
136
140
144
148
152
156
160
164
168
172
176
180
184
188
192
196
200
204
208
212
216
220
224
228
232
236
240
244
248
252
256
node_sets=1
L=1000
D=1000
compare=1
precomputed=0
repetitions=1
