35.752 43.841 -114.194   
35.816 45.337 -114.077   
35.073 45.689 -112.786   
33.850 45.574 -112.750   
35.109 46.022 -115.265   
35.192 45.301 -116.620   
34.143 44.197 -116.780   
34.420 43.144 -117.359 
32.941 44.435 -116.264 
35.799 46.077 -111.735 
35.185 46.421 -110.444 
34.475 45.220 -109.823 
34.486 44.117 -110.389
34.215 47.581 -110.580
33.896 45.422 -108.644
33.199 44.349 -107.950
31.998 44.874 -107.193
32.137 45.506 -106.137
34.081 43.612 -106.899
33.298 42.445 -106.303
35.382 43.110 -107.508
30.824 44.558 -107.717
29.566 44.970 -107.121
29.274 44.080 -105.902
29.212 42.852 -105.993
28.439 44.907 -108.160
27.116 45.272 -107.542
28.760 45.846 -109.301
29.125 44.710 -104.751
28.874 43.983 -103.517
27.535 44.354 -102.845
27.182 45.532 -102.757
30.066 44.188 -102.520
30.566 45.529 -102.620
31.204 43.200 -102.832
26.781 43.360 -102.382
25.511 43.629 -101.726
25.182 42.594 -100.657
25.681 41.474 -100.714
24.395 43.713 -102.759
24.385 42.579 -103.752
23.227 42.680 -104.745
23.420 42.513 -105.953
22.012 42.909 -104.237
24.300 42.959 -99.723
23.901 42.091 -98.596
23.706 40.640 -98.995
23.107 40.380 -100.023
22.620 42.604 -97.946
22.749 43.897 -97.194
22.641 45.159 -98.074
22.621 45.051 -99.332 
22.550 46.281 -97.506
24.179 39.690 -98.193
24.028 38.283 -98.554
22.570 37.966 -98.547
22.038 37.404 -99.500
24.726 37.339 -97.564
26.121 37.556 -97.501
21.930 38.281 -97.440
20.510 38.002 -97.311
20.009 38.942 -96.298
20.778 39.409 -95.478
20.253 36.564 -96.867
18.707 39.149 -96.303
18.091 40.123 -95.415
16.756 39.550 -95.075
16.053 39.029 -95.945
17.891 41.422 -96.167
18.191 42.714 -95.441
19.581 43.189 -95.817
17.159 43.725 -95.884
16.398 39.634 -93.806
15.144 39.049 -93.380
14.244 40.121 -92.830
14.619 40.879 -91.937
15.402 37.862 -92.388
14.171 37.330 -91.886
16.250 38.315 -91.240
13.092 40.241 -93.470
12.093 41.217 -93.095
10.811 40.495 -92.832
10.728 39.280 -93.032
11.827 42.295 -94.181
10.998 43.315 -93.611
11.077 41.730 -95.390
9.795 41.268 -92.480
8.479 40.744 -92.154
7.499 41.541 -92.965
7.798 42.651 -93.357
8.227 40.957 -90.670
9.469 41.254 -90.022 
6.305 41.014 -93.203 
5.350 41.776 -93.997
5.140 43.105 -93.313
5.193 43.170 -92.089
4.076 40.941 -93.920
4.561 39.572 -93.687
5.660 39.805 -92.661
5.034 44.163 -94.101
4.806 45.488 -93.553
6.046 46.357 -93.496
6.051 47.485 -93.988
7.108 45.818 -92.937
8.323 46.577 -92.793
8.768 47.177 -94.133
8.228 46.822 -95.181
9.459 45.697 -92.198
9.113 44.997 -90.847
10.352 44.662 -90.004
11.317 44.045 -90.518
10.365 45.029 -88.807
9.744 48.079 -94.078
10.271 48.715 -95.256
11.735 48.363 -95.361
12.550 48.925 -94.639
10.138 50.226 -95.155
8.752 50.588 -95.130
10.820 50.884 -96.342
12.068 47.408 -96.218
13.459 47.004 -96.384
14.124 47.766 -97.523
13.440 48.291 -98.405
13.599 45.475 -96.609
13.439 44.771 -95.304
12.552 44.966 -97.598
15.452 47.813 -97.510
16.193 48.508 -98.530
17.443 47.751 -98.887
18.394 47.745 -98.119
16.630 49.887 -98.058
15.483 50.709 -97.826
17.524 50.559 -99.101
 17.458 47.096 -100.040
18.664 46.396 -100.428
19.638 47.506 -100.864
19.181 48.620 -101.148
18.378 45.373 -101.536
17.398 44.235 -101.193
17.527 43.872 -99.737
15.966 44.616 -101.454
20.953 47.261 -100.866
21.934 48.295 -101.234
22.892 47.708 -102.282
22.973 46.480 -102.400
22.760 48.732 -100.004
23.444 47.595 -99.452
21.861 49.310 -98.949
23.631 48.566 -103.007
24.559 48.107 -104.046
25.817 48.956 -104.117
25.792 50.028 -104.718
23.901 48.115 -105.415
24.930 47.245 -106.644
26.929 48.391 -103.642
28.230 49.055 -103.549
29.207 48.810 -104.689
29.229 47.708 -105.222
28.939 48.569 -102.288
28.563 49.256 -101.007
29.268 48.561 -99.847
30.619 48.124 -100.220
31.366 47.252 -99.539
30.922 46.721 -98.404
32.573 46.927 -99.989
30.111 49.767 -104.934
31.106 49.628 -106.000
32.495 49.680 -105.408
32.839 50.651 -104.756
30.962 50.750 -107.057
31.747 50.515 -108.226
33.307 48.653 -105.644
34.672 48.644 -105.125
35.371 49.870 -105.674
36.097 50.558 -104.976
35.431 47.402 -105.598
35.859 47.548 -106.942
35.138 50.116 -106.952
35.714 51.247 -107.658
35.233 52.635 -107.223
35.647 53.637 -107.809
35.500 51.093 -109.189
34.194 50.535 -109.434
36.580 50.181 -109.793
34.405 52.710 -106.183
33.915 54.009 -105.740
32.414 54.142 -105.508
31.721 53.177 -105.129
31.903 55.350 -105.737
30.479 55.626 -105.548
29.668 55.201 -106.768
30.183 55.208 -107.884
30.276 57.094 -105.279
28.423 54.786 -106.563
27.594 54.394 -107.698
26.828 55.632 -108.176
25.864 56.065 -107.542
26.584 53.260 -107.348
25.968 52.701 -108.627
27.270 52.132 -106.589
27.293 56.213 -109.272
26.671 57.384 -109.872
25.507 56.965 -110.827
25.070 55.813 -110.854
27.772 58.217 -110.638
27.201 58.915 -111.752
28.880 57.322 -111.176
24.974 57.916 -111.581
23.924 57.626 -112.553
24.594 56.975 -113.770
23.969 56.257 -114.555
23.237 58.913 -113.020
22.544 59.503 -111.919
22.244 58.620 -114.149
25.889 57.216 -113.908
26.650 56.673 -115.010
26.586 55.150 -115.051
26.679 54.544 -116.126
28.099 57.115 -114.871
28.495 57.837 -116.014
26.308 54.544 -113.897
26.267 53.092 -113.765
24.973 52.388 -114.152
24.961 51.172 -114.356
26.707 52.728 -112.353
28.057 53.325 -112.013
28.208 53.983 -110.983
29.042 53.122 -112.897
23.894 53.145 -114.291
22.582 52.608 -114.693
22.026 51.462 -113.844
21.292 50.610 -114.365
22.631 52.156 -116.151
23.250 53.162 -117.083
22.880 54.485 -117.038
24.249 52.782 -117.976
23.492 55.417 -117.843
24.871 53.711 -118.790
24.491 55.025 -118.717
25.140 55.963 -119.469
22.375 51.474 -112.556
21.971 50.444 -111.594
20.742 49.690 -112.041
19.697 50.288 -112.282
21.745 51.044 -110.223
20.906 48.394 -112.270
19.825 47.547 -112.702
19.518 46.681 -111.512
20.421 46.248 -110.812
20.273 46.656 -113.842
19.301 46.668 -114.981
18.503 45.748 -115.163
19.343 47.739 -115.755
18.248 46.436 -111.275
17.865 45.591 -110.173
17.008 44.449 -110.714
15.848 44.650 -111.097
17.107 46.417 -109.143
17.999 47.234 -108.301
18.394 48.515 -108.519
18.634 46.819 -107.081
19.233 48.937 -107.519
19.401 47.918 -106.615
18.633 45.622 -106.341
20.161 47.857 -105.439
19.391 45.560 -105.162
20.144 46.676 -104.725
17.606 43.271 -110.856
16.855 42.133 -111.343
16.333 41.304 -110.182
16.987 41.198 -109.144
17.697 41.222 -112.259
16.874 40.027 -112.721
18.137 41.989 -113.494
15.152 40.719 -110.367
14.539 39.904 -109.339
14.487 38.434 -109.732
13.728 38.078 -110.620
13.119 40.329 -109.095
12.534 39.543 -107.979
11.052 39.612 -107.928
10.372 39.179 -108.855
10.522 40.139 -106.842
15.264 37.575 -109.074
15.244 36.160 -109.376
14.216 35.448 -108.497
14.361 35.438 -107.279
16.625 35.537 -109.157
16.564 34.025 -109.210
17.910 33.329 -109.203
18.946 34.029 -109.177
17.919 32.066 -109.237
13.182 34.874 -109.107
12.150 34.128 -108.381
12.502 32.640 -108.362
13.501 32.210 -108.964
10.784 34.288 -109.048
10.088 35.604 -108.765
9.757 35.773 -107.300
8.579 34.904 -106.898
8.420 34.787 -105.407
11.700 31.826 -107.646
11.970 30.391 -107.584
12.292 29.731 -108.904
11.687 30.024 -109.928
10.690 29.851 -106.979
10.430 30.862 -105.918
10.690 32.185 -106.644
13.255 28.822 -108.853
13.686 28.079 -110.010
14.184 28.968 -111.126
13.901 28.745 -112.295
12.599 27.114 -110.501
12.414 25.914 -109.562
13.421 25.228 -109.249
11.257 25.660 -109.146
14.970 29.963 -110.739
15.598 30.884 -111.676
14.827 31.247 -112.936
15.054 30.713 -114.019
17.039 30.452 -112.015
17.342 28.997 -111.744
16.797 27.970 -112.489
18.137 28.415 -110.821
17.243 26.811 -112.028
18.063 27.055 -111.014
13.937 32.211 -112.738
13.030 32.802 -113.727
13.274 34.260 -113.373
12.661 34.788 -112.441
11.592 32.414 -113.334
10.279 32.585 -114.088
9.218 31.999 -113.200
9.947 34.031 -114.419
14.270 34.868 -113.998
14.594 36.255 -113.688
13.589 37.238 -114.278
12.943 36.938 -115.281
15.989 36.584 -114.174
17.068 35.799 -113.505
17.294 34.468 -113.821
17.923 36.423 -112.600
18.358 33.776 -113.256
18.991 35.730 -112.032
19.208 34.416 -112.361
13.457 38.397 -113.637
12.538 39.464 -114.044
13.162 40.808 -113.800
13.724 41.045 -112.747
11.270 39.438 -113.201
10.418 38.376 -113.665
10.537 40.761 -113.285
13.071 41.697 -114.771
13.617 43.037 -114.585
12.706 43.829 -113.644
11.493 43.721 -113.742
13.268 44.581 -112.712
12.464 45.356 -111.762
12.596 46.868 -111.888
11.595 47.584 -111.929
12.878 44.969 -110.354
11.768 44.421 -109.498
10.859 43.495 -110.278
12.451 43.709 -108.381
13.833 47.340 -111.911
14.176 48.757 -112.039
15.366 48.873 -112.986
16.186 47.955 -113.071
14.557 49.358 -110.657
13.298 49.490 -109.828
15.278 50.695 -110.803
13.527 49.951 -108.473
15.439 49.971 -113.712
16.538 50.152 -114.632
17.010 51.592 -114.654
16.259 52.507 -114.259
18.248 51.807 -115.051
18.753 53.149 -115.084
18.657 53.867 -113.746
18.403 55.070 -113.700
18.771 53.109 -112.662
18.762 53.610 -111.296
17.450 53.727 -110.582
17.367 53.314 -109.429
19.469 54.966 -111.140
20.814 54.886 -111.652
19.498 55.346 -109.700
16.410 54.206 -111.259
15.127 54.427 -110.562
13.879 54.320 -111.425
12.791 54.676 -110.975
15.129 55.819 -110.034
15.280 56.804 -111.143
14.346 57.542 -111.467
16.423 56.759 -111.811
14.047 53.907 -112.681
12.925 53.742 -113.596
12.177 52.433 -113.425
12.597 51.384 -113.912
13.399 53.911 -115.022
13.446 55.349 -115.426
14.427 56.037 -115.168
12.327 55.853 -115.954
11.052 52.487 -112.744
10.312 51.284 -112.505
9.774 50.574 -113.732
9.012 51.133 -114.503
9.176 51.563 -111.549
8.443 50.331 -111.172
8.061 50.390 -109.718
7.090 51.446 -109.461
7.383 52.646 -108.963
8.621 52.953 -108.587
6.412 53.524 -108.794
10.161 49.313 -113.878
9.681 48.505 -114.980
8.183 48.215 -114.814
7.724 47.817 -113.741
10.463 47.194 -115.046
7.420 48.334 -115.900
5.985 48.107 -116.001
5.298 47.227 -114.965
4.635 47.741 -114.069
5.872 47.526 -117.386
6.761 48.449 -118.109
7.978 48.546 -117.237
5.440 45.912 -115.076
4.748 45.041 -114.135
5.014 45.323 -112.667
4.154 45.083 -111.787
6.229 45.798 -112.401
6.677 46.088 -111.047
5.689 46.959 -110.319
5.272 47.992 -110.835
8.044 46.776 -111.063
8.519 47.065 -109.650
9.049 45.894 -111.795
5.245 46.513 -109.131
4.289 47.203 -108.258
4.937 48.493 -107.823
6.154 48.563 -107.699
4.152 46.258 -107.067
4.464 44.915 -107.651
5.643 45.216 -108.544
4.119 49.490 -107.526
4.633 50.799 -107.124
5.576 50.795 -105.920
6.512 51.612 -105.853
3.487 51.748 -106.886
5.373 49.818 -105.028
6.171 49.719 -103.810
7.654 49.521 -103.994
8.384 49.610 -103.022
5.631 48.652 -102.882
5.671 47.272 -103.492
5.309 46.184 -102.493
5.357 44.875 -103.126
4.383 43.991 -103.046
3.293 44.266 -102.353
4.479 42.852 -103.713
8.110 49.212 -105.198
9.548 49.071 -105.426
10.087 50.404 -105.906
9.528 51.009 -106.804
9.819 47.988 -106.450
9.325 46.657 -106.034
7.964 46.389 -106.005
10.225 45.678 -105.640
7.502 45.163 -105.588
9.776 44.465 -105.222
8.405 44.201 -105.196
11.182 50.866 -105.322
11.728 52.152 -105.735
13.245 52.131 -105.857
13.937 51.585 -104.994
11.304 53.222 -104.752
11.870 54.468 -105.104
13.751 52.733 -106.933
15.187 52.784 -107.166
15.712 54.133 -106.754
14.987 55.113 -106.915
16.922 54.192 -106.189
17.519 55.463 -105.749
19.008 55.383 -105.373
19.612 54.316 -105.280
16.759 56.009 -104.536
17.322 55.524 -103.333
19.628 56.541 -105.255
21.006 56.558 -104.818
20.890 57.048 -103.380
20.265 58.076 -103.106
21.853 57.542 -105.604
22.262 57.285 -107.032
22.750 55.873 -107.148
21.091 57.586 -107.914
21.452 56.283 -102.464
21.438 56.602 -101.063
22.908 56.724 -100.712
23.617 55.736 -100.466
20.744 55.479 -100.309
19.230 55.687 -100.401
21.232 55.395 -98.876
18.429 54.505 -99.894
23.400 57.943 -100.815
24.793 58.150 -100.513
25.661 57.746 -101.682
25.421 58.190 -102.801
26.616 56.849 -101.457
27.533 56.460 -102.524
27.265 55.077 -103.081
28.108 54.504 -103.779
28.971 56.538 -102.023
29.204 55.666 -100.813
28.387 55.716 -99.865
30.210 54.925 -100.800
26.116 54.523 -102.730
25.739 53.202 -103.206
24.320 53.320 -103.745
23.626 54.279 -103.409
25.794 52.209 -102.055
24.985 52.645 -100.851
25.213 51.687 -99.699
24.517 52.135 -98.423
24.739 51.152 -97.311
23.914 52.403 -104.617
22.575 52.467 -105.169
21.631 51.663 -104.284
22.061 50.742 -103.597
22.552 51.939 -106.582
20.344 51.942 -104.371
19.414 51.234 -103.515
18.085 50.869 -104.165
17.747 51.362 -105.237
19.142 52.063 -102.243
17.368 49.963 -103.514
16.060 49.513 -103.914
15.328 49.449 -102.566
15.865 48.980 -101.573
16.104 48.131 -104.577
14.785 47.341 -104.676
13.707 48.020 -105.503
15.110 45.984 -105.254
14.097 49.921 -102.538
13.341 49.932 -101.308
11.961 49.356 -101.483
11.153 49.899 -102.215
13.188 51.356 -100.849
14.477 51.916 -100.606
12.300 51.455 -99.627
11.717 48.219 -100.866
10.431 47.596 -100.936
9.745 48.238 -99.739
10.253 48.166 -98.620
10.577 46.108 -100.730
11.576 45.593 -101.745
9.241 45.419 -100.874
11.600 44.120 -101.843
8.687 48.992 -100.002
7.913 49.661 -98.951
6.632 48.870 -98.635
5.597 49.041 -99.272
7.590 51.087 -99.387
8.752 51.896 -99.216
6.466 51.676 -98.596
6.700 48.004 -97.642
5.542 47.214 -97.316
5.694 45.827 -97.928
4.802 45.350 -98.624
6.826 45.176 -97.683
7.069 43.847 -98.200
5.907 42.909 -97.885
5.273 43.021 -96.824
8.360 43.292 -97.599
5.614 42.024 -98.841
4.570 40.992 -98.732
5.274 39.632 -98.942
6.329 39.604 -99.585
3.518 41.150 -99.822
2.631 42.380 -99.781
1.351 42.158 -100.600
1.378 41.585 -101.693
0.221 42.557 -100.042
4.710 38.520 -98.440
5.339 37.187 -98.608
5.783 36.955 -100.052
6.755 36.251 -100.327
4.387 36.045 -98.215
3.079 36.303 -98.738
4.324 35.897 -96.713
5.054 37.567 -100.968
5.362 37.476 -102.372
6.494 38.383 -102.797
6.519 38.864 -103.924
4.120 37.782 -103.204
3.389 39.017 -102.793
2.136 39.214 -103.593
1.262 38.313 -103.541
2.028 40.265 -104.269
7.402 38.686 -101.892
8.525 39.530 -102.259
9.779 38.729 -101.945
10.885 39.175 -102.229
8.506 40.847 -101.500
7.454 41.796 -102.009
7.715 42.468 -103.012
6.363 41.873 -101.423
9.594 37.530 -101.385
10.689 36.642 -101.056
11.315 36.338 -102.420
10.622 35.933 -103.357
10.144 35.383 -100.362
11.179 34.641 -99.512
10.591 33.716 -98.442
9.530 34.044 -97.868
11.208 32.664 -98.151
12.619 36.567 -102.529
13.318 36.387 -103.798
14.795 36.787 -103.683
15.200 37.406 -102.688
12.647 37.273 -104.832
15.615 36.416 -104.660
17.007 36.826 -104.620
16.980 38.072 -105.500
16.519 37.997 -106.636
17.986 35.770 -105.222
17.926 34.477 -104.435
19.412 36.266 -105.120
16.680 33.686 -104.681
17.418 39.212 -104.967
17.416 40.477 -105.709
18.790 40.849 -106.234
19.632 41.336 -105.477
16.865 41.603 -104.820
15.385 41.486 -104.593
14.863 40.517 -103.755
14.486 42.281 -105.292
13.497 40.338 -103.625
13.106 42.109 -105.164
12.625 41.129 -104.325
11.285 40.932 -104.160
19.038 40.640 -107.522
20.357 40.969 -108.082
20.512 42.403 -108.537
19.646 42.919 -109.238
20.694 40.046 -109.250
21.025 38.660 -108.838
22.319 38.334 -108.448
20.037 37.695 -108.794
22.633 37.055 -108.006
20.322 36.406 -108.357
21.628 36.074 -107.956
21.630 43.024 -108.156
21.978 44.407 -108.521
23.040 44.368 -109.633
24.022 43.655 -109.477
22.636 45.142 -107.337
23.593 46.550 -107.999
22.894 45.109 -110.735
23.948 45.091 -111.790
24.435 46.489 -112.078
23.620 47.398 -112.167
23.449 44.437 -113.086
25.742 46.677 -112.221
26.315 48.005 -112.472
27.124 48.075 -113.754
28.020 47.269 -113.983
27.171 48.450 -111.294
26.486 48.731 -109.948
27.484 49.415 -109.011
25.265 49.621 -110.170
26.774 49.036 -114.593
27.427 49.256 -115.881
28.697 50.059 -115.726
28.686 51.119 -115.067
26.447 49.978 -116.831
27.018 50.645 -118.040
27.546 51.884 -118.085
27.034 50.150 -119.380
27.892 52.199 -119.376
27.588 51.150 -120.192
26.634 48.941 -119.983
27.763 50.994 -121.587
26.807 48.787 -121.383
27.367 49.813 -122.159
29.785 49.525 -116.305
31.111 50.156 -116.315
31.679 50.032 -117.726
32.281 49.018 -118.057
32.093 49.474 -115.369
31.624 49.317 -113.954
31.902 50.290 -112.989
30.995 48.141 -113.545
31.577 50.087 -111.648
30.668 47.923 -112.213
30.964 48.896 -111.266
30.670 48.654 -109.946
31.379 51.023 -118.563
31.844 51.121 -119.957
31.648 49.934 -120.878
32.605 49.283 -121.272
33.305 51.553 -120.018 
33.483 52.783 -119.346
30.408 49.673 -121.248 
30.116 48.576 -122.156
30.528 47.199 -121.629 
30.919 46.296 -122.377
30.727 48.875 -123.520
30.133 50.128 -124.138
29.166 50.066 -124.896
30.660 51.276 -123.762
30.408 47.087 -120.307
30.683 45.888 -119.526
29.744 45.959 -118.311 
29.627 47.005 -117.649
32.123 45.886 -119.024
33.150 45.763 -120.106 
33.987 46.796 -120.458
33.479 44.726 -120.911 
34.777 46.406 -121.439 
34.486 45.153 -121.725 
28.976 44.905 -118.092
28.086 44.863 -116.939 
28.828 44.130 -115.816 
29.786 43.390 -116.071 
26.823 44.117 -117.313 
25.849 44.990 -117.984 
25.518 44.980 -119.297 
25.009 45.967 -117.364 
24.504 45.877 -119.539 
24.173 46.498 -118.363 
24.871 46.440 -116.054 
23.217 47.482 -118.096 
23.908 47.429 -115.794
23.098 47.934 -116.812 
28.414 44.345 -114.575 
29.029 43.699 -113.401 
27.906 43.490 -112.379 
27.395 44.469 -111.848 
30.145 44.619 -112.785 
30.807 43.942 -111.662 
31.195 44.932 -113.799 
27.426 42.259 -112.198 
26.352 42.008 -111.223 
26.866 41.917 -109.781 
28.058 41.817 -109.525 
25.624 40.699 -111.516 
24.723 40.748 -112.694 
25.243 40.638 -113.966 
23.349 40.856 -112.529 
24.415 40.631 -115.055 
22.505 40.849 -113.613 
23.032 40.735 -114.881 
25.938 41.911 -108.845 
26.307 41.802 -107.462 
26.111 40.365 -107.064 
25.557 39.570 -107.828 
26.497 40.044 -105.837 
26.366 38.681 -105.362 
24.941 38.243 -105.195
24.668 37.046 -105.127 
24.037 39.216 -105.172 
22.623 38.936 -104.985
22.271 38.960 -103.510
23.137 38.798 -102.653
21.009 39.225 -103.206 
20.557 39.250 -101.820 
19.392 38.291 -101.680 
18.539 38.211 -102.565
20.048 40.634 -101.393 
21.121 41.589 -101.374 
19.420 40.541 -100.021 
19.375 37.529 -100.597 
18.287 36.608 -100.379 
17.336 37.366 -99.479
17.739 37.857 -98.429 
18.791 35.338 -99.688
17.687 34.345 -99.278
16.830 33.928 -100.481 
15.842 32.821 -100.134
15.035 32.387 -101.329
16.097 37.542 -99.906
15.174 38.252 -99.038
14.168 37.320 -98.444 
13.430 36.653 -99.152
14.446 39.386 -99.754
13.538 40.242 -98.852
14.363 40.816 -97.748
12.897 41.378 -99.604
14.159 37.256 -97.130
13.214 36.411 -96.429
12.085 37.352 -96.019
12.342 38.525 -95.754
13.858 35.845 -95.124
15.203 35.410 -95.378
13.048 34.679 -94.576
10.845 36.871 -96.019
9.710 37.676 -95.559
8.862 36.836 -94.571
7.779 36.331 -94.920
8.819 38.233 -96.729
7.756 39.200 -96.171
9.660 38.971 -97.770
9.423 36.628 -93.375
8.794 35.865 -92.293
7.254 35.789 -92.367
6.569 36.751 -92.051
9.205 36.418 -90.903
10.610 36.268 -90.302
11.289 35.084 -90.902
11.446 37.494 -90.537
6.731 34.643 -92.784
5.296 34.451 -92.845
4.825 33.315 -91.946
3.633 33.013 -91.900
5.737 32.623 -91.275
5.322 31.545 -90.403
6.256 31.520 -89.218
7.321 32.161 -89.234
5.299 30.198 -91.133
6.632 29.655 -91.565
6.603 28.152 -91.762
6.501 27.382 -90.803
6.719 27.721 -93.012
5.832 30.830 -88.143
6.604 30.688 -86.903
7.940 29.980 -87.084
8.025 29.011 -87.839
5.660 29.861 -86.047
4.291 30.281 -86.562
4.515 30.205 -88.018 
8.964 30.457 -86.368 
10.315 29.893 -86.421 
10.238 28.419 -86.077 
9.540 28.046 -85.142 
11.201 30.597 -85.391
12.578 29.976 -85.151
12.885 29.793 -83.643 
13.259 31.104 -82.956
13.064 31.106 -81.467
10.863 27.559 -86.867
10.820 26.167 -86.510
12.247 25.712 -86.310
13.142 26.133 -87.047
10.145 25.356 -87.593
9.602 24.183 -87.014
12.492 24.905 -85.286
13.847 24.432 -85.039
14.092 23.170 -85.872
13.184 22.365 -86.071
13.997 24.133 -83.561
13.587 25.262 -82.798
15.328 22.991 -86.376
15.612 21.796 -87.184
15.578 20.510 -86.380
15.614 20.569 -85.164
17.032 22.082 -87.666
17.623 22.886 -86.549
16.516 23.826 -86.219
15.415 19.375 -87.051
15.469 18.070 -86.393
16.827 17.618 -86.920
16.967 17.492 -88.131
14.409 17.115 -86.959
13.090 17.497 -86.619
17.837 17.417 -86.081
19.119 17.008 -86.631 
19.277 15.507 -86.479 
18.690 14.934 -85.592 
20.278 17.787 -85.999 
21.622 17.284 -86.533 
20.091 19.290 -86.312 
19.953 14.859 -87.415 
20.154 13.419 -87.370 
21.520 13.099 -87.930 
21.840 13.531 -89.043 
19.145 12.706 -88.226 
17.848 12.966 -87.724 
19.365 11.243 -88.149 
22.329 12.363 -87.184 
23.651 12.041 -87.668 
23.600 10.550 -87.905 
23.086 9.816 -87.048 
24.675 12.346 -86.591 
26.114 12.230 -87.009 
26.266 12.608 -88.470 
26.885 13.140 -86.132 
24.029 10.111 -89.097 
24.044 8.693 -89.465 
25.485 8.206 -89.642
26.292 8.822 -90.334
23.302 8.463 -90.766
21.824 8.574 -90.665
21.056 7.516 -90.220
21.186 9.685 -91.170
19.676 7.568 -90.302
19.804 9.740 -91.254
19.053 8.680 -90.823
25.823 7.079 -89.036
27.158 6.502 -89.116
27.278 5.701 -90.387
26.285 5.199 -90.882
27.185 5.600 -87.898
25.760 5.026 -87.921
24.910 6.227 -88.257
28.496 5.489 -90.886
28.699 4.735 -92.116
28.198 3.311 -91.983
28.318 2.708 -90.916
30.211 4.781 -92.303
30.707 4.722 -90.925
29.799 5.759 -90.257
27.622 2.818 -93.081
27.077 1.470 -93.190
28.146 0.419 -93.425
29.078 0.608 -94.231
26.053 1.404 -94.310
26.554 2.033 -95.471
28.006 -0.696 -92.717
28.956 -1.788 -92.811
29.310 -1.973 -94.290
30.484 -1.932 -94.664
28.342 -3.074 -92.225
26.925 -3.044 -92.322
28.266 -1.984 -95.116
28.398 -2.150 -96.551
29.356 -1.155 -97.162
30.341 -1.536 -97.804
27.045 -2.017 -97.241
26.041 -3.071 -96.834
25.137 -2.650 -95.670
25.626 -1.999 -94.707
23.916 -2.971 -95.733
29.069 0.121 -96.985
29.922 1.154 -97.557
31.360 1.002 -97.033
32.345 1.181 -97.774
29.357 2.534 -97.242
30.193 3.714 -97.688
29.629 5.030 -97.185
28.605 5.045 -96.443
30.226 6.065 -97.528
31.464 0.565 -95.778
32.768 0.363 -95.153
33.566 -0.804 -95.786
34.790 -0.721 -95.920
32.562 0.181 -93.653
32.382 1.560 -93.022
31.823 1.474 -91.599
33.728 2.254 -93.036 
32.869 -1.874 -96.186
33.487 -3.020 -96.823
34.272 -2.571 -98.018
35.336 -3.105 -98.283
32.435 -4.029 -97.269
31.713 -4.723 -96.122
30.737 -5.797 -96.579
29.901 -5.532 -97.473
30.816 -6.913 -96.015
33.742 -1.605 -98.755
34.473 -1.083 -99.922 
35.463 0.030 -99.554
35.788 0.903 -100.352
33.541 -0.545 -101.011 
32.704 0.476 -100.449 
32.706 -1.677 -101.610 
35.818 0.056 -98.284 
36.798 0.979 -97.746 
36.606 2.480 -97.893 
37.561 3.231 -98.110 
38.216 0.557 -98.170 
38.581 -0.803 -97.626 
38.664 -1.774 -98.372 
38.717 -0.900 -96.298 
35.389 2.917 -97.625 
35.051 4.324 -97.667 
33.978 4.489 -96.622 
33.184 3.571 -96.400 
34.513 4.709 -99.044 
35.580 5.021 -100.059 
35.011 5.782 -101.234 
35.857 7.040 -101.541 
35.954 8.026 -100.396 
33.984 5.631 -95.942 
32.996 5.950 -94.893 
32.466 7.339 -95.092 
33.238 8.304 -95.137 
33.623 5.844 -93.534 
31.148 7.457 -95.184 
30.518 8.759 -95.414 
29.428 9.064 -94.430 
28.353 8.441 -94.477 
29.907 8.855 -96.814 
30.970 8.873 -97.778 
29.088 10.095 -96.979 
29.719 9.988 -93.518 
28.760 10.443 -92.504 
27.612 11.290 -93.124 
27.861 12.265 -93.862 
29.518 11.277 -91.463 
30.615 10.766 -90.524 
29.971 10.035 -89.379 
31.638 9.937 -91.243 
26.360 10.944 -92.836 
25.213 11.694 -93.394 
24.407 12.407 -92.334 
23.722 11.770 -91.535 
24.244 10.761 -94.153 
22.995 11.505 -94.547 
24.895 10.260 -95.374 
24.458 13.725 -92.328 
23.658 14.468 -91.347 
22.501 15.122 -92.032 
22.730 15.991 -92.896 
24.521 15.540 -90.698 
23.885 16.501 -89.270 
21.287 14.673 -91.708 
20.070 15.228 -92.314 
19.367 16.221 -91.397 
18.818 15.836 -90.371 
19.075 14.098 -92.844 
18.645 13.217 -91.789 
19.747 13.267 -93.935 
19.492 17.502 -91.736 
18.869 18.624 -91.006 
17.498 18.883 -91.637 
17.430 19.171 -92.828 
19.642 19.923 -91.238 
21.123 19.690 -91.061 
19.124 21.021 -90.341 
21.947 20.855 -91.492 
16.408 18.823 -90.880 
15.102 19.058 -91.486 
14.110 19.878 -90.692 
14.226 20.020 -89.474 
14.368 17.756 -91.785 
13.655 17.344 -90.613 
15.343 16.643 -92.215 
13.038 20.231 -91.393 
11.942 21.024 -90.858 
12.265 22.339 -90.146 
11.557 22.769 -89.242 
11.046 20.139 -89.989 
10.483 18.992 -90.776 
9.684 19.220 -91.711 
10.891 17.851 -90.489 
13.317 22.995 -90.586 
13.646 24.274 -89.984 
13.002 25.455 -90.672 
12.613 25.392 -91.830 
15.155 24.489 -89.913 
15.862 24.406 -91.238 
15.828 23.261 -92.004 
16.663 25.463 -91.666 
16.589 23.167 -93.165 
17.425 25.370 -92.827 
17.393 24.234 -93.570 
12.922 26.549 -89.929 
12.333 27.797 -90.413 
12.760 28.952 -89.506 
12.679 28.839 -88.281 
10.802 27.719 -90.455 
10.245 28.872 -91.263 
10.338 28.871 -92.652 
9.808 30.045 -90.646 
10.038 30.002 -93.399 
9.505 31.178 -91.392 
9.631 31.149 -92.766 
9.411 32.278 -93.509 
13.174 30.064 -90.094 
13.256 30.330 -91.518
14.389 29.519 -92.150 
15.301 29.068 -91.444 
13.522 31.819 -91.586 
14.354 32.056 -90.402 
13.636 31.262 -89.341 
14.317 29.357 -93.470 
15.305 28.584 -94.203 
16.760 29.009 -94.227 
17.244 29.493 -95.245 
17.454 28.823 -93.113 
18.873 29.135 -93.051 
19.569 28.559 -91.815 
19.164 28.770 -90.654 
19.180 30.625 -93.229 
18.507 31.434 -92.183 
20.653 30.854 -93.193 
20.594 27.764 -92.105 
21.389 27.091 -91.103 
22.849 27.095 -91.566 
23.152 27.500 -92.691 
20.873 25.645 -90.923 
19.610 25.651 -90.117 
20.562 25.031 -92.282 
23.744 26.728 -90.658 
25.170 26.677 -90.907 
25.529 25.327 -90.339 
25.144 25.017 -89.218 
25.897 27.776 -90.109 
25.708 29.054 -90.742 
27.361 27.471 -89.995 
26.208 24.503 -91.120 
26.577 23.179 -90.662 
28.047 23.122 -90.426 
28.820 23.510 -91.291 
26.210 22.153 -91.701 
26.811 20.808 -91.355 
24.715 22.063 -91.798
28.432 22.602 -89.267 
29.832 22.489 -88.897 
30.138 21.080 -88.383 
29.389 20.548 -87.563 
30.165 23.530 -87.826 
30.669 24.854 -88.414 
31.331 24.844 -89.482 
30.426 25.904 -87.774
31.223 20.470 -88.865
31.590 19.133 -88.433 
32.703 19.160 -87.427 
33.568 20.034 -87.477 
32.015 18.294 -89.625 
30.859 17.875 -90.387 
30.240 18.572 -91.381 
30.062 16.715 -90.146 
29.086 17.918 -91.751 
28.957 16.780 -91.004 
30.174 15.623 -89.273 
27.973 15.798 -91.013 
29.194 14.657 -89.285 
28.112 14.748 -90.146 
32.727 18.150 -86.562 
33.763 18.046 -85.542 
34.194 16.605 -85.426 
33.354 15.717 -85.528 
33.203 18.496 -84.195 
32.540 19.862 -84.238 
33.296 20.876 -83.392 
33.261 20.452 -81.925 
31.874 20.248 -81.374 
35.497 16.373 -85.297 
36.020 15.039 -85.106 
36.780 15.073 -83.782 
37.698 15.874 -83.605 
37.000 14.662 -86.200 
37.561 13.295 -85.933 
36.308 14.652 -87.536 
36.414 14.183 -82.863 
37.048 14.106 -81.541 
37.169 15.484 -80.930 
38.219 15.868 -80.412 
38.447 13.437 -81.630 
38.391 11.937 -81.919 
37.302 11.330 -81.818 
39.460 11.364 -82.231 
36.113 16.266 -81.066 
36.126 17.608 -80.527 
36.858 18.588 -81.426 
36.530 19.768 -81.443 
37.877 18.141 -82.152 
38.566 19.071 -83.030 
37.652 19.387 -84.223 
36.680 18.652 -84.483 
39.969 18.544 -83.468 
39.869 17.216 -84.002 
40.926 18.533 -82.266 
37.879 20.528 -84.894 
37.108 20.994 -86.051 
37.566 20.452 -87.406 
38.743 20.554 -87.764 
37.291 22.499 -85.978 
38.694 22.610 -85.557 
38.798 21.583 -84.439 
36.606 19.949 -88.172 
36.849 19.378 -89.486 
36.850 20.464 -90.549 
36.076 21.425 -90.473 
35.726 18.415 -89.879
36.059 17.713 -91.183
35.469 17.440 -88.780 
37.691 20.290 -91.564 
37.751 21.243 -92.660 
37.917 20.569 -94.016 
38.318 21.202 -94.987 
38.852 22.307 -92.446 
39.939 21.740 -91.701 
38.293 23.496 -91.704 
37.597 19.287 -94.092 
37.710 18.586 -95.349
36.582 17.589 -95.441 
35.895 17.316 -94.450 
39.057 17.846 -95.454 
39.181 16.582 -94.581 
40.147 15.548 -95.156 
41.322 15.838 -95.400
39.655 14.335 -95.366
36.352 17.112 -96.660 
35.348 16.093 -96.911
33.927 16.367 -96.500
33.112 15.434 -96.423 
33.650 17.607 -96.132
32.283 17.951 -95.788
31.692 18.800 -96.924
32.380 19.606 -97.557
32.151 18.602 -94.399
32.243 20.110 -94.355
33.932 20.637 -94.156 
33.655 22.279 -93.557 
30.449 18.492 -97.253
29.713 19.146 -98.314
28.317 19.313 -97.775
27.718 18.339 -97.306 
29.642 18.212 -99.511 
29.372 18.892 -100.816 
30.618 19.541 -101.355
31.091 20.512 -100.723
31.137 19.070 -102.398 
27.789 20.530 -97.852 
26.431 20.797 -97.358 
25.540 21.292 -98.492 
25.907 22.209 -99.230 
26.400 21.854 -96.227 
27.541 21.692 -95.380 
25.151 21.693 -95.395 
24.393 20.649 -98.659 
23.461 21.034 -99.692 
22.883 22.362 -99.237 
22.940 22.709 -98.062
22.314 19.998 -99.844
21.321 20.218 -98.840 
22.844 18.577 -99.667 
22.397 23.136 -100.184
21.782 24.424 -99.888
20.388 24.049 -99.354
19.901 22.935 -99.591
21.659 25.218 -101.203
21.855 26.754 -101.146 
23.308 27.203 -101.238 
23.996 26.906 -102.196 
23.758 27.958 -100.246
19.748 24.943 -98.588
18.424 24.572 -98.085
17.416 24.439 -99.202
17.547 25.087 -100.234
18.080 25.732 -97.172
19.380 26.104 -96.636 
20.234 26.130 -97.888 
16.461 23.536 -99.020 
15.409 23.294 -99.990 
14.080 23.418 -99.288 
13.925 22.992 -98.149 
15.527 21.906 -100.578 
16.741 21.805 -101.299 
13.149 24.071 -99.960 
11.819 24.280 -99.442 
11.110 22.916 -99.292 
11.468 21.953 -99.948 
11.057 25.186 -100.418 
9.863 25.910 -99.828 
10.295 26.791 -98.683 
9.120 27.540 -98.061 
9.440 28.415 -96.870 
10.172 22.824 -98.363 
9.434 21.598 -98.154 
7.988 21.822 -98.611 
7.625 22.918 -99.036 
9.433 21.208 -96.667 
10.781 20.904 -96.056 
10.685 20.061 -94.785 
11.699 19.705 -94.200 
9.472 19.707 -94.372 
7.165 20.779 -98.530 
5.770 20.900 -98.902 
5.166 21.826 -97.852 
4.546 22.825 -98.188 
5.069 19.533 -98.874 
4.982 19.026 -97.551 
5.402 21.534 -96.574 
4.881 22.356 -95.482 
5.574 23.724 -95.367 
5.401 24.454 -94.393 
4.980 21.594 -94.146 
6.434 21.356 -93.691 
7.391 21.851 -94.301 
6.599 20.615 -92.595 
6.390 24.063 -96.345 
7.097 25.321 -96.347 
8.149 25.535 -95.295 
8.694 26.628 -95.188 
6.137 26.485 -96.409 
5.614 26.712 -97.807 
6.382 26.795 -98.770 
4.289 26.816 -97.930 
8.448 24.520 -94.500 
9.530 24.683 -93.553 
10.753 24.360 -94.463 
10.671 24.563 -95.662 
9.387 23.687 -92.391 
8.157 23.901 -91.489 
8.204 22.879 -90.328 
6.919 22.784 -89.496 
6.920 21.567 -88.574 
11.885 23.906 -93.926 
13.031 23.580 -94.784
13.786 22.303 -94.426
13.763 21.839 -93.280
14.041 24.710 -94.824 
13.613 25.855 -95.660 
12.474 26.570 -95.346 
14.355 26.240 -96.763 
12.072 27.639 -96.093 
13.970 27.325 -97.540 
12.812 28.021 -97.191 
12.375 29.083 -97.957 
14.481 21.758 -95.420 
15.269 20.579 -95.248 
16.631 20.927 -95.834 
16.741 21.820 -96.657 
14.656 19.418 -96.003 
14.447 19.700 -97.439 
14.172 18.185 -98.241 
12.515 17.801 -97.667
17.679 20.269 -95.342
19.033 20.483 -95.807 
19.794 19.184 -95.531 
19.237 18.239 -94.957 
19.670 21.655 -95.093
21.074 19.154 -95.914 
21.870 17.952 -95.743
23.357 18.221 -95.805
23.793 19.091 -96.561 
21.510 16.971 -96.843 
22.405 15.871 -96.867 
24.148 17.439 -95.065 
25.584 17.611 -95.072 
26.256 16.233 -95.082 
25.678 15.263 -94.586 
25.962 18.397 -93.863 
27.287 18.828 -93.997
27.447 16.128 -95.667
28.145 14.841 -95.737
29.612 14.921 -95.298 
30.298 15.873 -95.626 
28.130 14.318 -97.194
26.767 14.204 -97.840 
25.956 13.108 -97.619 
26.264 15.236 -98.604 
24.681 13.052 -98.141 
24.994 15.186 -99.123 
24.215 14.102 -98.877 
22.945 14.100 -99.358 
30.101 13.946 -94.553 
31.500 13.973 -94.186 
32.022 12.698 -94.804 
31.552 11.599 -94.463 
31.698 13.927 -92.671 
33.172 14.084 -92.304 
33.737 15.410 -92.874 
33.321 14.006 -90.797 
32.991 12.849 -95.703 
33.560 11.724 -96.436 
35.007 11.411 -96.120 
35.902 12.151 -96.541 
33.522 11.982 -97.946 
32.343 12.727 -98.288 
33.558 10.648 -98.700
35.246 10.279 -95.477 
36.598 9.901 -95.158 
36.755 8.423 -95.473
35.766 7.724 -95.673
36.914 10.208 -93.685
35.787 10.517 -92.671 
34.947 9.282 -92.342 
36.406 11.051 -91.389 
37.998 7.970 -95.581 
38.309 6.585 -95.876 
38.179 5.760 -94.610 
38.534 6.242 -93.542 
39.756 6.475 -96.386 
40.598 7.320 -95.583 
39.838 6.894 -97.867 
37.725 4.513 -94.734 
37.547 3.642 -93.576 
38.704 3.816 -92.613 
38.496 4.020 -91.416 
37.468 2.195 -94.006 
39.920 3.809 -93.160 
41.112 3.969 -92.354 
40.949 5.217 -91.472 
41.020 5.114 -90.251 
42.398 4.008 -93.221 
42.857 5.402 -93.721 
44.314 5.384 -94.260 
44.482 4.620 -95.507 
44.753 3.312 -95.584 
44.899 2.588 -94.478 
44.880 2.725 -96.775 
40.625 6.361 -92.074 
40.428 7.609 -91.323 
39.193 7.563 -90.432 
39.125 8.241 -89.415 
40.323 8.774 -92.249 
38.210 6.765 -90.803 
37.030 6.677 -89.989 
37.380 5.875 -88.736
36.815 6.118 -87.687
35.898 6.057 -90.783 
35.008 5.149 -90.026 
35.058 3.783 -90.033 
33.892 5.511 -89.194 
34.033 3.274 -89.267 
33.309 4.312 -88.735 
33.337 6.725 -88.785 
32.187 4.291 -87.874 
32.214 6.704 -87.923 
31.664 5.501 -87.486 
38.352 4.963 -88.825 
38.764 4.151 -87.666 
39.628 4.999 -86.723 
39.524 4.900 -85.506 
39.550 2.907 -88.119 
38.757 1.865 -88.921 
39.618 1.103 -89.949 
40.850 1.355 -90.013 
39.063 0.266 -90.709 
40.456 5.855 -87.315 
41.383 6.751 -86.614 
40.825 7.657 -85.517 
41.597 8.299 -84.807 
42.083 7.631 -87.630 
43.578 7.553 -87.623 
44.130 7.940 -88.997 
43.473 9.136 -89.519 
43.957 9.901 -90.492 
45.121 9.616 -91.065 
43.263 10.969 -90.887 
39.506 7.786 -85.425 
 38.902 8.636 -84.407 
37.737 7.975 -83.670 
37.230 6.936 -84.086 
38.471 9.960 -85.017 
39.605 10.734 -85.610 
40.366 11.602 -84.869 
40.046 10.732 -86.903 
41.252 12.107 -85.721 
41.098 11.612 -86.949 
37.341 8.571 -82.548 
36.279 8.016 -81.727 
34.909 8.671 -81.815 
33.909 7.977 -81.905 
36.757 7.986 -80.276 
35.816 7.329 -79.446 
34.865 9.996 -81.743 
33.604 10.749 -81.793 
33.467 11.696 -82.979 
34.392 12.449 -83.291 
33.453 11.557 -80.517 
34.654 12.291 -80.277 
32.301 11.668 -83.612 
32.031 12.514 -84.773
30.773 13.323 -84.532 
29.766 12.786 -84.054 
31.899 11.680 -86.044 
33.213 11.179 -86.549 
34.201 12.070 -86.965 
33.478 9.809 -86.626 
35.411 11.615 -87.448 
34.688 9.338 -87.106 
35.653 10.247 -87.523
36.856 9.810 -88.049 
30.821 14.609 -84.851 
29.665 15.461 -84.624 
29.328 16.438 -85.730 
30.191 17.014 -86.383 
29.817 16.205 -83.300 
31.084 16.844 -83.246 
28.038 16.648 -85.868 
27.508 17.527 -86.862 
26.810 18.604 -86.074 
25.909 18.289 -85.291 
26.514 16.740 -87.720 
25.490 17.692 -88.893 
27.255 19.850 -86.258 
26.730 21.016 -85.550 
25.930 21.956 -86.417 
26.481 22.751 -87.175 
27.863 21.797 -84.888 
28.568 21.031 -83.792 
29.473 21.905 -82.979 
29.478 21.822 -81.750 
30.235 22.763 -83.641
24.624 21.893 -86.234
23.667 22.710 -86.956 
23.353 24.007 -86.196 
22.696 23.994 -85.158 
22.386 21.890 -87.166 
21.292 22.711 -87.907 
22.744 20.618 -87.918
23.782 25.123 -86.757
23.594 26.438 -86.145
22.472 27.202 -86.862
22.655 27.667 -87.987
24.919 27.250 -86.254 
26.040 26.341 -86.352
25.120 28.165 -85.045 
21.340 27.386 -86.170 
20.120 28.047 -86.715 
19.483 28.997 -85.716 
18.913 28.556 -84.709
19.106 26.961 -87.109
17.719 27.470 -87.403
17.397 28.109 -88.575
16.560 27.288 -86.741
16.085 28.294 -88.637
15.551 27.803 -87.529
19.572 30.292 -86.016
18.998 31.357 -85.175
19.717 31.508 -83.837
19.091 31.437 -82.778
17.522 31.086 -84.891 
16.630 30.968 -86.099
16.519 32.270 -86.847 
17.420 32.545 -87.690
15.532 33.012 -86.58
21.038 31.645 -83.878
21.776 31.812 -82.642
22.138 30.508 -81.983
23.305 30.291 -81.656
21.178 29.610 -81.806
21.533 28.380 -81.158
22.108 27.391 -82.132
21.932 27.540 -83.337
20.377 27.750 -80.388
20.818 26.791 -79.324
21.784 27.073 -78.376
20.454 25.498 -79.098
21.985 25.986 -77.621
21.204 24.991 -78.013
22.832 26.415 -81.575
23.486 25.366 -82.303
22.927 24.083 -81.726
22.799 23.946 -80.506
24.959 25.418 -81.991
25.421 26.760 -82.146
25.716 24.525 -82.906
22.472 23.201 -82.603
21.928 21.923 -82.194
22.810 20.906 -82.853
22.825 20.813 -84.071
20.504 21.703 -82.723
20.099 20.258 -82.488
19.514 22.637 -82.027
23.572 20.158 -82.069
24.435 19.163 -82.660
23.988 17.753 -82.289
23.158 17.567 -81.401
25.883 19.373 -82.214
26.168 19.049 -80.765
27.651 19.124 -80.463
28.461 18.686 -81.318
28.017 19.632 -79.382
24.469 16.778 -83.053
24.220 15.372 -82.782 
25.640 14.824 -82.908
26.505 15.516 -83.465
23.294 14.759 -83.830
21.848 15.269 -83.781
21.211 14.963 -82.444
19.666 14.979 -82.511 
18.971 13.600 -82.454
25.941 13.695 -82.264
27.275 13.114 -82.368
27.242 11.600 -82.172
26.220 11.063 -81.725
28.227 13.790 -81.358
27.758 13.733 -80.010
28.321 10.918 -82.579
28.435 9.476 -82.411
29.863 8.998 -82.131
30.771 9.815 -81.932
27.832 8.751 -83.612
28.126 9.150 -85.056 
29.470 8.644 -85.533 
27.030 8.575 -85.927
30.019 7.675 -82.029
31.306 7.014 -81.798
31.228 5.565 -82.305 
32.256 5.008 -82.764   
31.648 7.018 -80.314   
30.632 6.337 -79.591  
30.112 5.003 -82.258  
             
