4.728 40.143 -128.379
5.422 40.582 -127.134
6.854 40.137 -127.290
7.148 39.334 -128.176
4.796 39.902 -125.905
5.281 38.459 -125.587
5.293 37.537 -126.789
4.426 37.621 -127.660
6.317 36.697 -126.874
7.735 40.629 -126.432
9.127 40.233 -126.520
9.185 38.798 -126.030
8.265 38.335 -125.364
10.001 41.127 -125.638
11.459 40.805 -125.823
9.758 42.565 -125.994
10.220 38.065 -126.411
10.362 36.694 -125.961
11.707 36.141 -126.387
12.117 36.320 -127.538
9.243 35.848 -126.530
9.004 34.616 -125.736
7.704 33.953 -126.102
7.666 33.026 -126.927
6.618 34.429 -125.501
12.415 35.502 -125.461
13.709 34.921 -125.788
13.781 33.475 -125.261
13.321 33.188 -124.147
14.843 35.795 -125.240
14.912 37.252 -125.719
14.039 38.149 -124.889
16.310 37.746 -126.103
14.355 31.156 -125.703
15.777 30.742 -126.012
16.340 31.210 -126.997
13.412 30.241 -126.507
12.125 30.896 -126.948
11.546 30.231 -128.195
10.653 31.208 -129.001
9.989 30.554 -130.187
16.353 29.904 -125.151
17.699 29.379 -125.329
17.541 27.883 -125.548
16.733 27.221 -124.874
18.544 29.590 -124.084
18.740 31.028 -123.719
17.674 31.560 -122.795
16.526 31.099 -122.873
17.987 32.448 -121.971
18.261 27.362 -126.529
18.220 25.942 -126.823
19.676 25.576 -126.929
20.411 26.240 -127.648
17.500 25.665 -128.128
17.750 26.686 -129.081
20.117 24.588 -126.156
21.520 24.219 -126.176
21.623 22.732 -126.022
20.624 22.027 -126.206
22.818 22.224 -125.704
23.127 20.803 -125.505
22.604 20.170 -124.188
21.930 19.142 -124.210
24.650 20.782 -125.587
25.035 22.098 -125.077
24.037 23.035 -125.704
22.883 20.783 -123.047
22.410 20.208 -121.812
23.560 19.490 -121.152
23.757 19.636 -119.950
24.341 18.748 -121.938
25.480 18.015 -121.407
26.614 17.893 -122.428
26.438 17.299 -123.498
25.037 16.631 -120.952
26.145 15.658 -120.551
27.187 16.260 -119.606
25.451 14.490 -119.904
27.780 18.431 -122.077
28.943 18.401 -122.963
30.179 18.081 -122.164
30.389 18.625 -121.073
29.179 19.738 -123.666
27.936 20.140 -124.427
29.530 20.808 -122.658
31.031 17.232 -122.726
32.226 16.825 -122.007
33.305 17.887 -122.046
33.444 18.605 -123.038
32.747 15.509 -122.553
34.096 17.991 -120.963
35.177 18.970 -120.868
35.982 18.796 -122.114
36.213 17.661 -122.540
35.958 18.499 -119.645
34.909 17.865 -118.794
34.112 17.076 -119.803
36.387 19.905 -122.708
37.143 19.875 -123.959
36.270 19.356 -125.099
36.290 18.178 -125.463
38.433 19.069 -123.839
39.368 19.783 -123.053
35.433 20.273 -125.567
34.476 20.114 -126.665
34.113 21.588 -126.839
34.858 22.474 -126.379
33.225 19.307 -126.245
33.382 17.787 -126.210
33.312 17.140 -127.592
34.153 17.385 -128.463
32.295 16.293 -127.793
32.987 21.878 -127.465
32.633 23.270 -127.622
31.171 23.510 -127.394
30.310 22.890 -128.023
33.077 23.794 -128.981
34.489 23.816 -129.045
30.898 24.379 -126.441
29.536 24.704 -126.104
28.941 25.697 -127.101
29.596 26.679 -127.490
29.492 25.273 -124.703
28.092 25.360 -124.134
27.550 23.976 -123.932
28.159 26.095 -122.828
27.693 25.453 -127.491
27.019 26.312 -128.449
25.539 26.515 -128.130
24.694 25.706 -128.525
27.211 25.739 -129.853
28.598 25.570 -130.140
25.237 27.566 -127.363
23.851 27.895 -126.998
23.247 28.792 -128.080
23.959 29.466 -128.830
23.758 28.702 -125.686
24.806 28.243 -124.687
22.383 28.552 -125.093
24.577 26.864 -124.180
21.930 28.831 -128.136
21.249 29.660 -129.108
20.095 30.383 -128.428
19.386 29.817 -127.590
20.784 28.808 -130.291
21.912 28.565 -131.131
19.679 29.466 -131.076
20.019 31.673 -128.699
18.971 32.509 -128.140
18.121 32.954 -129.297
18.555 33.797 -130.068
19.596 33.725 -127.448
18.480 34.977 -126.726
16.950 32.352 -129.472
16.051 32.721 -130.564
15.055 33.782 -130.110
14.065 33.451 -129.416
15.263 31.508 -131.063
16.156 30.588 -131.697
14.195 31.931 -132.054
15.273 35.030 -130.531
14.374 36.107 -130.136
13.167 36.315 -131.051
13.222 36.054 -132.253
15.106 37.443 -129.958
16.307 37.262 -129.075
15.511 38.005 -131.281
12.072 36.751 -130.438
10.832 37.028 -131.128
10.240 38.334 -130.628
10.417 38.699 -129.466
9.833 35.921 -130.878
10.219 34.756 -131.575
9.523 39.027 -131.512
8.879 40.282 -131.145
9.686 41.576 -131.116
9.233 42.565 -130.536
10.877 41.569 -131.700
11.733 42.740 -131.763
12.808 42.317 -132.736
12.952 41.130 -132.999
12.312 43.093 -130.413
13.473 42.243 -129.988
13.262 41.094 -129.235
14.774 42.657 -130.216
14.327 40.390 -128.704
15.831 41.962 -129.692
15.609 40.830 -128.932
13.567 43.254 -133.285
14.574 42.870 -134.272
15.974 42.972 -133.724
16.243 43.897 -133.008
14.462 43.769 -135.521
13.130 43.917 -136.249
13.232 44.887 -137.360
12.731 42.590 -136.784
16.893 42.112 -134.140
18.243 42.183 -133.629
18.952 43.449 -134.074
19.922 43.859 -133.455
19.023 40.903 -133.971
18.554 39.599 -133.288
19.166 38.422 -133.963
18.918 39.581 -131.827
18.438 44.114 -135.103
19.029 45.387 -135.573
18.469 46.538 -134.759
18.914 47.671 -134.881
18.744 45.677 -137.071
17.232 45.804 -137.300
19.354 44.599 -137.930
16.800 45.599 -138.722
17.470 46.256 -133.948
16.870 47.277 -133.133
17.455 47.237 -131.747
17.431 48.240 -131.050
15.363 47.046 -132.994
14.715 46.809 -134.234
17.923 46.073 -131.308
18.441 45.918 -129.951
19.615 44.984 -129.866
19.929 44.259 -130.811
17.387 45.290 -129.042
16.079 46.042 -129.027
15.909 46.987 -128.277
15.118 45.560 -129.789
20.232 44.968 -128.691
21.356 44.088 -128.477
20.837 42.914 -127.685
19.708 42.951 -127.171
21.634 41.861 -127.599
21.233 40.689 -126.837
22.451 40.371 -125.967
23.590 40.402 -126.464
20.866 39.509 -127.762
20.606 38.298 -126.940
19.599 39.796 -128.545
22.205 40.138 -124.673
23.252 39.866 -123.677
23.234 38.412 -123.267
22.185 37.783 -123.283
22.972 40.629 -122.380
23.250 42.099 -122.457
24.473 42.610 -122.139
22.393 43.094 -122.753
24.339 43.922 -122.241
23.100 44.257 -122.600
24.353 37.923 -122.755
24.427 36.545 -122.299
24.817 36.585 -120.826
25.796 37.226 -120.466
25.447 35.756 -123.129
24.870 35.273 -124.421
25.055 35.800 -125.656
23.968 34.188 -124.577
24.325 35.119 -126.583
23.647 34.117 -125.945
23.409 33.267 -123.708
22.782 33.148 -126.464
22.549 32.302 -124.212
22.243 32.252 -125.588
24.034 35.926 -119.979
24.264 35.887 -118.542
24.238 34.418 -118.100
23.294 33.714 -118.460
23.109 36.613 -117.822
23.112 36.320 -116.348
23.203 38.070 -118.054
25.242 33.957 -117.336
25.277 32.570 -116.831
25.243 32.552 -115.301
25.895 33.386 -114.658
26.533 31.826 -117.305
27.802 32.551 -116.959
28.850 31.657 -116.334
29.555 30.810 -117.295
30.856 30.532 -117.229
31.596 31.028 -116.245
31.419 29.754 -118.151
24.533 31.576 -114.733
24.371 31.417 -113.279
24.827 30.023 -112.819
24.053 29.057 -112.879
22.894 31.590 -112.935
22.589 31.751 -111.453
21.074 31.657 -111.144
20.249 31.291 -112.010
20.717 31.937 -109.889
26.103 29.873 -112.400
26.571 28.554 -111.961
25.821 28.153 -110.681
25.496 29.006 -109.847
28.062 28.782 -111.751
28.117 30.156 -111.282
27.157 30.875 -112.184
25.605 26.840 -110.483
24.897 26.293 -109.329
25.332 26.881 -107.997
26.506 26.809 -107.614
25.191 24.801 -109.428
26.572 24.794 -109.971
26.449 25.800 -111.093
24.370 27.492 -107.314
24.650 28.078 -106.029
25.678 29.185 -106.075
26.562 29.253 -105.227
25.609 30.023 -107.099
26.522 31.163 -107.237
25.712 32.384 -107.667
24.476 32.351 -107.669
27.613 30.892 -108.282
28.875 30.212 -107.778
28.840 28.701 -108.046
30.261 28.068 -108.060
30.272 26.567 -108.180
26.408 33.484 -107.943
25.741 34.692 -108.409
25.642 34.638 -109.929
25.962 33.611 -110.534
25.155 35.698 -110.562
25.086 35.700 -112.013
26.426 36.179 -112.537
27.159 36.866 -111.820
24.012 36.656 -112.510
22.550 36.258 -112.396
21.665 37.401 -112.843
22.290 35.068 -113.274
26.763 35.765 -113.760
27.991 36.177 -114.429
27.586 36.688 -115.826
26.747 36.090 -116.496
28.999 35.020 -114.537
30.421 35.490 -114.283
31.482 34.525 -114.715
31.181 33.349 -114.999
32.640 34.954 -114.776
28.117 37.838 -116.215
27.807 38.438 -117.507
28.860 37.928 -118.493
30.044 38.139 -118.273
27.907 39.957 -117.360
27.449 40.784 -118.529
26.176 41.040 -118.872
28.263 41.413 -119.512
26.138 41.779 -120.019
27.412 42.023 -120.438
29.648 41.514 -119.713
27.872 42.710 -121.545
30.112 42.202 -120.815
29.224 42.795 -121.721
28.451 37.201 -119.532
29.406 36.637 -120.509
29.911 37.610 -121.593
31.093 37.620 -121.956
28.813 35.391 -121.179
28.522 34.298 -120.158
27.787 33.119 -120.737
29.841 33.868 -119.609
28.993 38.393 -122.131
29.338 39.339 -123.158
28.049 39.844 -123.762
26.951 39.478 -123.306
28.167 40.625 -124.826
26.996 41.181 -125.496
27.299 41.422 -126.943
28.449 41.670 -127.300
26.583 42.547 -124.915
27.683 43.558 -125.144
25.298 43.020 -125.568
26.297 41.201 -127.779
26.428 41.487 -129.188
25.448 42.620 -129.412
24.252 42.509 -129.081
26.059 40.323 -130.079
26.183 40.780 -131.536
24.658 39.786 -129.738
25.950 39.695 -132.547
25.963 43.738 -129.906
25.118 44.912 -130.124
24.284 44.820 -131.368
24.509 43.942 -132.216
25.950 46.172 -130.201
26.773 46.371 -129.025
28.102 46.220 -128.957
26.336 46.811 -127.740
28.540 46.560 -127.710
27.475 46.929 -126.939
25.090 47.120 -127.192
27.430 47.344 -125.610
25.026 47.537 -125.869
26.196 47.650 -125.092
23.328 45.741 -131.499
22.468 45.719 -132.688
23.323 45.888 -133.926
23.107 45.225 -134.932
21.372 46.781 -132.622
24.379 46.674 -133.793
25.267 46.900 -134.918
26.223 45.748 -135.196
27.108 45.844 -136.062
26.064 44.653 -134.462
26.916 43.501 -134.686
28.209 43.473 -133.890
28.775 42.413 -133.632
28.710 44.619 -133.494
29.930 44.583 -132.724
29.583 43.999 -131.377
28.451 44.112 -130.915
30.513 45.979 -132.574
29.522 46.969 -132.075
28.357 46.942 -132.481
29.948 47.823 -131.177
30.555 43.354 -130.749
30.332 42.725 -129.448
31.244 43.264 -128.356
32.187 43.991 -128.634
30.503 41.195 -129.547
31.805 40.900 -130.068
29.429 40.576 -130.504
30.921 42.943 -127.107
31.698 43.367 -125.945
31.624 42.191 -125.041
30.531 41.758 -124.707
31.058 44.557 -125.244
31.512 45.872 -125.810
30.717 46.787 -126.019
32.805 45.980 -126.070
32.768 41.617 -124.707
32.811 40.434 -123.857
33.316 40.706 -122.439
33.924 41.754 -122.183
33.696 39.370 -124.523
33.213 38.945 -125.885
31.907 38.485 -126.059
34.058 38.964 -126.986
31.444 38.047 -127.306
33.610 38.528 -128.240
32.297 38.071 -128.393
31.834 37.642 -129.634
33.027 39.773 -121.526
33.486 39.871 -120.147
34.966 39.560 -120.218
35.374 38.458 -120.609
32.749 38.860 -119.260
33.580 38.415 -118.054
34.609 39.014 -117.717
33.155 37.312 -117.420
35.753 40.538 -119.812
37.213 40.488 -119.829
37.816 39.137 -119.521
38.699 38.661 -120.246
37.765 41.532 -118.861
37.011 41.558 -117.652
37.320 38.525 -118.453
37.782 37.229 -118.010
37.623 36.146 -119.078
38.570 35.750 -119.765
37.023 36.841 -116.762
36.384 35.733 -119.261
36.055 34.671 -120.188
36.251 34.997 -121.657
36.177 34.104 -122.507
34.617 34.227 -119.945
34.359 33.540 -118.601
34.811 34.361 -117.400
32.881 33.270 -118.497
36.575 36.245 -121.958
36.720 36.648 -123.347
37.556 35.753 -124.256
37.173 35.509 -125.393
37.190 38.096 -123.459
38.658 38.321 -123.189
39.122 39.992 -123.681
38.695 39.944 -125.446
38.660 35.224 -123.746
39.523 34.380 -124.546
38.861 33.102 -125.035
39.389 32.429 -125.913
40.741 34.011 -123.731
40.364 33.367 -122.523
37.719 32.756 -124.465
37.062 31.531 -124.860
35.672 31.756 -125.410
35.090 30.854 -126.006
36.967 30.599 -123.659
38.292 30.298 -122.963
38.044 29.920 -121.503
37.043 28.858 -121.385
36.189 28.722 -120.369
36.216 29.538 -119.323
35.326 27.725 -120.386
35.118 32.937 -125.178
33.772 33.244 -125.651
33.716 33.814 -127.058
34.708 34.303 -127.602
33.025 34.233 -124.719
32.671 33.550 -123.418
33.866 35.470 -124.456
32.521 33.797 -127.628
32.337 34.330 -128.958
30.857 34.422 -129.278
30.194 33.392 -129.475
33.064 33.434 -129.961
32.522 33.530 -131.271
30.317 35.638 -129.227
28.910 35.861 -129.542 
28.716 36.288 -130.993 
29.438 37.157 -131.486 
28.300 36.926 -128.625 
28.558 36.574 -127.162 
26.821 37.010 -128.874 
28.039 37.587 -126.171 
27.789 35.644 -131.688 
27.497 35.984 -133.074 
25.985 36.092 -133.208 
25.266 36.009 -132.208 
28.009 34.877 -133.992 
27.420 33.627 -133.655 
25.490 36.261 -134.432 
24.050 36.332 -134.658 
23.719 36.337 -136.138 
24.528 36.765 -136.953 
23.439 37.568 -134.006 
23.716 38.858 -134.753 
22.892 39.984 -134.171 
23.259 41.323 -134.748 
22.362 42.333 -134.156 
22.557 35.800 -136.468
22.079 35.756 -137.819 
20.813 36.573 -137.798 
19.709 36.048 -137.562 
21.743 34.325 -138.232 
21.266 34.241 -139.669
20.088 34.567 -139.934 
22.081 33.875 -140.549 
20.979 37.866 -138.046 
19.869 38.811 -138.062 
18.626 38.372 -138.800 
17.524 38.717 -138.385 
20.301 40.136 -138.632 
21.033 40.973 -137.644 
20.468 41.438 -136.668 
22.323 41.200 -137.913 
18.782 37.632 -139.899
17.623 37.208 -140.688 
16.852 36.025 -140.116 
15.733 35.731 -140.568 
18.039 36.917 -142.122 
19.196 36.095 -142.145
17.472 35.324 -139.166 
16.857 34.169 -138.533 
16.379 34.486 -137.130 
15.587 33.730 -136.570 
17.842 32.996 -138.477 
18.122 32.340 -139.840
19.207 31.253 -139.743 
19.640 30.747 -141.119 
20.158 31.853 -141.976
16.837 35.614 -136.590 
16.507 36.054 -135.237 
17.200 35.150 -134.228 
16.627 34.738 -133.216 
14.997 36.079 -135.001 
14.441 37.242 -135.565
18.474 34.912 -134.466 
19.205 34.053 -133.586 
20.511 34.616 -133.157 
21.261 35.119 -133.969 
19.442 32.715 -134.267 
18.183 31.920 -134.405 
18.420 30.546 -134.947
19.424 30.294 -135.621 
17.480 29.641 -134.684 
20.789 34.535 -131.875 
22.055 35.010 -131.354 
22.786 33.722 -130.975 
22.142 32.743 -130.528 
21.842 35.842 -130.120 
23.165 36.329 -129.583 
20.923 36.989 -130.459 
24.108 33.694 -131.162 
24.871 32.490 -130.847 
26.017 32.664 -129.866 
26.919 33.440 -130.114 
25.387 31.861 -132.136 
24.344 31.722 -133.187 
23.178 30.998 -132.941 
24.494 32.343 -134.410 
22.165 30.900 -133.921 
23.496 32.249 -135.385 
22.330 31.528 -135.138 
25.974 31.940 -128.753 
27.026 31.992 -127.746 
27.832 30.724 -127.953 
27.310 29.619 -127.810 
26.437 32.013 -126.343 
27.403 31.779 -125.179 
28.565 32.755 -125.192 
26.618 31.899 -123.896 
29.097 30.883 -128.299 
29.964 29.748 -128.566 
31.120 29.774 -127.596 
31.811 30.789 -127.514 
30.522 29.896 -129.978 
30.417 28.664 -130.850 
31.291 27.525 -130.340 
32.775 27.918 -130.275 
33.621 26.861 -129.603 
31.327 28.691 -126.855 
32.439 28.635 -125.918 
33.296 27.419 -126.248 
32.771 26.350 -126.608 
31.965 28.531 -124.461 
31.548 29.832 -123.772 
31.056 29.609 -122.008
32.590 29.949 -121.208
34.612 27.588 -126.170 
35.528 26.494 -126.441 
36.418 26.286 -125.231
36.456 27.141 -124.344 
36.346 26.748 -127.710 
36.889 28.157 -127.865 
38.113 28.383 -127.003 
38.825 29.672 -127.369 
40.108 29.828 -126.610
37.107 25.142 -125.194 
37.974 24.766 -124.083 
37.159 24.719 -122.796
37.606 25.183 -121.752 
39.171 25.723 -123.957 
40.112 25.522 -125.007 
35.977 24.118 -122.889 
35.058 23.999 -121.764 
35.685 23.237 -120.629 
36.432 22.278 -120.856 
33.774 23.241 -122.161 
32.548 23.881 -122.821
31.787 22.835 -123.638 
31.661 24.507 -121.781 
35.398 23.690 -119.415 
35.865 23.007 -118.225 
34.759 23.015 -117.190
33.998 23.954 -117.108 
37.145 23.600 -117.649
37.718 22.811 -116.425
37.941 21.289 -116.660 
37.204 20.640 -117.406
38.916 20.717 -115.956 
34.650 21.909 -116.465 
33.679 21.686 -115.402 
33.042 22.903 -114.767
31.840 22.890 -114.514
34.287 20.855 -114.280
35.595 21.357 -113.983 
34.379 19.398 -114.712 
33.832 23.924 -114.447
33.287 25.151 -113.848
32.082 25.712 -114.628
31.134 26.231 -114.034 
34.362 26.220 -113.752 
35.576 25.739 -112.994 
35.559 25.825 -111.740
36.535 25.263 -113.657 
32.126 25.558 -115.954
31.091 26.013 -116.880
29.708 25.420 -116.658
28.758 25.728 -117.400
31.502 25.705 -118.305
32.710 26.496 -118.736
33.162 27.398 -117.985
33.201 26.205 -119.847 
29.600 24.480 -115.730
28.300 23.919 -115.490
27.562 25.098 -114.877 
28.046 25.697 -113.919
28.379 22.686 -114.585
27.056 22.241 -114.269
29.178 22.969 -113.329 
26.507 25.544 -115.553 
25.703 26.686 -115.102
24.437 26.902 -115.954
24.191 26.178 -116.925
26.541 27.929 -115.097 
23.559 27.800 -115.516 
22.349 28.099 -116.299
22.799 29.227 -117.218 
23.477 30.172 -116.782 
21.186 28.592 -115.417
20.299 27.531 -114.769 
19.143 26.731 -115.971 
17.559 27.325 -115.534 
22.539 29.067 -118.507 
22.892 30.076 -119.483 
21.635 30.829 -119.918 
20.649 30.208 -120.354 
23.625 29.422 -120.634 
25.067 29.127 -120.277
25.402 28.061 -119.442 
26.099 29.962 -120.713 
26.719 27.835 -119.039 
27.419 29.749 -120.322 
27.718 28.687 -119.484 
29.021 28.508 -119.098 
21.660 32.151 -119.730 
20.535 33.041 -120.049 
20.901 34.091 -121.055 
22.052 34.524 -121.097 
20.082 33.824 -118.813 
19.529 33.000 -117.696 
18.236 32.490 -117.764 
20.294 32.732 -116.560 
17.719 31.731 -116.718 
19.781 31.973 -115.518 
18.502 31.477 -115.608 
18.044 30.707 -114.589 
19.931 34.505 -121.861 
20.176 35.569 -122.814
19.070 36.547 -122.491 
17.933 36.150 -122.260
20.128 35.093 -124.247 
18.501 34.581 -124.740
19.448 37.806 -122.303 
18.496 38.830 -121.920 
18.619 39.990 -122.874 
19.741 40.347 -123.261 
18.778 39.279 -120.515 
17.493 40.626 -123.196
17.495 41.724 -124.153
18.034 43.036 -123.681
17.662 43.518 -122.634 
16.110 41.970 -124.727 
16.189 42.736 -126.036
14.835 42.997 -126.590 
14.110 43.863 -125.687 
13.273 44.804 -126.084 
13.059 44.991 -127.382 
12.636 45.531 -125.185 
18.871 43.634 -124.507 
19.463 44.923 -124.192 
18.534 46.032 -124.610 
18.116 46.121 -125.760 
20.802 45.085 -124.915 
21.394 46.486 -124.782 
21.801 46.887 -123.647 
21.456 47.177 -125.833 
18.252 46.898 -123.658 
17.376 48.017 -123.883 
18.082 49.305 -123.542 
18.915 49.373 -122.633 
16.108 47.891 -123.051 
15.320 49.170 -122.947 
14.567 49.628 -124.013 
15.340 49.918 -121.795 
13.856 50.810 -123.924 
14.631 51.091 -121.714 
13.893 51.532 -122.783 
17.746 50.319 -124.319 
18.292 51.659 -124.184 
17.138 52.589 -124.424 
16.365 52.399 -125.373 
19.343 51.917 -125.257 
19.967 53.288 -125.175 
21.097 53.517 -124.388 
19.432 54.371 -125.891 
21.673 54.779 -124.312 
20.007 55.644 -125.814 
21.123 55.832 -125.025 
21.713 57.062 -124.914 
16.976 53.530 -123.512 
15.933 54.530 -123.633 
16.519 55.790 -124.287 
17.507 56.351 -123.823 
15.330 54.847 -122.266 
14.380 56.026 -122.309 
13.249 55.911 -122.854 
14.751 57.082 -121.831 
15.871 56.242 -125.357 
16.331 57.407 -126.120 
16.034 58.761 -125.519 
16.696 59.745 -125.852 
15.782 57.328 -127.538 
16.305 56.131 -128.270 
17.649 56.039 -128.630 
15.469 55.077 -128.605 
18.142 54.934 -129.293 
15.946 53.971 -129.264 
17.278 53.909 -129.618 
17.736 52.827 -130.338 
15.095 58.789 -124.585 
14.687 60.035 -123.945 
15.376 60.345 -122.612 
15.531 61.506 -122.235 
13.162 60.028 -123.752 
12.404 59.887 -125.062 
12.497 60.793 -125.903 
11.714 58.850 -125.244 
15.839 59.311 -121.915 
16.496 59.467 -120.627 
17.938 58.984 -120.734 
18.765 59.289 -119.888 
15.747 58.709 -119.534 
16.409 58.920 -118.205 
14.301 59.157 -119.475 
18.229 58.235 -121.780 
19.568 57.767 -122.031 
20.165 56.784 -121.013 
21.172 57.118 -120.381 
20.498 58.949 -122.191 
20.005 59.969 -123.175 
20.324 59.866 -124.529 
19.193 61.020 -122.766 
19.850 60.781 -125.448 
18.714 61.934 -123.671 
19.035 61.816 -125.015 
19.566 55.598 -120.847 
20.091 54.630 -119.912 
19.986 53.233 -120.514 
19.135 53.001 -121.372 
19.387 54.705 -118.573 
17.937 54.304 -118.578 
17.556 52.967 -118.556 
16.935 55.279 -118.596 
16.202 52.606 -118.560 
15.572 54.923 -118.597 
15.220 53.593 -118.582 
13.897 53.242 -118.602 
20.867 52.321 -120.088 
20.865 50.948 -120.582 
20.122 50.084 -119.588 
20.008 50.441 -118.428 
22.283 50.442 -120.712 
23.009 50.960 -121.909 
22.821 50.380 -123.161 
23.908 52.010 -121.799 
23.517 50.828 -124.284 
24.610 52.477 -122.913 
24.411 51.875 -124.148 
25.149 52.288 -125.241 
19.618 48.939 -120.018 
18.920 48.067 -119.102 
18.686 46.731 -119.753 
18.651 46.640 -120.966 
17.609 48.655 -118.697 
18.612 45.687 -118.937 
18.366 44.352 -119.424 
16.930 44.090 -119.070 
16.626 43.800 -117.916 
19.281 43.340 -118.741 
20.662 43.340 -119.315 
21.866 42.362 -118.467 
22.662 43.641 -117.439 
16.038 44.271 -120.034 
14.644 44.033 -119.756 
14.098 42.627 -119.999 
13.521 42.038 -119.066 
13.744 45.102 -120.369 
13.923 45.263 -121.856 
14.759 44.552 -122.453 
13.208 46.117 -122.429 
14.302 42.038 -121.179 
13.737 40.713 -121.378 
14.674 39.588 -121.217 
15.559 39.376 -122.036 
12.953 40.623 -122.672 
11.744 41.470 -122.513 
10.614 40.974 -121.902 
11.788 42.824 -122.800 
9.561 41.812 -121.554 
10.748 43.668 -122.456 
9.636 43.158 -121.839 
8.613 44.010 -121.502 
14.503 38.884 -120.113 
15.349 37.750 -119.837 
14.760 36.503 -120.480 
13.558 36.447 -120.723 
15.517 37.630 -118.324 
16.395 38.739 -117.727 
16.044 40.044 -117.439 
17.760 38.598 -117.322 
17.116 40.704 -116.868 
18.174 39.846 -116.786 
18.666 37.542 -117.363 
19.444 40.050 -116.300 
19.932 37.743 -116.879 
20.313 38.989 -116.351 
15.619 35.573 -120.886 
15.143 34.334 -121.490 
14.693 33.369 -120.412 
14.599 33.743 -119.246 
14.351 32.146 -120.789 
13.927 31.170 -119.789 
15.158 30.468 -119.226 
15.164 30.043 -118.087 
12.940 30.156 -120.366 
13.448 29.402 -121.585 
12.547 28.247 -121.990 
11.834 28.329 -122.994 
12.574 27.154 -121.199 
16.206 30.395 -120.029 
17.430 29.772 -119.593 
17.550 28.355 -120.109 
16.578 27.773 -120.611 
18.765 27.828 -120.047 
19.029 26.466 -120.473 
20.278 25.965 -119.716 
21.342 26.605 -119.748 
19.166 26.383 -122.008 
18.727 25.092 -122.460 
20.594 26.618 -122.450 
20.112 24.847 -119.003 
21.131 24.232 -118.151 
22.225 23.485 -118.890 
21.945 22.647 -119.724 
20.434 23.278 -117.187 
21.303 22.263 -116.754 
23.472 23.729 -118.536 
24.560 23.043 -119.215 
25.523 22.383 -118.215 
26.165 23.061 -117.411 
25.329 24.023 -120.139 
26.617 23.395 -120.653 
24.452 24.455 -121.300 
25.603 21.061 -118.232 
26.501 20.372 -117.324 
27.745 19.900 -118.099 
27.627 19.290 -119.168 
25.777 19.183 -116.608 
25.256 18.263 -117.580 
24.621 19.696 -115.754 
28.928 20.265 -117.613 
30.177 19.864 -118.256 
30.785 18.716 -117.428 
31.412 18.938 -116.379 
31.157 21.033 -118.355 
32.240 20.715 -119.328 
30.439 22.256 -118.803 
30.619 17.494 -117.931 
31.057 16.287 -117.256 
31.529 15.252 -118.260 
30.979 15.129 -119.354 
29.866 15.716 -116.471 
30.100 14.407 -115.985 
32.548 14.503 -117.864 
33.118 13.448 -118.690 
32.627 12.089 -118.211 
33.202 11.067 -118.557 
34.651 13.483 -118.594 
35.077 13.591 -117.248 
31.568 12.073 -117.417
31.071 10.824 -116.883 
30.026 10.104 -117.715 
29.136 10.710 -118.303 
30.570 11.029 -115.464 
30.134 8.783 -117.718 
29.208 7.923 -118.428 
28.035 7.663 -117.482 
28.177 7.750 -116.245 
29.899 6.593 -118.783 
29.029 5.566 -119.539 
29.506 5.343 -120.977 
30.925 4.774 -121.018 
31.432 4.599 -122.423 
26.893 7.329 -118.062 
25.717 7.043 -117.276 
26.094 5.917 -116.330 
26.520 4.866 -116.801 
24.597 6.566 -118.213 
24.240 7.633 -119.095 
23.357 6.091 -117.445 
26.094 6.157 -115.021
26.405 5.070 -114.094 
25.393 4.993 -112.982 
25.238 5.929 -112.212 
27.831 5.165 -113.471 
27.934 6.320 -112.647 
28.888 5.236 -114.545 
24.703 3.840 -112.854 
23.685 3.639 -111.829 
24.299 3.880 -110.450
25.523 3.767 -110.276 
23.329 2.183 -112.007 
24.606 1.601 -112.382 
25.107 2.550 -113.428 
23.456 4.228 -109.468 
23.763 4.516 -108.056 
23.904 3.306 -107.115 
23.100 2.368 -107.186 
22.573 5.366 -107.640 
21.440 4.699 -108.394 
22.030 4.461 -109.756 
24.931 3.296 -106.263 
25.092 2.222 -105.285 
24.253 2.768 -104.138 
24.329 3.960 -103.828 
26.544 2.103 -104.865 
27.012 3.311 -104.339 
23.448 1.915 -103.507 
22.545 2.359 -102.456 
22.766 1.681 -101.122 
22.387 0.518 -100.943 
21.058 2.177 -102.878 
20.136 2.423 -101.719 
20.732 3.122 -103.995 
23.385 2.417 -100.196 
23.648 1.934 -98.841 
22.550 2.341 -97.847 
22.214 3.517 -97.725 
25.001 2.448 -98.373 
26.074 2.296 -99.430 
26.795 1.111 -99.569 
26.448 3.375 -100.232 
27.856 1.019 -100.465 
27.504 3.277 -101.118 
28.211 2.105 -101.224 
29.308 2.060 -102.052 
21.938 1.366 -97.150 
20.883 1.686 -96.185 
21.498 2.373 -94.977 
22.680 2.127 -94.664 
20.360 0.312 -95.805 
21.591 -0.502 -95.819 
22.261 -0.084 -97.094 
20.698 3.199 -94.297 
21.152 3.933 -93.107 
20.242 3.718 -91.905 
19.064 4.069 -91.946 
21.255 5.430 -93.416 
22.282 5.783 -94.479 
22.447 7.290 -94.586 
23.608 5.096 -94.116 
20.777 3.082 -90.862 
20.018 2.827 -89.639 
20.686 3.584 -88.498 
21.898 3.843 -88.543 
19.995 1.343 -89.336 
19.920 3.912 -87.448
20.258 4.628 -86.220
21.574 4.275 -85.517
22.384 5.147 -85.205 
19.067 4.300 -85.336 
17.950 4.242 -86.326 
18.538 3.398 -87.369 
21.733 3.001 -85.185 
22.954 2.545 -84.525 
23.082 2.855 -83.039 
23.214 1.942 -82.207 
23.079 4.144 -82.711 
23.187 4.614 -81.329 
21.778 4.771 -80.745 
21.218 5.870 -80.749 
23.910 5.966 -81.318 
25.006 5.975 -82.230 
21.198 3.674 -80.264 
19.837 3.707 -79.712 
19.693 4.441 -78.378 
19.712 3.823 -77.309 
19.266 2.292 -79.607 
19.523 5.759 -78.456 
19.358 6.595 -77.267 
17.982 6.396 -76.627 
17.768 6.789 -75.478 
19.572 8.071 -77.621 
17.064 5.792 -77.386 
15.688 5.522 -76.947 
14.934 6.798 -76.569 
13.955 6.748 -75.826 
15.661 4.524 -75.769 
16.131 3.102 -76.110 
15.956 2.113 -74.955 
14.982 1.353 -74.908 
16.908 2.110 -74.029 
15.371 7.925 -77.132 
14.782 9.242 -76.863 
13.260 9.300 -76.960 
12.578 9.473 -75.950 
15.350 10.319 -77.820 
16.782 10.259 -77.825 
14.890 11.715 -77.394 
12.733 9.185 -78.177 
11.295 9.249 -78.381 
10.779 8.235 -79.393 
11.553 7.607 -80.114 
10.894 10.660 -78.809 
9.592 11.114 -78.171 
9.593 11.766 -77.121 
8.468 10.767 -78.799 
9.456 8.144 -79.473 
8.744 7.221 -80.347
8.969 7.308 -81.853
8.433 6.477 -82.590
7.240 7.315 -80.070 
6.783 8.646 -80.247 
9.754 8.281 -82.308 
10.012 8.450 -83.745 
11.409 8.054 -84.216 
12.324 8.875 -84.212 
9.722 9.884 -84.176 
8.270 10.249 -84.013 
7.254 8.863 -84.549 
6.586 9.538 -86.110 
11.583 6.801 -84.621 
12.886 6.372 -85.094 
12.975 6.840 -86.533 
11.979 6.789 -87.252 
13.048 4.861 -84.986 
12.015 4.167 -85.846 
14.440 4.478 -85.394 
14.161 7.277 -86.945 
14.369 7.806 -88.292 
15.375 7.024 -89.138 
16.569 7.010 -88.831 
14.867 9.261 -88.218 
13.930 10.046 -87.479 
15.054 9.855 -89.617 
14.897 6.414 -90.221 
15.776 5.648 -91.085 
16.274 6.487 -92.259 
15.656 7.492 -92.606 
15.090 4.383 -91.595 
14.595 3.384 -90.544 
15.407 3.485 -89.242 
13.141 3.673 -90.274
17.383 6.070 -92.864 
17.945 6.807 -93.972 
18.325 5.872 -95.096 
18.301 4.659 -94.894 
18.822 6.426 -96.209 
19.174 5.639 -97.403 
20.088 6.438 -98.318 
19.649 7.371 -98.950 
17.895 5.288 -98.161 
18.082 3.783 -99.145 
21.371 6.119 -98.358 
22.309 6.858 -99.206 
22.321 6.339 -100.652 
22.441 5.137 -100.901 
23.732 6.793 -98.623 
24.836 7.593 -99.321 
24.679 9.048 -98.982 
26.203 7.108 -98.885 
22.153 7.258 -101.596
22.188 6.907 -103.009
23.497 7.475 -103.554 
23.576 8.640 -103.974 
20.984 7.463 -103.778
21.099 7.092 -105.278 
19.700 6.859 -103.226
24.549 6.662 -103.465 
25.860 7.068 -103.907 
26.130 6.991 -105.388 
25.451 6.294 -106.144 
26.960 6.361 -103.117 
27.792 7.358 -102.368 
29.175 6.869 -102.018 
29.160 5.958 -100.790 
30.526 5.398 -100.455 
27.083 7.838 -105.760 
27.592 8.006 -107.118 
26.947 7.536 -108.409 
27.466 6.660 -109.086 
25.873 8.178 -108.809 
25.231 7.799 -110.054 
25.364 9.005 -110.951 
25.888 10.047 -110.552 
23.763 7.490 -109.853 
22.974 8.647 -109.267 
22.494 9.674 -110.078 
22.755 8.752 -107.882 
21.835 10.777 -109.518 
22.088 9.854 -107.323 
21.647 10.852 -108.147 
21.065 11.958 -107.591 
24.858 8.865 -112.160 
24.887 9.914 -113.158 
24.130 9.343 -114.331 
24.363 8.200 -114.731 
26.322 10.247 -113.596 
26.399 11.404 -114.560 
25.799 11.332 -115.808 
27.045 12.579 -114.206 
25.829 12.406 -116.685 
27.088 13.669 -115.079 
26.474 13.581 -116.323 
23.285 10.146 -114.943 
23.001 11.532 -114.604 
21.788 11.614 -113.701 
21.355 10.595 -113.155 
22.689 12.122 -115.943 
21.896 11.011 -116.570 
22.650 9.777 -116.217 
21.274 12.829 -113.493 
20.078 12.994 -112.665 
18.870 12.670 -113.523 
18.974 12.644 -114.728 
19.979 14.403 -112.077 
20.655 14.581 -110.693 
19.735 14.383 -109.480 
19.165 13.281 -109.253 
19.612 15.349 -108.704 
17.738 12.335 -112.918 
17.398 12.184 -111.503 
17.231 10.737 -111.098 
17.090 9.861 -111.945 
16.037 12.823 -111.460 
15.417 12.247 -112.667 
16.494 12.525 -113.689 
17.234 10.496 -109.792 
17.001 9.164 -109.265 
15.614 9.352 -108.626 
15.091 10.475 -108.629 
18.109 8.722 -108.245 
19.367 8.346 -108.999 
18.427 9.823 -107.263 
14.989 8.271 -108.157 
13.659 8.341 -107.543 
13.568 7.518 -106.258 
13.305 6.295 -106.298 
12.593 7.819 -108.517 
12.392 8.777 -109.555 
11.280 7.573 -107.798 
13.761 8.182 -105.116 
13.688 7.467 -103.846 
12.254 7.306 -103.415 
11.408 8.170 -103.662 
14.517 8.102 -102.727 
14.920 7.025 -101.787 
15.756 8.762 -103.278
11.988 6.161 -102.801
10.671 5.785 -102.346
10.844 4.817 -101.176
11.800 4.051 -101.127
9.897 5.099 -103.512
9.814 6.001 -104.623
8.488 4.680 -103.095 
9.913 4.834 -100.236 
10.011 3.927 -99.119 
8.819 3.006 -99.171 
7.699 3.440 -99.425 
10.072 4.723 -97.824 
11.272 5.576 -97.791 
11.503 6.704 -98.526 
12.454 5.335 -97.032 
12.758 7.180 -98.268 
13.364 6.352 -97.355 
12.832 4.355 -96.117 
14.649 6.419 -96.791 
14.094 4.411 -95.555 
14.996 5.439 -95.892 
9.089 1.717 -99.039 
8.070 0.686 -99.090
7.154 0.876 -100.269 
5.935 0.771 -100.182 
7.370 0.540 -97.751 
8.338 0.130 -96.678 
9.221 0.909 -96.316 
8.291 -1.135 -96.271 
7.785 1.234 -101.379 
7.121 1.420 -102.644
5.955 2.404 -102.577 
5.063 2.380 -103.418 
6.675 0.046 -103.129 
7.654 -0.925 -102.756 
6.002 3.303 -101.603 
4.940 4.275 -101.449 
4.103 4.098 -100.191 
3.350 5.002 -99.822 
4.186 2.945 -99.534 
3.405 2.759 -98.324 
3.805 3.843 -97.345 
2.947 4.459 -96.729 
3.601 1.366 -97.729
2.960 0.386 -98.538 
5.097 4.107 -97.211 
5.524 5.175 -96.318 
5.572 6.463 -97.110 
6.169 6.528 -98.184 
6.877 4.887 -95.692 
6.920 3.853 -94.568 
6.461 2.461 -95.054
8.345 3.796 -94.038 
4.901 7.476 -96.583 
4.820 8.791 -97.216 
5.083 9.871 -96.178 
5.759 10.858 -96.434 
3.419 8.990 -97.774 
2.465 8.963 -96.712 
4.492 9.694 -95.009 
4.656 10.633 -93.917 
6.143 10.882 -93.618 
6.855 9.986 -93.153 
3.945 10.088 -92.670 
4.183 8.693 -92.512
6.597 12.093 -93.921
7.977 12.456 -93.674 
8.963 11.597 -94.418
9.726 10.854 -93.821 
8.950 11.703 -95.732
9.864 10.911 -96.521
11.093 11.725 -96.911 
12.066 11.163 -97.437 
9.135 10.229 -97.715 
9.884 10.413 -99.036 
8.955 8.749 -97.409 
11.080 13.011 -96.537 
12.181 13.956 -96.803 
13.294 13.475 -97.753 
14.183 12.720 -97.341 
12.877 14.362 -95.480 
12.002 15.105 -94.525 
11.591 16.403 -94.715 
11.474 14.726 -93.334 
10.864 16.794 -93.673 
10.752 15.818 -92.793 
13.261 13.854 -99.022 
14.353 13.418 -99.889 
15.163 14.604 -100.365 
14.740 15.301 -101.261 
13.874 12.611 -101.107 
13.079 11.488 -100.667 
15.104 12.118 -101.928 
16.358 14.774 -99.818 
17.216 15.908 -100.143 
17.754 15.954 -101.561 
17.575 15.011 -102.329 
18.389 15.989 -99.143 
17.955 15.842 -97.719 
17.522 16.940 -96.984 
17.852 14.582 -97.156 
16.981 16.775 -95.714 
17.312 14.410 -95.899 
16.871 15.506 -95.178 
18.277 17.125 -101.964 
18.854 17.347 -103.290 
20.223 16.696 -103.432 
20.936 16.524 -102.457 
18.925 18.878 -103.393 
18.974 19.323 -101.998 
17.981 18.425 -101.341 
20.554 16.274 -104.641 
21.824 15.631 -104.880 
22.946 16.637 -104.768 
22.709 17.827 -104.855 
21.825 15.002 -106.283 
24.156 16.147 -104.517 
25.343 16.975 -104.441 
26.286 16.402 -105.490 
25.986 15.395 -106.112 
26.009 16.919 -103.047 
25.064 17.439 -102.008 
26.393 15.504 -102.706 
27.469 16.974 -105.615
28.380 16.491 -106.616
29.784 16.127 -106.072 
30.763 16.862 -106.251 
28.413 17.528 -107.723 
28.846 17.152 -109.133 
28.477 15.721 -109.441 
28.210 18.100 -110.125 
29.850 15.016 -105.338 
31.107 14.531 -104.773 
31.817 13.868 -105.951 
31.184 13.205 -106.788 
30.837 13.524 -103.625 
31.969 12.521 -103.286 
33.252 13.160 -102.735 
34.312 13.083 -103.360 
33.171 13.729 -101.533 
33.119 14.089 -106.041 
33.886 13.522 -107.131 
33.299 14.045 -108.444 
33.436 15.231 -108.769 
33.819 11.995 -107.061 
34.226 11.409 -108.283 
32.596 13.181 -109.167 
31.998 13.584 -110.428 
30.619 13.002 -110.646 
30.066 13.089 -111.753 
32.885 13.190 -111.592 
34.037 14.121 -111.758 
33.834 15.177 -112.395 
35.121 13.808 -111.219 
30.056 12.424 -109.595 
28.753 11.832 -109.719 
27.827 12.413 -108.662 
28.278 13.053 -107.718 
28.876 10.325 -109.610 
29.996 9.780 -110.496 
31.046 9.032 -109.675 
29.380 8.895 -111.514 
26.532 12.196 -108.823 
25.554 12.727 -107.897 
25.250 11.878 -106.710 
24.710 10.805 -106.902 
24.254 12.940 -108.637 
24.401 14.023 -109.623 
24.890 15.255 -109.228 
24.085 13.838 -110.957 
25.077 16.270 -110.136 
24.264 14.870 -111.885 
24.750 16.076 -111.449 
24.887 17.116 -112.318 
25.582 12.301 -105.496 
25.178 11.451 -104.375 
23.967 12.139 -103.785 
23.811 13.349 -103.942 
26.288 11.178 -103.339 
26.036 11.897 -102.125 
27.690 11.518 -103.916 
23.082 11.380 -103.158 
21.847 11.940 -102.627 
21.350 11.068 -101.494 
21.721 9.899 -101.421
20.846 11.931 -103.774
19.369 12.194 -103.537
18.709 12.534 -104.839
18.681 11.004 -102.908 
20.477 11.592 -100.642 
19.940 10.778 -99.546 
18.501 11.117 -99.250 
18.037 12.165 -99.644 
20.796 10.889 -98.280 
21.297 12.197 -98.068 
17.800 10.238 -98.551 
16.396 10.427 -98.241 
16.103 9.736 -96.915 
16.642 8.663 -96.660 
15.578 9.792 -99.367 
14.254 9.482 -98.986 
15.221 10.312 -96.093 
14.916 9.716 -94.797 
13.459 9.648 -94.437 
12.722 10.598 -94.632 
15.705 10.388 -93.653 
15.471 11.783 -93.512 
13.033 8.507 -93.921 
11.653 8.332 -93.514 
11.675 8.111 -92.010 
12.597 7.478 -91.478 
10.986 7.111 -94.197 
11.463 5.781 -93.549 
9.479 7.251 -94.130
10.697 8.696 -91.332
10.573 8.583 -89.892
9.358 7.751 -89.586
8.294 7.963 -90.147
10.419 9.962 -89.226 
11.588 10.760 -89.466 
10.243 9.799 -87.746 
9.539 6.786 -88.704 
8.472 5.892 -88.306 
8.508 5.789 -86.784 
9.346 6.440 -86.137 
8.680 4.480 -88.927 
8.520 4.533 -90.440 
10.059 3.942 -88.563 
7.557 5.035 -86.196
7.447 4.812 -84.746
8.323 3.646 -84.274
8.516 2.674 -85.003 
5.969 4.461 -84.568 
5.312 5.095 -85.779 
6.274 4.730 -86.843 
8.806 3.710 -83.040 
9.638 2.638 -82.510 
8.849 1.339 -82.514
9.415 0.245 -82.516 
10.060 2.955 -81.082
10.664 4.230 -81.028 
7.531 1.472 -82.516 
6.646 0.324 -82.538 
6.297 0.055 -83.998 
5.127 -0.073 -84.362 
5.402 0.649 -81.731 
5.777 1.268 -80.512 
7.334 -0.008 -84.827 
7.200 -0.237 -86.265 
8.519 -0.753 -86.815 
8.554 -1.527 -87.768 
6.883 1.090 -87.019 
5.732 1.716 -86.441 
6.616 0.829 -88.497 
9.601 -0.375 -86.155 
10.924 -0.752 -86.593 
11.745 -1.126 -85.369 
11.734 -0.395 -84.375 
11.559 0.439 -87.315 
12.813 0.083 -87.953 
12.972 -0.572 -89.132 
14.106 0.261 -87.416 
14.294 -0.827 -89.353
15.014 -0.316 -88.315 
14.589 0.860 -86.262 
16.371 -0.320 -88.097 
15.945 0.865 -86.043 
16.821 0.283 -86.954 
12.443 -2.286 -85.412 
12.528 -3.271 -86.500 
11.307 -4.188 -86.700 
11.328 -5.069 -87.561 
13.766 -4.093 -86.108 
14.552 -3.177 -85.254 
13.477 -2.589 -84.405 
10.265 -3.998 -85.894 
9.043 -4.818 -85.973 
8.649 -5.148 -87.408 
8.505 -6.316 -87.781 
7.869 -4.094 -85.302 
8.218 -3.601 -84.021 
8.467 -4.098 -88.199 
8.082 -4.219 -89.596 
9.265 -3.829 -90.455 
10.228 -3.230 -89.971 
6.898 -3.306 -89.909 
5.816 -3.340 -88.841 
5.543 -4.748 -88.306 
5.464 -5.707 -89.111 
5.424 -4.900 -87.068 
9.202 -4.197 -91.726 
10.275 -3.890 -92.651
9.989 -2.550 -93.316
8.851 -2.287 -93.715
10.408 -4.989 -93.732
10.582 -6.260 -93.096 
11.600 -4.726 -94.620 
11.002 -1.684 -93.346 
10.913 -0.371 -93.974 
11.940 -0.501 -95.072 
13.140 -0.630 -94.788 
11.343 0.773 -93.025 
11.298 2.100 -93.743 
10.452 0.817 -91.786 
11.475 -0.596 -96.313 
12.398 -0.745 -97.435 
12.522 0.509 -98.285 
11.580 1.282 -98.449 
12.072 -1.943 -98.330 
11.603 -3.041 -97.524 
13.328 -2.381 -99.053 
13.717 0.669 -98.830 
14.143 1.797 -99.637 
14.121 1.437 -101.138 
14.574 0.361 -101.512 
15.547 2.124 -99.180 
16.294 3.473 -100.076 
13.637 2.319 -101.999 
13.576 1.994 -103.421 
14.208 3.089 -104.267 
13.739 4.220 -104.246 
12.124 1.791 -103.880 
11.243 1.299 -102.753 
10.236 1.945 -102.440 
11.616 0.201 -102.110 
15.240 2.752 -105.044 
15.915 3.740 -105.851 
15.930 3.423 -107.339 
16.834 2.747 -107.821 
17.357 3.965 -105.344 
18.011 5.151 -106.068 
17.325 4.218 -103.843 
14.939 3.933 -108.070 
14.876 3.718 -109.521 
15.660 4.833 -110.183 
15.485 6.003 -109.843 
13.450 3.745 -110.003 
16.576 4.466 -111.065 
17.394 5.448 -111.792 
17.270 5.211 -113.283 
18.200 4.685 -113.923 
18.851 5.351 -111.396
19.745 6.213 -112.238
21.008 5.850 -112.637
19.572 7.492 -112.681
21.560 6.896 -113.279
20.725 7.914 -113.338
16.235 5.774 -113.883 
15.817 5.772 -115.288 
16.930 5.728 -116.348 
16.965 4.866 -117.215 
15.027 7.048 -115.410 
14.511 7.265 -114.029
15.696 6.984 -113.218 
17.835 6.689 -116.274 
18.913 6.785 -117.238 
19.728 5.519 -117.433 
20.322 5.318 -118.499 
19.835 7.898 -116.859 
19.839 4.706 -116.382 
20.603 3.477 -116.464 
19.721 2.304 -116.094 
20.191 1.347 -115.490 
21.805 3.556 -115.534 
21.365 3.751 -114.211 
18.436 2.428 -116.403 
17.434 1.400 -116.136 
17.558 0.476 -114.931 
16.922 -0.575 -114.894 
17.225 0.576 -117.387 
16.547 1.387 -118.322 
18.351 0.873 -113.944 
18.545 0.060 -112.764 
17.622 0.559 -111.703 
17.399 1.762 -111.603 
19.975 0.177 -112.283 
20.426 1.508 -112.541 
20.880 -0.808 -113.035 
17.067 -0.363 -110.928 
16.155 -0.032 -109.853
16.432 -0.977 -108.680 
16.071 -2.152 -108.708 
14.732 -0.162 -110.387 
13.612 -0.155 -109.372 
12.303 -0.394 -110.142 
12.401 -1.639 -111.051 
11.587 -1.562 -112.303 
17.166 -0.461 -107.700 
17.552 -1.184 -106.499 
16.616 -0.949 -105.322 
16.199 0.181 -105.091 
18.919 -0.688 -106.048 
19.298 -1.318 -104.740 
19.951 -0.960 -107.110 
16.313 -2.000 -104.566 
15.487 -1.892 -103.382 
16.487 -2.326 -102.324 
17.324 -3.172 -102.590 
14.313 -2.859 -103.428 
13.383 -2.615 -104.628 
13.126 -1.444 -104.969 
12.917 -3.606 -105.239 
16.436 -1.744 -101.139 
17.393 -2.101 -100.098 
16.648 -2.005 -98.751 
16.056 -0.974 -98.431 
18.574 -1.119 -100.193 
19.959 -1.656 -99.875 
20.652 -2.325 -101.061 
22.174 -2.528 -100.797 
22.579 -3.045 -99.399 
16.550 -3.123 -98.043 
15.851 -3.210 -96.766 
16.796 -2.698 -95.713 
17.929 -3.166 -95.611 
15.458 -4.684 -96.530 
15.347 -5.181 -95.078 
16.046 -6.542 -94.944 
15.428 -7.449 -93.891 
14.112 -7.953 -94.355 
16.365 -1.691 -94.965 
17.228 -1.133 -93.918 
17.152 -1.935 -92.588 
16.134 -1.943 -91.900 
17.017 0.430 -93.796 
17.578 0.956 -92.488 
15.589 0.823 -93.938 
19.023 0.575 -92.296 
18.199 -2.703 -92.285 
18.204 -3.496 -91.054 
18.695 -2.659 -89.909 
19.379 -1.663 -90.128 
19.159 -4.716 -91.113 
18.765 -5.650 -92.253 
20.611 -4.248 -91.239 
18.362 -3.052 -88.680 
18.781 -2.347 -87.473 
20.212 -2.712 -87.122 
20.658 -3.797 -87.555 
17.794 -2.856 -86.427
17.585 -4.239 -86.835
17.421 -4.133 -88.341
20.875 -1.892 -86.455
