12.2
7.8
2.5
7.2
12.5
15.7
1.2
6.4
9.7
8.3
4.6
1.0
11.7
11.3
1.9
2.6
0.5
4.0
6.5
33.4
43.0
1.4
0.9
0.5
6.5
0.9
3.4
3.8
1.3
2.8
0.7
4.9
6.5
6.7
37.8
4.1
3.1
1.9
10.4
3.0
3.3
0.2
1.8
6.1
3.8
4.4
0.6
3.5
6.9
14.6
2.6
3.8
12.9
4.0
7.5
0.9
5.6      
47.1     
41.4      
3.0     
2.8    
0.7     
12.8      
25.2      
1.2       
1.7      
0.9      
2.6       
4.8      
3.8      
20.3       
14.4      
2.6      
2.2      
0.8      
15.7      
7.0      
8.0       
49.9      
0.9       
1.5       
0.2      
2.2       
2.5      
4.1       
8.6
0.9
2.2
0.5
3.2
14.3
12.1
0.6
4.0
1.2
14.3
22.2
19.0
10.8
3.0
23.7
2.2
12.5
2.3
4.4
0.6
3.8
6.8
11.5
6.9
13.0
38.7
3.6
2.4
1.1
16.5
7.8
13.4
20.7
1.5
2.1
0.4
2.3
2.4
13.7
9.0
2.0
1.7
0.5
8.9
5.8
10.7
15.6
0.9
0.8
0.6
2.8
2.8
1.4
9.0
6.4
1.2
1.4
0.3
4.3
3.8
8.3
19.7
0.9
0.9
0.3
3.1
3.6
4.9
1.2
2.2
0.6
3.4
7.1
10.8
23.8
9.5
4.7
45.3
44.6
2.1
2.2
0.7
7.6
7.2
4.2
1.6
6.2
2.0
16.9
21.8
8.6
2.5
5.4
1.8
29.2
7.8
6.4
38.0
4.0
27.1
2.5
7.7
5.9
6.7
1.0
10.4
36.2
1.6
1.3
0.7
6.1
1.3
7.9
4.9
2.0
3.1
0.5
3.7
7.9
12.6
24.0
2.7
3.5
0.5
4.3
13.9
27.7
47.2
1.5
3.3
0.3
3.7
23.8
35.1
0.5
0.6
0.2
1.9
2.7
0.5
4.8
13.4
0.9
1.1
0.3
3.6
2.4
0.2
2.3
1.2
6.3
3.2
1.2
20.6
1.5  
2.1    
0.2      
2.5    
13.0      
0.8      
1.0      
0.3       
2.7      
4.8     
0.7       
8.6       
10.2      
0.9       
1.2       
0.3     
3.4      
4.0     
0.4     
4.6      
0.7     
4.8      
0.5      
1.6     
2.5    
3.0
3.0
1.0
1.0
0.2
2.6
1.4
4.3
8.2
0.6
0.9
0.3
2.9
2.4
3.5
1.1
10.2
14.0
0.8
0.7
0.2
3.7
1.7
2.8
1.0
3.8
6.1
0.7
2.8
0.8
4.6
6.8
7.9
9.9
19.0
16.0
1.2
7.9
1.7
7.5
30.8
36.7
16.8
3.9
4.5
1.0
8.6
23.8
13.5
34.6
37.8
0.9
1.0
0.4
6.9
3.8
0.6
5.7
11.6
19.5
18.5
0.7
1.7
1.2
4.5
8.4
8.0
50.5
38.8
2.1
1.5
0.9
10.3
3.6
0.2
1.5
0.9
10.3
3.6
0.2
1.5
1.8
1.9
2.5
2.5
1.2
3.1
0.4
3.1
6.5
19.7
28.1
4.4
15.8
1.3
10.7
0.6
0.8
0.8
2.8
2.1
0.8
7.4
5.4
1.0
0.8
0.3
4.6
1.0
2.0
2.9
4.6
2.2
11.2
0.2
3.2
0.8
8.0
0.4
6.8
0.5
1.6
0.3
4.6
3.9
5.8
14.2
0.7
1.2
0.8
10.3
9.9
2.5
22.4
17.1
0.9
2.3
1.1
5.0
7.6
2.0
9.7
36.4
2.6
2.5
1.5
13.2
7.7
3.3
2.2
2.2
0.8
12.7
29.9
1.7
5.1
0.9
3.4
16.8
1.4
9.6
2.1
13.7
38.4
42.9
28.1
7.8
34.0
3.1
14.9
1.0
1.6
0.9
5.9
0.6
3.2
5.1
0.6
4.2
0.5
2.1
11.5
18.9
8.3
3.8
5.6
0.8
6.6
55.2
2.4
2.7
0.4
3.1
5.3
3.3
3.7
1.9
0.3
12.9
10.7
0.8
0.9
0.5
4.5
2.7
0.2
1.2
2.9
2.9
4.3
4.7
1.2
4.5
0.5
4.0
23.9
24.4
3.0
10.0
0.9
10.4
1.1
4.0
0.6
3.4
23.0
10.4
2.3
1.3
1.6
14.0
9.1
3.0
8.4
21.2
0.8
2.7
1.3
6.2
3.6
12.4
35.6
29.0
7.9
31.8
3.1
14.6
2.8
4.4
0.8
5.0
21.3
8.1
19.2
28.0
0.9
1.2
0.2
2.7
3.4
3.4
8.9
21.9
34.7
1.3
2.0
0.3
3.1
11.5
1.5
1.7
0.2
3.6
9.0
0.6
0.3
0.5
2.3
1.6
0.7
4.5
6.2
0.7
1.0
0.2
3.3
3.8
9.5
15.9
0.5
0.4
0.2
2.0
1.1
3.0
4.1
7.6
0.7
1.9
0.7
14.7
7.5
14.2
48.4
2.1
16.6
1.0
8.5
1.3
2.3
0.4
4.7
9.1
1.2
1.5
0.4
2.4
3.8
10.8
3.9
13.8
49.2
1.9
3.0
0.6
6.3
12.4
25.5
35.7
2.4
3.6
0.6
11.0
14.3
8.8
6.8
32.0
21.9
1.1
1.4
0.5
4.2
3.9
0.7
5.0
2.8
1.6
1.8
0.8
9.8
6.9
8.6
4.7
12.0
19.6
1.9
1.9
0.2
1.8
6.8
0.7
0.4
0.1
1.6
1.0
6.1
4.5
14.3
0.7
1.0
0.3
3.6
4.4
0.4
2.0
3.4
3.1
4.5
0.6
3.8
0.9
1.1
0.3
2.6
3.6
0.3
2.1
1.8
4.0
3.0
4.6
0.8
0.6
0.2
2.5
3.1
4.4
1.1
1.1
0.2
2.6
7.2
0.5
0.2
0.2
1.5
1.2
0.7
5.1
5.2
0.3
0.4
0.2
3.3
1.7
0.2
3.8
0.2
5.6
0.4
0.8
4.0
2.8
4.2
0.8
2.5
0.6
4.9
8.3
0.6
7.1
1.5
7.2
2.0
0.6
3.7
1.7
4.0
0.4
6.1
35.8
38.0
0.6
0.9
0.3
3.8
5.1
0.8
5.0
18.8
0.3
0.9
0.1
1.8
4.3
0.6
6.0
5.6
21.1
12.6
0.7
0.8
0.4
6.6
2.8
0.3
4.0
0.5
5.5
0.8
1.2
3.7
2.6
3.3
0.7
1.4
0.3
2.0
1.1
7.2
5.1
2.0
1.9
0.6
8.1
5.7
0.5
2.9
3.0
4.1
5.6
6.4
1.5
9.1
0.8
7.3
3.4
32.5
2.4
16.1
1.6
8.1
0.4
5.9
0.5
0.9
0.2
2.6
1.5
3.0
5.3
0.6
1.5
0.2
3.0
8.2
10.8
10.2
19.3
24.9
0.4
0.3
0.5
2.8
1.6
0.7
4.7
6.9
0.7
1.2
0.1
2.2
3.2
10.3
15.3
0.7
0.5
0.3
5.5
0.7
3.6
3.7
0.8
1.4
1.7
10.0
6.8
3.4
13.5
13.3
4.3
28.7
5.5
28.9
2.5
6.6
2.5
7.6
10.2
6.2
0.8
6.6
10.5
1.5
8.7
1.2
5.2
33.6
42.0
23.2
3.0
3.1
1.0
14.6
13.3
6.3
14.9
33.7
50.4
0.9
2.7
0.4
2.2
9.0
11.9
2.9
6.3
1.3
8.4
34.1
29.6
0.5
1.7
1.0
12.3
4.8
10.0
6.0
1.5
6.0
0.7
3.8
25.1
23.2
2.6
1.2
0.7
8.6
1.3
4.8
5.7
1.1
2.0
0.2
2.5
3.9
12.5
16.6
1.3
0.8
1.2
8.9
2.5
0.6
3.7
3.2
0.9
1.8
0.8
3.6
3.7
0.3
2.3
2.2
3.0
3.9
4.5
0.7
4.5
2.1
10.2
14.4
17.6
8.3
0.5
2.5
1.3
10.2
4.2
7.5
3.9
2.1
3.0
0.4
1.7
7.5
3.6
2.4
4.3
0.3
2.3
34.5
21.8
1.3
1.6
0.1
2.9
5.9
13.7
3.5
6.3
18.6
0.6
0.6
0.1
1.8
1.6
2.8
0.7
3.8
3.8
0.2
0.3
0.5
3.7
2.6
0.7
8.4
6.0
1.3
3.3
0.7
13.8
10.1
14.7
8.9
21.7
43.6
1.5
3.5
0.7
10.6
9.1
7.0
48.7
0.9
1.9
0.8
8.9
19.1
5.2
25.7
36.2
0.7
1.4
0.2
3.1
6.4
12.0
26.1
42.7
26.1
1.1
1.4
0.2
2.6
5.9
1.0
1.1
0.3
5.9
3.0
6.8
10.8
0.7
0.5
0.5
2.3
2.0
0.8
5.5
4.0
0.8
0.9
0.2
2.1
1.7
8.9
9.1
0.8
0.7
0.3
3.4
3.1
5.3
1.1
1.1
0.2
3.4
3.0
7.3
11.6
0.5
0.4
0.2
2.0
0.9
2.9
3.6
7.7
0.6
0.5
0.1
2.2
1.6
5.7
8.5
0.5
0.6
0.2
3.6
6.9
2.0
6.6
11.4
0.4
0.3
0.1
1.2
1.3
0.1
0.7
0.9
1.2
1.6
2.0
0.4
0.6
0.2
2.6
1.3
0.1
1.5
1.2
4.6
2.5
0.8
6.8
0.2
2.2
0.2
2.7
10.3
13.5
5.6
1.3
8.5
0.9
13.0
0.6
2.3
0.7
3.8
7.1
36.2
42.6
2.1
1.4
1.3
15.2
1.2
4.3
9.5
1.8
4.0
0.4
2.8
8.5
26.1
30.1
2.3
1.4
0.9
11.1
2.6
7.0
10.3
1.5
2.6
7.0
10.3
1.5
2.6
0.5
2.7
12.7
8.3
27.8
30.7
1.5
1.2
0.3
4.9
4.2
0.4
4.5
0.4
3.9
0.4
1.2
2.3
3.1
3.1
0.5
0.9
0.1
3.0
2.9
3.1
7.4
12.7
15.1
0.4
0.5
0.2
2.8
1.4
6.4
9.7
0.8
2.7
1.5
16.3
10.7
1.7
4.4
9.8
3.6
23.4
1.4
10.8
1.0
3.9
0.5
2.3
7.7
9.6
48.9
0.8
4.2
1.3
14.2
26.8
37.5
22.8
1.4
1.9
1.1
9.4
1.5
8.5
6.9
3.2
5.6
2.2
23.7
15.0
25.3
51.9
2.9
6.0
1.5
5.8
24.0
23.3
9.4
43.1
41.8
7.0
18.5
0.8
4.2
3.5
1.8
3.0
11.6
2.8
7.1
7.7
28.5
2.3
3.7
0.4
3.2
10.1
17.0
11.1
25.6
31.3
2.6
2.2
1.0
15.9
5.6
9.6
13.9
1.6
3.5
0.9
6.8
3.1
3.9
8.4
3.8
7.2
2.4
6.9
19.1
25.7
8.6
29.7
49.4
1.1
3.1
1.2
14.9
8.5
13.6
15.8
1.3
4.5
0.5
2.1
19.6
14.8
2.2
2.4
0.7
13.0
12.4
6.5
4.3
5.5
5.4
0.9
1.8
1.0
5.7
1.7
2.1
0.2
1.3
7.4
4.5
11.7
1.9
12.1
50.6
25.4
2.5
3.7
0.9
7.5
14.9
0.9
2.6
19.3
0.5
0.7
0.2
3.0
9.5
3.4
16.6
40.6
0.3
0.5
0.0
1.3
1.3
2.6
6.6
19.9
30.5
0.3
0.3
0.1
1.2
1.0
0.1
1.0
1.5
3.3
5.4
1.3
14.0
1.1
0.5
0.7
2.3
1.5
2.3
4.4
9.2
0.9
1.6
0.2
2.0
8.9
1.1
1.4
0.3
2.9
6.5
3.9
0.7
1.1
0.2
2.4
6.3
3.5
1.0
1.1
0.2
2.4
6.3
3.5
1.0
1.1
0.2
2.9
5.9
0.7
4.6
3.5
5.9
4.6
1.0
5.4
0.4
0.2
0.4
1.8
1.2
0.6
4.4
6.1
0.7
1.4
0.7
12.6
5.3
9.1
21.3
1.3
1.6
0.9
3.1
4.3
1.1
3.5
10.2
2.0
1.4
0.1
1.8
5.7
10.2
40.6
0.9
1.4
0.2
1.5
12.4
1.2
1.9
0.3
2.6
10.1
9.6
25.5
14.4
7.3
40.7
57.1
0.8
1.4
0.1
2.2
12.8
0.3
0.6
0.2
3.3
2.0
0.4
6.0
0.9
9.2
1.8
2.5
13.3
6.2
10.4
0.8
2.4
0.8
14.6
9.6
12.9
6.0
16.9
24.1
1.1
2.9
1.4
13.0
5.5
14.8
18.4
5.8
3.3
43.6
39.6
0.9
2.3
1.0
11.8
3.6
0.5
6.3
5.6
20.2
13.1
2.7
7.5
1.0
7.2
35.7
28.2
1.7
2.6
0.3
2.5
20.4
12.5
1.3
1.3
0.3
3.5
4.3
0.5
3.1
3.2
4.9
3.2
0.6
3.1
1.1
1.6
0.2
2.0
7.4
5.9
0.6
0.5
0.2
2.5
3.1
5.7
0.8
1.1
0.3
2.9
3.4
4.2
1.6
12.3
22.1
0.5
0.6
0.2
2.3
1.1
6.7
6.9
0.6
1.2
0.3
5.1
4.2
6.6
22.9
0.8
1.9
0.8
6.9
5.8
0.3
1.8
3.4
2.5
2.8
3.5
6.8
2.0
19.9
11.4
8.0
3.8
14.5
20.1
8.8
39.8
4.1
20.1
1.5
4.5
0.5
3.2
20.8
2.6
14.0
18.0
35.1
22.2
1.4
1.4
0.5
9.0
4.7
13.6
13.8
1.0
2.1
0.4
2.8
4.0
19.8
26.0
2.5
1.5
0.7
12.6
3.8
12.2
4.4
6.6
30.5
1.2
3.6
0.5
3.4
4.9
4.6
13.3
19.0
35.1
3.3
3.5
1.6
17.8
16.6
24.7
1.7
2.2
1.8
4.8
6.8
1.2
6.4
7.8
4.8
6.4
4.1
27.2
30.7
31.8
30.7