testcases=3
nfsft=1
nfft=1
cutoff=3
fpt=1
threshold=1.000000e+03
testmode=0
gridtype=0
testfunction=1
repetitions=1
mode=0
bandwidths=2
16 16
32 32


0.024148302868547931454568100662
0.055459529373987133393786308488
0.085036148317179163780288320140
0.111883847193403884734408393342
0.135136368468525447372741155050
0.154045761076810394651914748465
0.168004102156449897087497902248
0.176562705366992644950840940510
0.179446470356206533303122796497
0.176562705366992644950840940510
0.168004102156449897087497902248
0.154045761076810394651914748465
0.135136368468525447372741155050
0.111883847193403884734408393342
0.085036148317179163780288320140
0.055459529373987133393786308488
0.024148302868547931454568100662

0.021867872517185239084058778758
0.050195855139357897778396022659
0.078691039281386376824656281315
0.107223872365252256844136979907
0.135770824783899402010689527742
0.164324411574724438267480763898
0.192881461704887263719498946557
0.221440333046589832299844147201
0.250000000000000000000000000000
0.278559666953410167700155852799
0.307118538295112764036076669072
0.335675588425275617243670467360
0.364229175216100653500461703516
0.392776127634747729278075212278
0.421308960718613623175343718685
0.449804144860642129977179592970
0.478132127482814750507600365381


0.006606227847587484679203750915
0.015321701512934696523537958512
0.023915548101749450893294124398
0.032300358632328871055783281463
0.040401541331669621470723541279
0.048147742818711682100119020333
0.055470846631663503489839683880
0.062306482530317411350218037569
0.068594572818656829316097400806
0.074279854843954107312953283326
0.079312364794886736074630562143
0.083647876067038787195606630576
0.087248287618844302948595270664
0.090081958660638547509158513549
0.092123986643316849165508131136
0.093356426065596062602303106814
0.093768446160209989459488610919
0.093356426065596062602303106814
0.092123986643316849165508131136
0.090081958660638547509158513549
0.087248287618844302948595270664
0.083647876067038787195606630576
0.079312364794886736074630562143
0.074279854843954107312953283326
0.068594572818656829316097400806
0.062306482530317411350218037569
0.055470846631663503489839683880
0.048147742818711682100119020333
0.040401541331669621470723541279
0.032300358632328871055783281463
0.023915548101749450893294124398
0.015321701512934696523537958512
0.006606227847587484679203750915

0.011424646629589122262538047892
0.026224329716335245676894771805
0.041111409496705275667949308627
0.056018231215834990432966833396
0.070932535986010208928220777125
0.085850455629256680611938179482
0.100770388669267227377268625332
0.115691552534641750593635833866
0.130613518882987722502520000489
0.145536032750858829176721087606
0.160458932010607013829428524332
0.175382107696440303623575118763
0.190305482843150408633903225564
0.205229000420828450179655533248
0.220152616025452413373031390620
0.235076293166748051532977115130
0.250000000000000000000000000000
0.264923706833251948467022884870
0.279847383974547614382544225009
0.294770999579171577575920082381
0.309694517156849591366096774436
0.324617892303559696376424881237
0.339541067989393041681722706926
0.354463967249141254090005759281
0.369386481117012333008631230769
0.384308447465358304917515397392
0.399229611330732814256094798111
0.414149544370743361021425243962
0.429067464013989818827354838504
0.443981768784165065078184397862
0.458888590503294724332050691373
0.473775670283664795956468651639
0.488575353370410914166654947621
nfsft=1
nfft=1
cutoff=6
fpt=1
threshold=1.000000e+03
testmode=0
gridtype=0
testfunction=1
repetitions=1
mode=0
bandwidths=2
16 16
32 32


0.024148302868547931454568100662
0.055459529373987133393786308488
0.085036148317179163780288320140
0.111883847193403884734408393342
0.135136368468525447372741155050
0.154045761076810394651914748465
0.168004102156449897087497902248
0.176562705366992644950840940510
0.179446470356206533303122796497
0.176562705366992644950840940510
0.168004102156449897087497902248
0.154045761076810394651914748465
0.135136368468525447372741155050
0.111883847193403884734408393342
0.085036148317179163780288320140
0.055459529373987133393786308488
0.024148302868547931454568100662

0.021867872517185239084058778758
0.050195855139357897778396022659
0.078691039281386376824656281315
0.107223872365252256844136979907
0.135770824783899402010689527742
0.164324411574724438267480763898
0.192881461704887263719498946557
0.221440333046589832299844147201
0.250000000000000000000000000000
0.278559666953410167700155852799
0.307118538295112764036076669072
0.335675588425275617243670467360
0.364229175216100653500461703516
0.392776127634747729278075212278
0.421308960718613623175343718685
0.449804144860642129977179592970
0.478132127482814750507600365381


0.006606227847587484679203750915
0.015321701512934696523537958512
0.023915548101749450893294124398
0.032300358632328871055783281463
0.040401541331669621470723541279
0.048147742818711682100119020333
0.055470846631663503489839683880
0.062306482530317411350218037569
0.068594572818656829316097400806
0.074279854843954107312953283326
0.079312364794886736074630562143
0.083647876067038787195606630576
0.087248287618844302948595270664
0.090081958660638547509158513549
0.092123986643316849165508131136
0.093356426065596062602303106814
0.093768446160209989459488610919
0.093356426065596062602303106814
0.092123986643316849165508131136
0.090081958660638547509158513549
0.087248287618844302948595270664
0.083647876067038787195606630576
0.079312364794886736074630562143
0.074279854843954107312953283326
0.068594572818656829316097400806
0.062306482530317411350218037569
0.055470846631663503489839683880
0.048147742818711682100119020333
0.040401541331669621470723541279
0.032300358632328871055783281463
0.023915548101749450893294124398
0.015321701512934696523537958512
0.006606227847587484679203750915

0.011424646629589122262538047892
0.026224329716335245676894771805
0.041111409496705275667949308627
0.056018231215834990432966833396
0.070932535986010208928220777125
0.085850455629256680611938179482
0.100770388669267227377268625332
0.115691552534641750593635833866
0.130613518882987722502520000489
0.145536032750858829176721087606
0.160458932010607013829428524332
0.175382107696440303623575118763
0.190305482843150408633903225564
0.205229000420828450179655533248
0.220152616025452413373031390620
0.235076293166748051532977115130
0.250000000000000000000000000000
0.264923706833251948467022884870
0.279847383974547614382544225009
0.294770999579171577575920082381
0.309694517156849591366096774436
0.324617892303559696376424881237
0.339541067989393041681722706926
0.354463967249141254090005759281
0.369386481117012333008631230769
0.384308447465358304917515397392
0.399229611330732814256094798111
0.414149544370743361021425243962
0.429067464013989818827354838504
0.443981768784165065078184397862
0.458888590503294724332050691373
0.473775670283664795956468651639
0.488575353370410914166654947621
nfsft=0
testmode=0
gridtype=0
testfunction=1
repetitions=1
mode=0
bandwidths=2
16 16
32 32


0.024148302868547931454568100662
0.055459529373987133393786308488
0.085036148317179163780288320140
0.111883847193403884734408393342
0.135136368468525447372741155050
0.154045761076810394651914748465
0.168004102156449897087497902248
0.176562705366992644950840940510
0.179446470356206533303122796497
0.176562705366992644950840940510
0.168004102156449897087497902248
0.154045761076810394651914748465
0.135136368468525447372741155050
0.111883847193403884734408393342
0.085036148317179163780288320140
0.055459529373987133393786308488
0.024148302868547931454568100662

0.021867872517185239084058778758
0.050195855139357897778396022659
0.078691039281386376824656281315
0.107223872365252256844136979907
0.135770824783899402010689527742
0.164324411574724438267480763898
0.192881461704887263719498946557
0.221440333046589832299844147201
0.250000000000000000000000000000
0.278559666953410167700155852799
0.307118538295112764036076669072
0.335675588425275617243670467360
0.364229175216100653500461703516
0.392776127634747729278075212278
0.421308960718613623175343718685
0.449804144860642129977179592970
0.478132127482814750507600365381


0.006606227847587484679203750915
0.015321701512934696523537958512
0.023915548101749450893294124398
0.032300358632328871055783281463
0.040401541331669621470723541279
0.048147742818711682100119020333
0.055470846631663503489839683880
0.062306482530317411350218037569
0.068594572818656829316097400806
0.074279854843954107312953283326
0.079312364794886736074630562143
0.083647876067038787195606630576
0.087248287618844302948595270664
0.090081958660638547509158513549
0.092123986643316849165508131136
0.093356426065596062602303106814
0.093768446160209989459488610919
0.093356426065596062602303106814
0.092123986643316849165508131136
0.090081958660638547509158513549
0.087248287618844302948595270664
0.083647876067038787195606630576
0.079312364794886736074630562143
0.074279854843954107312953283326
0.068594572818656829316097400806
0.062306482530317411350218037569
0.055470846631663503489839683880
0.048147742818711682100119020333
0.040401541331669621470723541279
0.032300358632328871055783281463
0.023915548101749450893294124398
0.015321701512934696523537958512
0.006606227847587484679203750915

0.011424646629589122262538047892
0.026224329716335245676894771805
0.041111409496705275667949308627
0.056018231215834990432966833396
0.070932535986010208928220777125
0.085850455629256680611938179482
0.100770388669267227377268625332
0.115691552534641750593635833866
0.130613518882987722502520000489
0.145536032750858829176721087606
0.160458932010607013829428524332
0.175382107696440303623575118763
0.190305482843150408633903225564
0.205229000420828450179655533248
0.220152616025452413373031390620
0.235076293166748051532977115130
0.250000000000000000000000000000
0.264923706833251948467022884870
0.279847383974547614382544225009
0.294770999579171577575920082381
0.309694517156849591366096774436
0.324617892303559696376424881237
0.339541067989393041681722706926
0.354463967249141254090005759281
0.369386481117012333008631230769
0.384308447465358304917515397392
0.399229611330732814256094798111
0.414149544370743361021425243962
0.429067464013989818827354838504
0.443981768784165065078184397862
0.458888590503294724332050691373
0.473775670283664795956468651639
0.488575353370410914166654947621
