Polefigures
# This grid has been created by the data creator.
# h_phi_count = 10, h_theta_count = 10

100
-3.14159 0
-2.51327 0
-1.88496 0
-1.25664 0
-0.628319 0
0 0
0.628319 0
1.25664 0
1.88496 0
2.51327 0
-3.14159 0.349066
-2.51327 0.349066
-1.88496 0.349066
-1.25664 0.349066
-0.628319 0.349066
0 0.349066
0.628319 0.349066
1.25664 0.349066
1.88496 0.349066
2.51327 0.349066
-3.14159 0.698132
-2.51327 0.698132
-1.88496 0.698132
-1.25664 0.698132
-0.628319 0.698132
0 0.698132
0.628319 0.698132
1.25664 0.698132
1.88496 0.698132
2.51327 0.698132
-3.14159 1.0472
-2.51327 1.0472
-1.88496 1.0472
-1.25664 1.0472
-0.628319 1.0472
0 1.0472
0.628319 1.0472
1.25664 1.0472
1.88496 1.0472
2.51327 1.0472
-3.14159 1.39626
-2.51327 1.39626
-1.88496 1.39626
-1.25664 1.39626
-0.628319 1.39626
0 1.39626
0.628319 1.39626
1.25664 1.39626
1.88496 1.39626
2.51327 1.39626
-3.14159 1.74533
-2.51327 1.74533
-1.88496 1.74533
-1.25664 1.74533
-0.628319 1.74533
0 1.74533
0.628319 1.74533
1.25664 1.74533
1.88496 1.74533
2.51327 1.74533
-3.14159 2.0944
-2.51327 2.0944
-1.88496 2.0944
-1.25664 2.0944
-0.628319 2.0944
0 2.0944
0.628319 2.0944
1.25664 2.0944
1.88496 2.0944
2.51327 2.0944
-3.14159 2.44346
-2.51327 2.44346
-1.88496 2.44346
-1.25664 2.44346
-0.628319 2.44346
0 2.44346
0.628319 2.44346
1.25664 2.44346
1.88496 2.44346
2.51327 2.44346
-3.14159 2.79253
-2.51327 2.79253
-1.88496 2.79253
-1.25664 2.79253
-0.628319 2.79253
0 2.79253
0.628319 2.79253
1.25664 2.79253
1.88496 2.79253
2.51327 2.79253
-3.14159 3.14159
-2.51327 3.14159
-1.88496 3.14159
-1.25664 3.14159
-0.628319 3.14159
0 3.14159
0.628319 3.14159
1.25664 3.14159
1.88496 3.14159
2.51327 3.14159
